-443800.850,-1172418.420,352.930
-443801.200,-1172417.540,352.800
-443800.830,-1172416.630,352.870
-443799.630,-1172412.460,353.300
-443797.110,-1172415.920,354.190
-443776.340,-1172419.550,353.480
-443785.090,-1172423.550,350.270
-443784.890,-1172419.250,350.270
-443784.640,-1172418.980,350.250
-443784.760,-1172418.670,350.270
-443796.800,-1172399.110,351.880
-443802.280,-1172381.860,348.230
-443796.480,-1172395.790,351.920
-443802.240,-1172381.100,348.260
-443744.660,-1172389.870,349.260
-443760.690,-1172396.550,349.750
-443707.380,-1172401.650,352.260
-443706.370,-1172402.180,352.500
-443706.660,-1172402.230,352.480
-443838.860,-1172318.970,348.960
-443838.840,-1172317.740,348.910
-443838.480,-1172317.500,349.000
-443834.630,-1172322.230,349.560
-443834.720,-1172321.280,349.420
-443834.470,-1172320.660,349.510
-443834.590,-1172319.300,349.480
-443834.480,-1172318.530,349.480
-443729.680,-1172291.300,354.740
-443721.740,-1172332.000,352.610
-443721.870,-1172331.700,352.590
-443726.810,-1172319.350,354.620
-443723.000,-1172329.850,352.350
-443723.120,-1172329.560,352.270
-443722.840,-1172332.130,352.410
-443723.210,-1172331.230,352.340
-443747.850,-1172337.640,352.780
-443754.360,-1172330.410,355.040
-443720.160,-1172341.870,352.960
-443720.270,-1172341.600,352.910
-443719.480,-1172342.490,353.030
-443719.240,-1172341.110,353.080
-443720.320,-1172342.090,352.890
-443718.470,-1172336.220,353.200
-443719.360,-1172340.820,353.030
-443719.480,-1172340.520,353.030
-443719.070,-1172340.900,353.130
-443719.190,-1172340.620,353.120
-443719.550,-1172339.720,353.050
-443721.020,-1172331.810,352.730
-443719.530,-1172334.460,353.000
-443720.540,-1172331.080,352.810
-443718.310,-1172334.490,353.170
-443718.790,-1172333.290,353.060
-443718.910,-1172333.000,353.010
-443719.030,-1172332.700,353.020
-443720.340,-1172329.440,352.800
-443717.980,-1172331.140,353.110
-443733.920,-1172423.330,361.770
-443734.020,-1172423.660,361.710
-443734.210,-1172424.910,361.640
-443734.420,-1172427.560,361.570
-443734.580,-1172430.700,361.450
-443734.260,-1172435.030,361.820
-443734.810,-1172434.870,361.320
-443770.880,-1172428.470,361.800
-443826.680,-1172343.230,370.690
-443826.400,-1172346.830,371.120
-443826.930,-1172350.810,370.690
-443852.210,-1172431.200,373.840
-443851.830,-1172419.260,373.800
-443850.050,-1172418.930,374.180
-443849.790,-1172418.890,374.310
-443849.510,-1172413.960,374.200
-443850.340,-1172407.070,373.720
-443843.340,-1172418.710,377.410
-443840.670,-1172422.370,374.180
-443844.880,-1172407.510,374.750
-443839.990,-1172419.910,377.450
-443840.820,-1172415.130,374.300
-443839.390,-1172417.190,377.500
-443850.660,-1172387.460,374.750
-443848.810,-1172386.590,374.280
-443850.770,-1172380.780,373.380
-443848.570,-1172385.170,374.310
-443831.780,-1172420.330,377.610
-443841.710,-1172382.320,377.470
-443842.060,-1172381.410,377.510
-443841.110,-1172382.860,380.690
-443835.470,-1172388.270,374.350
-443835.050,-1172386.780,374.760
-443840.570,-1172357.390,370.360
-443834.530,-1172372.080,374.750
-443839.620,-1172357.090,370.410
-443839.500,-1172355.800,371.120
-443839.630,-1172354.100,370.390
-443840.500,-1172347.230,370.360
-443839.110,-1172347.550,370.410
-443839.300,-1172341.090,370.440
-443838.860,-1172343.430,370.490
-443838.980,-1172343.150,370.420
-443839.920,-1172338.920,370.420
-443839.960,-1172336.620,370.410
-443840.190,-1172336.020,370.320
-443838.680,-1172334.810,370.480
-443827.480,-1172363.330,370.730
-443827.310,-1172359.920,370.740
-443826.810,-1172360.000,371.130
-443827.080,-1172357.640,370.710
-443827.200,-1172357.330,370.680
-443725.820,-1172292.760,356.140
-443756.440,-1172293.440,359.250
-443756.900,-1172295.030,359.220
-443773.670,-1172318.450,357.310
-443838.680,-1172332.690,370.420
-443838.810,-1172332.380,370.410
-443714.620,-1172317.990,360.440
-443714.580,-1172335.770,360.780
-443797.090,-1172415.750,354.220
-443797.140,-1172417.580,354.250
-443801.220,-1172415.070,352.750
-443798.900,-1172418.870,353.660
-443798.980,-1172420.610,353.630
-443799.390,-1172419.920,353.480
-443800.500,-1172422.580,353.300
-443801.560,-1172422.970,352.780
-443797.240,-1172404.030,351.940
-443770.720,-1172419.390,353.830
-443784.820,-1172423.070,350.280
-443784.740,-1172421.060,350.300
-443794.920,-1172379.970,351.940
-443795.690,-1172387.110,351.950
-443807.640,-1172377.740,348.340
-443707.180,-1172402.000,352.370
-443706.460,-1172402.610,352.490
-443706.950,-1172401.610,352.320
-443706.450,-1172401.030,352.500
-443834.660,-1172322.140,349.510
-443834.580,-1172321.340,349.500
-443838.500,-1172317.530,349.020
-443834.520,-1172320.070,349.480
-443758.170,-1172330.720,353.300
-443747.330,-1172336.910,352.850
-443743.610,-1172331.920,352.960
-443722.820,-1172331.750,352.440
-443723.180,-1172330.960,352.370
-443722.920,-1172330.510,352.430
-443722.200,-1172331.110,352.500
-443722.990,-1172329.590,352.410
-443722.670,-1172329.530,352.460
-443721.210,-1172341.510,352.770
-443721.480,-1172340.720,352.710
-443719.150,-1172340.700,353.120
-443719.190,-1172332.440,352.990
-443718.940,-1172332.660,353.040
-443717.620,-1172332.530,353.210
-443717.970,-1172331.190,353.140
-443721.050,-1172329.650,352.720
-443718.230,-1172330.080,353.080
-443826.670,-1172342.960,370.720
-443826.820,-1172345.910,370.710
-443734.230,-1172425.450,361.650
-443734.470,-1172430.350,361.490
-443839.210,-1172342.780,370.450
-443733.950,-1172435.210,361.880
-443831.750,-1172354.040,370.620
-443827.400,-1172363.480,370.760
-443826.920,-1172363.890,371.140
-443831.560,-1172361.250,370.880
-443840.430,-1172356.530,370.410
-443839.560,-1172362.430,370.470
-443839.700,-1172362.740,370.440
-443835.090,-1172372.970,374.320
-443834.800,-1172375.740,374.730
-443834.780,-1172380.750,374.790
-443851.940,-1172428.420,358.070
-443851.360,-1172428.270,373.810
-443849.660,-1172417.790,374.320
-443839.170,-1172416.660,377.610
-443849.030,-1172405.960,374.190
-443848.730,-1172397.490,374.270
-443835.980,-1172406.210,374.190
-443848.710,-1172393.180,374.250
-443848.620,-1172385.700,374.390
-443848.320,-1172384.840,374.450
-443835.810,-1172391.190,374.280
-443840.090,-1172384.910,374.280
-443841.680,-1172380.450,377.480
-443849.480,-1172373.240,374.930
-443837.270,-1172381.290,377.630
-443725.310,-1172292.250,356.340
-443725.960,-1172292.730,356.150
-443724.530,-1172293.330,356.670
-443722.080,-1172296.560,357.820
-443756.710,-1172293.230,359.220
-443756.980,-1172293.780,359.170
-443756.740,-1172293.980,359.250
-443765.590,-1172293.020,359.160
-443773.740,-1172318.500,357.360
-443789.700,-1172315.000,361.580
-443789.970,-1172315.370,361.580
-443838.700,-1172331.820,370.480
-443698.280,-1172292.060,357.030
-443715.970,-1172330.790,360.570
-443715.440,-1172331.510,360.830
-443714.630,-1172335.780,360.810
-443715.930,-1172336.000,360.750
-443797.000,-1172415.710,354.230
-443797.010,-1172417.230,354.190
-443797.270,-1172419.130,354.220
-443798.720,-1172419.970,353.770
-443800.680,-1172414.910,352.980
-443800.550,-1172415.250,353.030
-443800.230,-1172419.000,353.260
-443800.000,-1172422.110,353.360
-443800.300,-1172422.470,353.250
-443827.500,-1172439.530,351.460
-443785.010,-1172423.580,350.320
-443795.270,-1172383.790,351.860
-443802.100,-1172381.560,348.270
-443796.660,-1172399.150,351.980
-443840.140,-1172357.840,354.440
-443840.530,-1172358.210,354.330
-443744.650,-1172390.040,349.190
-443838.940,-1172319.030,348.960
-443729.910,-1172292.010,354.810
-443730.420,-1172291.690,354.610
-443722.270,-1172328.820,352.450
-443722.680,-1172329.320,352.440
-443722.040,-1172331.190,352.590
-443727.070,-1172318.690,354.600
-443723.440,-1172330.520,352.290
-443723.390,-1172332.440,352.320
-443727.570,-1172324.070,352.680
-443746.430,-1172333.320,352.930
-443746.440,-1172332.640,352.810
-443721.890,-1172331.570,352.570
-443721.460,-1172333.720,352.630
-443719.310,-1172342.340,353.060
-443718.460,-1172336.210,353.200
-443721.020,-1172331.860,352.700
-443720.690,-1172333.300,352.820
-443721.700,-1172331.700,352.630
-443851.870,-1172431.390,360.900
-443852.350,-1172431.560,373.740
-443850.720,-1172428.660,374.120
-443851.120,-1172428.700,374.720
-443850.990,-1172418.050,374.660
-443849.670,-1172417.630,374.320
-443851.580,-1172400.080,374.200
-443849.080,-1172403.840,374.200
-443849.110,-1172400.860,374.200
-443842.770,-1172415.220,376.270
-443840.380,-1172420.330,377.410
-443836.580,-1172430.670,374.800
-443848.590,-1172388.640,374.320
-443851.220,-1172380.040,365.370
-443835.710,-1172400.620,374.690
-443841.900,-1172381.460,377.460
-443841.580,-1172380.910,377.530
-443835.390,-1172380.450,374.310
-443840.410,-1172365.350,368.470
-443834.780,-1172377.830,374.820
-443840.450,-1172357.140,365.580
-443840.330,-1172357.470,365.630
-443840.500,-1172357.060,370.410
-443839.500,-1172359.710,370.550
-443839.520,-1172355.510,370.440
-443839.240,-1172344.790,370.480
-443839.220,-1172342.290,371.080
-443840.110,-1172336.660,370.400
-443827.550,-1172366.100,370.770
-443831.880,-1172354.810,370.620
-443826.850,-1172356.800,371.130
-443826.570,-1172335.410,370.730
-443734.260,-1172433.630,361.830
-443733.940,-1172423.280,361.770
-443838.690,-1172332.760,370.560
-443756.900,-1172293.940,359.160
-443756.480,-1172293.510,359.290
-443756.600,-1172291.410,359.180
-443726.020,-1172292.840,356.140
-443725.080,-1172291.450,356.460
-443722.850,-1172293.040,357.280
-443722.580,-1172292.350,357.410
-443716.060,-1172332.340,360.710
-443715.910,-1172330.840,360.690
-443719.290,-1172319.400,359.070
-443708.660,-1172322.140,362.210
-443801.400,-1172423.300,352.840
-443801.150,-1172423.530,347.780
-443800.000,-1172422.240,353.310
-443800.160,-1172421.710,353.240
-443799.590,-1172421.310,353.390
-443800.720,-1172418.500,353.000
-443800.940,-1172416.300,352.880
-443799.840,-1172416.480,353.290
-443789.360,-1172425.360,347.540
-443784.970,-1172423.450,350.290
-443784.970,-1172423.050,350.280
-443785.450,-1172420.300,349.950
-443839.630,-1172340.150,351.580
-443839.640,-1172340.140,348.740
-443795.260,-1172383.780,351.910
-443795.550,-1172385.700,351.910
-443796.080,-1172392.490,351.910
-443840.180,-1172353.890,348.770
-443796.620,-1172397.360,351.900
-443840.090,-1172358.210,354.370
-443840.630,-1172358.210,354.250
-443796.910,-1172399.330,351.940
-443838.720,-1172319.650,348.970
-443838.580,-1172317.510,349.010
-443834.550,-1172320.100,349.480
-443801.840,-1172329.150,351.370
-443772.790,-1172322.800,352.080
-443750.820,-1172337.550,352.220
-443747.280,-1172337.070,352.820
-443746.280,-1172333.770,352.900
-443730.130,-1172291.530,354.650
-443727.490,-1172318.950,354.480
-443727.270,-1172324.210,352.720
-443727.560,-1172323.950,352.710
-443722.130,-1172331.170,352.520
-443721.770,-1172331.850,352.600
-443723.310,-1172330.440,352.260
-443723.080,-1172332.900,352.390
-443719.160,-1172342.420,353.070
-443720.330,-1172341.810,352.870
-443721.190,-1172333.620,352.670
-443718.440,-1172334.560,353.180
-443720.420,-1172331.260,352.790
-443717.730,-1172332.570,353.220
-443718.940,-1172330.670,352.970
-443719.230,-1172330.410,352.950
-443852.120,-1172431.340,360.800
-443851.240,-1172429.360,374.550
-443851.290,-1172425.340,371.040
-443851.050,-1172423.100,373.830
-443843.610,-1172427.010,374.140
-443851.810,-1172419.440,373.730
-443850.930,-1172416.080,373.780
-443843.500,-1172419.480,374.120
-443840.280,-1172421.950,374.180
-443839.250,-1172420.930,377.430
-443840.090,-1172420.180,377.490
-443840.410,-1172420.330,377.250
-443843.140,-1172416.540,377.370
-443839.590,-1172417.960,377.360
-443835.870,-1172418.450,377.580
-443848.930,-1172401.720,374.180
-443849.060,-1172401.200,374.120
-443849.030,-1172400.270,374.130
-443848.790,-1172398.530,374.270
-443836.210,-1172410.080,374.180
-443849.930,-1172387.600,374.920
-443835.770,-1172394.550,374.300
-443851.080,-1172379.870,365.320
-443835.680,-1172392.200,374.300
-443850.770,-1172377.210,371.410
-443841.530,-1172381.080,377.490
-443841.420,-1172377.920,374.190
-443837.160,-1172381.360,377.690
-443840.270,-1172365.300,368.440
-443839.590,-1172362.720,370.520
-443840.130,-1172358.180,362.760
-443840.090,-1172357.510,365.620
-443839.560,-1172353.870,370.390
-443840.010,-1172352.890,357.170
-443839.380,-1172351.900,370.430
-443826.810,-1172363.230,371.140
-443827.480,-1172360.000,370.690
-443827.350,-1172359.680,370.710
-443839.830,-1172347.510,368.460
-443827.210,-1172356.300,370.690
-443826.700,-1172354.950,371.110
-443839.240,-1172342.780,370.420
-443826.460,-1172351.600,371.100
-443734.380,-1172428.140,361.530
-443826.950,-1172342.300,370.710
-443734.150,-1172425.400,361.680
-443734.290,-1172425.850,361.610
-443733.700,-1172424.800,361.790
-443734.210,-1172424.340,361.650
-443826.580,-1172335.170,370.660
-443808.360,-1172306.890,357.750
-443793.530,-1172313.020,361.110
-443756.750,-1172293.490,359.250
-443756.410,-1172292.810,359.240
-443744.250,-1172296.070,358.110
-443716.510,-1172335.910,360.670
-443802.170,-1172437.890,351.530
-443801.120,-1172423.500,347.730
-443798.720,-1172413.280,353.660
-443801.050,-1172418.900,352.850
-443784.640,-1172420.950,350.240
-443785.040,-1172422.590,350.220
-443784.910,-1172422.940,350.240
-443802.260,-1172380.930,348.300
-443797.070,-1172401.740,351.950
-443807.450,-1172378.730,348.360
-443707.470,-1172401.620,352.210
-443707.090,-1172402.650,352.320
-443706.570,-1172401.950,352.430
-443722.190,-1172330.180,352.540
-443723.240,-1172329.990,352.310
-443723.160,-1172329.600,352.390
-443747.940,-1172325.990,351.310
-443747.860,-1172337.620,352.840
-443748.700,-1172335.860,352.730
-443721.720,-1172340.250,352.610
-443719.690,-1172339.110,353.060
-443719.190,-1172340.470,353.150
-443719.060,-1172340.830,353.190
-443720.540,-1172339.760,352.870
-443718.660,-1172335.330,353.130
-443718.360,-1172334.650,353.220
-443851.890,-1172431.440,360.830
-443849.160,-1172430.250,374.210
-443849.710,-1172419.680,375.980
-443849.450,-1172413.860,374.170
-443849.480,-1172411.330,374.190
-443842.980,-1172418.700,377.490
-443849.000,-1172401.200,374.110
-443840.420,-1172421.550,374.240
-443848.900,-1172398.640,374.360
-443848.520,-1172388.540,374.200
-443836.520,-1172415.270,374.150
-443836.200,-1172411.050,374.210
-443841.660,-1172382.700,377.560
-443841.670,-1172380.870,377.490
-443839.990,-1172385.260,377.390
-443840.130,-1172384.870,374.270
-443841.700,-1172380.180,377.570
-443835.710,-1172391.490,374.310
-443840.620,-1172364.900,370.420
-443839.700,-1172363.330,370.380
-443833.910,-1172371.750,368.250
-443840.410,-1172347.210,370.350
-443827.530,-1172365.410,370.760
-443826.760,-1172363.430,371.120
-443827.060,-1172357.680,370.680
-443827.300,-1172356.390,370.770
-443826.440,-1172348.030,371.160
-443734.080,-1172434.740,361.830
-443733.850,-1172429.400,361.780
-443826.650,-1172332.490,370.750
-443826.210,-1172334.450,371.120
-443812.890,-1172309.050,358.830
-443756.610,-1172293.880,359.170
-443756.600,-1172290.870,359.140
-443743.960,-1172296.090,358.140
-443739.000,-1172293.060,359.720
-443727.320,-1172291.530,355.670
-443714.650,-1172335.580,360.780
-443715.590,-1172331.330,360.720
-443715.380,-1172327.820,360.720
-443711.150,-1172333.700,361.050
-443835.550,-1172409.280,348.600
-443835.350,-1172405.600,351.440
-443835.150,-1172405.520,351.410
-443835.160,-1172401.460,354.230
-443800.040,-1172422.110,353.340
-443800.800,-1172418.590,353.000
-443797.660,-1172419.830,354.090
-443798.870,-1172418.840,353.670
-443800.990,-1172416.530,352.910
-443798.360,-1172417.830,353.820
-443797.740,-1172417.950,354.060
-443797.140,-1172417.580,354.310
-443798.170,-1172415.860,353.860
-443800.280,-1172414.140,353.090
-443797.010,-1172415.460,354.300
-443798.250,-1172413.690,353.810
-443800.940,-1172411.030,352.860
-443784.960,-1172422.950,350.280
-443835.140,-1172398.670,354.270
-443834.060,-1172392.610,346.650
-443807.650,-1172377.690,348.390
-443796.200,-1172392.290,351.940
-443796.760,-1172399.250,351.980
-443706.430,-1172403.510,352.510
-443706.590,-1172402.130,352.490
-443707.150,-1172401.670,352.350
-443834.670,-1172321.200,349.490
-443838.600,-1172317.490,349.050
-443834.450,-1172319.570,349.520
-443729.450,-1172291.980,354.910
-443729.690,-1172291.350,354.790
-443723.110,-1172330.230,352.400
-443721.910,-1172332.440,352.670
-443746.530,-1172333.360,352.970
-443746.490,-1172333.820,352.930
-443748.710,-1172335.900,352.760
-443770.430,-1172321.820,352.560
-443721.350,-1172341.520,352.740
-443719.770,-1172340.760,353.010
-443719.730,-1172341.410,353.060
-443720.770,-1172341.080,352.860
-443721.660,-1172340.330,352.670
-443720.390,-1172341.900,352.950
-443721.820,-1172340.690,352.680
-443719.470,-1172338.650,353.070
-443719.650,-1172339.160,353.040
-443719.170,-1172340.760,353.140
-443719.440,-1172340.530,353.090
-443718.810,-1172333.350,353.070
-443721.130,-1172331.380,352.700
-443720.970,-1172329.680,352.740
-443849.150,-1172413.190,374.340
-443843.140,-1172416.410,377.450
-443839.530,-1172417.040,377.430
-443839.230,-1172416.350,377.360
-443846.690,-1172407.680,374.290
-443850.250,-1172404.370,374.750
-443842.050,-1172407.520,374.810
-443836.290,-1172409.400,374.170
-443835.870,-1172405.770,374.840
-443836.030,-1172404.310,374.230
-443834.980,-1172401.610,371.040
-443834.490,-1172401.500,357.290
-443834.830,-1172401.210,371.090
-443848.480,-1172388.080,374.260
-443848.520,-1172387.680,374.300
-443848.750,-1172386.060,374.330
-443835.760,-1172397.090,374.360
-443835.500,-1172396.930,374.810
-443835.780,-1172391.200,374.320
-443851.200,-1172376.470,373.430
-443835.570,-1172388.250,374.370
-443841.910,-1172381.500,377.430
-443841.730,-1172381.150,377.570
-443841.820,-1172379.800,377.430
-443841.630,-1172378.630,377.550
-443834.400,-1172376.490,362.680
-443833.970,-1172376.400,362.650
-443835.150,-1172372.910,374.330
-443826.820,-1172365.160,371.150
-443827.420,-1172363.200,370.720
-443826.940,-1172362.520,371.140
-443827.500,-1172361.430,370.750
-443734.280,-1172435.270,361.840
-443826.770,-1172358.460,371.180
-443827.150,-1172357.690,370.720
-443734.280,-1172433.650,361.830
-443827.230,-1172356.510,370.720
-443734.760,-1172432.690,361.410
-443827.000,-1172349.920,370.710
-443734.150,-1172425.380,361.660
-443826.690,-1172342.370,370.740
-443826.470,-1172334.910,370.730
-443826.600,-1172335.080,370.700
-443826.010,-1172332.420,371.180
-443826.620,-1172332.550,370.730
-443840.730,-1172307.520,356.170
-443765.550,-1172293.010,359.100
-443756.420,-1172292.840,359.260
-443756.650,-1172291.580,359.120
-443744.230,-1172296.080,358.120
-443724.520,-1172293.340,356.690
-443714.670,-1172335.580,360.820
-443716.040,-1172332.220,360.750
-443714.580,-1172331.960,360.840
-443715.490,-1172329.600,360.750
