-443770.990,-1172321.900,355.430
-443835.690,-1172338.560,371.340
-443782.720,-1172320.040,357.380
-443801.190,-1172424.260,350.270
-443709.510,-1172396.750,355.100
-443782.760,-1172320.240,357.300
-443782.970,-1172320.200,357.280
-443830.940,-1172421.630,348.290
-443830.830,-1172421.930,348.150
-443740.250,-1172411.820,347.770
-443744.610,-1172411.540,347.820
-443735.650,-1172437.520,353.910
-443737.190,-1172437.040,354.550
-443737.080,-1172437.320,354.450
-443741.090,-1172437.360,353.880
-443742.730,-1172437.350,353.900
-443744.550,-1172437.290,347.500
-443748.130,-1172437.050,353.860
-443755.520,-1172436.600,353.970
-443762.130,-1172435.950,354.510
-443774.520,-1172425.420,352.950
-443775.450,-1172425.330,352.980
-443794.760,-1172423.630,346.770
-443794.650,-1172423.930,346.680
-443840.980,-1172313.010,349.910
-443841.160,-1172313.120,349.830
-443832.110,-1172314.110,347.330
-443831.270,-1172314.200,347.970
-443793.160,-1172291.410,350.960
-443793.090,-1172291.600,350.540
-443742.540,-1172325.810,352.170
-443742.750,-1172325.250,352.530
-443742.630,-1172325.570,352.450
-443743.840,-1172325.660,352.260
-443746.810,-1172325.310,351.200
-443747.480,-1172324.860,351.300
-443747.360,-1172325.180,351.230
-443748.230,-1172325.220,354.000
-443760.170,-1172295.520,350.650
-443750.520,-1172324.580,354.100
-443764.230,-1172294.780,353.900
-443759.110,-1172322.300,350.670
-443757.210,-1172336.920,352.700
-443757.780,-1172336.640,352.590
-443760.220,-1172336.390,352.040
-443767.640,-1172321.650,350.920
-443708.980,-1172337.220,352.290
-443707.900,-1172337.500,355.400
-443717.440,-1172299.840,351.830
-443717.670,-1172299.960,351.650
-443846.390,-1172432.370,373.720
-443844.370,-1172432.720,366.040
-443841.280,-1172432.880,368.900
-443844.690,-1172415.020,374.370
-443838.200,-1172417.910,377.600
-443832.710,-1172421.810,371.860
-443838.050,-1172367.150,370.150
-443832.860,-1172367.030,370.020
-443761.750,-1172437.060,360.750
-443759.760,-1172437.320,360.690
-443751.530,-1172436.890,356.650
-443747.170,-1172437.790,360.980
-443747.190,-1172437.720,360.750
-443742.540,-1172437.960,360.760
-443740.860,-1172438.070,361.040
-443740.890,-1172437.980,360.720
-443736.420,-1172438.290,360.760
-443798.140,-1172318.100,355.730
-443783.870,-1172319.760,357.020
-443783.580,-1172319.800,357.030
-443708.260,-1172337.700,360.010
-443815.850,-1172433.270,352.240
-443801.290,-1172424.040,351.510
-443791.520,-1172424.270,347.710
-443735.800,-1172437.540,353.980
-443742.820,-1172437.260,353.870
-443747.870,-1172436.990,354.000
-443755.960,-1172436.580,354.240
-443761.750,-1172436.340,353.990
-443762.150,-1172436.010,354.510
-443827.300,-1172382.290,350.790
-443841.710,-1172313.090,349.270
-443841.330,-1172312.960,349.500
-443831.510,-1172314.150,347.830
-443786.460,-1172320.780,350.250
-443788.940,-1172291.950,350.530
-443793.080,-1172291.430,350.940
-443801.270,-1172290.440,354.070
-443720.190,-1172299.540,351.930
-443739.570,-1172326.120,352.020
-443742.550,-1172325.490,352.550
-443743.700,-1172325.650,351.840
-443748.160,-1172325.120,353.900
-443768.160,-1172321.500,350.940
-443846.180,-1172432.410,373.950
-443836.900,-1172421.600,377.160
-443830.270,-1172421.730,365.310
-443837.370,-1172385.220,358.340
-443767.850,-1172436.910,360.780
-443762.070,-1172437.080,360.800
-443761.420,-1172437.080,361.080
-443838.130,-1172367.130,370.190
-443742.610,-1172437.990,360.750
-443741.800,-1172438.100,360.720
-443708.710,-1172337.570,360.060
