-443851.230,-1172299.230,348.220
-443850.700,-1172301.270,349.280
-443851.320,-1172299.700,348.520
-443851.440,-1172299.400,348.380
-443852.140,-1172301.250,349.310
-443804.530,-1172434.040,350.290
-443806.150,-1172433.910,350.360
-443807.460,-1172433.640,350.320
-443807.660,-1172433.730,350.370
-443809.050,-1172433.650,350.360
-443809.940,-1172433.650,349.400
-443810.410,-1172433.820,350.450
-443813.140,-1172434.160,351.570
-443813.370,-1172433.590,350.370
-443814.240,-1172433.580,349.400
-443818.370,-1172433.180,350.340
-443800.570,-1172410.090,352.810
-443800.070,-1172410.360,352.850
-443799.350,-1172410.210,352.800
-443799.470,-1172409.920,352.590
-443799.970,-1172409.910,352.640
-443798.070,-1172412.460,353.390
-443798.540,-1172411.270,353.120
-443798.900,-1172410.340,352.820
-443797.520,-1172412.170,353.430
-443797.100,-1172413.840,354.010
-443797.220,-1172413.540,353.860
-443797.340,-1172413.230,353.730
-443798.050,-1172411.440,353.130
-443798.520,-1172410.240,352.790
-443796.530,-1172412.780,353.600
-443797.000,-1172411.570,353.180
-443797.110,-1172411.290,353.090
-443797.600,-1172410.060,352.720
-443796.480,-1172413.700,353.920
-443796.600,-1172413.410,353.800
-443796.710,-1172413.110,353.680
-443797.750,-1172410.470,352.830
-443795.980,-1172413.210,353.760
-443796.100,-1172412.910,353.660
-443796.220,-1172412.600,353.530
-443796.570,-1172411.720,353.280
-443796.690,-1172411.400,353.140
-443795.320,-1172412.780,353.570
-443795.440,-1172412.480,353.460
-443795.540,-1172412.210,353.350
-443796.020,-1172411.000,352.970
-443796.380,-1172410.100,352.710
-443794.810,-1172411.080,353.080
-443794.920,-1172410.810,352.910
-443794.760,-1172412.060,353.340
-443794.880,-1172411.750,353.210
-443795.000,-1172411.450,353.120
-443795.100,-1172411.180,352.950
-443795.950,-1172410.090,352.700
-443793.590,-1172411.300,353.100
-443793.830,-1172410.690,352.860
-443794.410,-1172411.030,352.970
-443794.530,-1172410.730,352.880
-443793.560,-1172410.570,352.820
-443735.730,-1172423.250,347.530
-443770.760,-1172409.570,349.360
-443771.100,-1172409.560,349.330
-443771.330,-1172409.680,349.430
-443772.240,-1172409.230,349.280
-443771.110,-1172425.170,353.760
-443790.790,-1172417.680,349.800
-443790.320,-1172417.600,349.780
-443792.700,-1172410.500,352.790
-443792.810,-1172410.210,352.730
-443788.210,-1172417.780,349.850
-443826.080,-1172363.340,347.350
-443732.510,-1172387.950,349.100
-443848.390,-1172301.460,349.290
-443849.120,-1172299.620,348.380
-443850.180,-1172299.050,348.150
-443850.360,-1172301.430,349.310
-443847.540,-1172301.430,349.270
-443847.910,-1172300.510,348.790
-443802.580,-1172330.690,350.230
-443799.120,-1172324.110,350.970
-443798.810,-1172324.010,350.920
-443743.250,-1172331.640,352.840
-443750.660,-1172313.040,351.330
-443750.770,-1172312.750,351.290
-443743.720,-1172335.810,353.160
-443745.450,-1172332.250,352.830
-443744.750,-1172338.470,353.140
-443718.920,-1172328.790,352.640
-443707.610,-1172292.350,354.310
-443706.930,-1172292.220,354.400
-443735.190,-1172438.460,361.820
-443735.670,-1172438.330,361.790
-443738.930,-1172438.100,361.780
-443740.360,-1172437.750,361.410
-443741.200,-1172437.660,361.410
-443742.420,-1172437.580,361.420
-443744.340,-1172438.090,361.820
-443747.340,-1172437.790,361.810
-443749.450,-1172437.190,361.400
-443748.730,-1172437.840,361.880
-443749.990,-1172437.630,361.740
-443751.490,-1172437.580,361.780
-443754.200,-1172437.060,361.400
-443754.650,-1172437.460,361.810
-443754.230,-1172437.660,361.820
-443754.450,-1172437.090,361.430
-443756.410,-1172437.020,361.440
-443756.850,-1172436.890,361.410
-443759.980,-1172436.940,361.440
-443760.440,-1172436.640,361.370
-443763.670,-1172436.550,361.370
-443765.830,-1172436.580,361.410
-443766.420,-1172437.060,361.850
-443768.570,-1172436.440,361.440
-443844.750,-1172421.270,374.800
-443847.190,-1172415.070,374.260
-443840.430,-1172432.260,374.720
-443846.940,-1172415.000,374.210
-443837.440,-1172432.610,374.740
-443847.290,-1172406.490,374.230
-443843.680,-1172415.660,374.890
-443846.640,-1172406.260,374.150
-443844.760,-1172406.990,374.730
-443844.380,-1172406.930,374.100
-443846.750,-1172399.260,374.310
-443839.830,-1172415.020,374.260
-443840.400,-1172413.570,374.770
-443839.440,-1172414.890,374.210
-443832.280,-1172418.150,369.870
-443831.520,-1172418.910,377.550
-443843.810,-1172384.900,374.280
-443836.320,-1172381.660,374.290
-443834.340,-1172379.870,373.820
-443836.840,-1172366.890,371.100
-443836.950,-1172366.610,370.750
-443836.740,-1172355.680,370.610
-443836.060,-1172337.610,370.590
-443707.070,-1172395.470,359.660
-443707.100,-1172396.090,359.860
-443707.580,-1172395.700,359.720
-443706.810,-1172398.120,360.390
-443708.430,-1172395.170,359.570
-443707.510,-1172399.250,360.750
-443708.670,-1172396.340,359.920
-443708.730,-1172396.960,360.080
-443710.360,-1172395.110,359.510
-443708.870,-1172397.830,360.330
-443709.450,-1172396.390,359.890
-443710.600,-1172395.430,359.630
-443710.710,-1172395.150,359.570
-443709.630,-1172398.560,360.530
-443710.340,-1172396.780,360.030
-443711.050,-1172395.010,359.470
-443712.230,-1172395.180,359.550
-443712.420,-1172397.620,360.260
-443712.170,-1172400.320,360.990
-443718.790,-1172290.950,355.920
-443718.290,-1172293.130,357.180
-443721.000,-1172293.790,357.860
-443723.840,-1172295.760,357.050
-443720.660,-1172315.520,357.540
-443720.950,-1172315.990,357.820
-443730.370,-1172316.330,359.700
-443733.710,-1172314.570,358.770
-443734.190,-1172313.380,358.000
-443735.270,-1172313.240,358.010
-443733.040,-1172319.610,361.990
-443735.580,-1172313.320,357.990
-443735.690,-1172313.030,358.010
-443736.940,-1172313.300,358.030
-443736.290,-1172318.380,361.380
-443742.170,-1172317.000,360.990
-443744.800,-1172312.390,358.090
-443747.610,-1172312.330,358.340
-443748.580,-1172313.180,359.010
-443749.370,-1172312.230,358.390
-443766.330,-1172294.090,358.860
-443767.170,-1172293.930,358.810
-443767.870,-1172294.360,359.150
-443772.160,-1172293.850,359.100
-443765.220,-1172313.090,360.040
-443767.660,-1172320.350,358.100
-443781.800,-1172314.120,361.090
-443785.340,-1172310.890,359.420
-443789.810,-1172307.550,357.490
-443793.310,-1172306.830,357.340
-443794.700,-1172306.810,357.280
-443793.450,-1172312.940,361.020
-443796.200,-1172306.760,357.490
-443797.760,-1172306.380,357.620
-443798.180,-1172310.810,360.050
-443812.680,-1172305.910,357.320
-443813.180,-1172304.640,355.610
-443813.460,-1172305.900,357.280
-443826.870,-1172308.870,356.090
-443829.270,-1172306.780,357.330
-443834.550,-1172304.600,356.160
-443834.390,-1172306.260,357.410
-443839.200,-1172307.480,356.020
-443838.720,-1172307.630,356.050
-443696.960,-1172291.970,359.090
-443697.420,-1172292.130,359.100
-443703.700,-1172295.330,358.040
-443704.540,-1172296.290,358.560
-443697.470,-1172316.420,360.830
-443698.120,-1172316.790,360.960
-443698.480,-1172315.890,360.460
-443696.980,-1172318.530,361.640
-443698.680,-1172317.250,361.010
-443698.110,-1172317.650,361.090
-443698.230,-1172317.360,361.040
-443699.430,-1172316.440,360.540
-443699.920,-1172316.470,360.470
-443715.870,-1172292.680,356.830
-443717.420,-1172291.390,355.990
-443708.540,-1172316.290,360.000
-443718.080,-1172294.640,358.170
-443717.680,-1172294.630,358.090
-443707.980,-1172320.250,360.640
-443710.830,-1172319.920,360.700
-443710.850,-1172321.470,362.070
-443711.920,-1172319.740,360.650
-443714.020,-1172315.560,360.060
-443713.170,-1172319.660,360.650
-443712.580,-1172326.690,360.590
-443717.110,-1172320.490,358.950
-443717.230,-1172320.190,358.850
-443717.950,-1172319.500,358.620
-443717.870,-1172320.580,359.000
-443718.000,-1172320.260,358.860
-443720.060,-1172316.990,358.390
-443712.990,-1172336.480,360.950
-443712.670,-1172336.540,361.030
-443713.570,-1172336.400,360.880
-443714.230,-1172336.650,361.060
-443714.350,-1172336.360,360.870
-443714.760,-1172336.390,361.070
-443850.710,-1172300.510,348.920
-443850.930,-1172301.150,349.230
-443852.850,-1172301.210,349.380
-443798.180,-1172412.560,353.640
-443797.210,-1172413.890,354.030
-443807.390,-1172433.800,350.430
-443830.230,-1172417.970,348.250
-443814.480,-1172433.350,350.390
-443823.260,-1172433.080,350.350
-443799.910,-1172410.280,352.870
-443798.720,-1172411.290,353.290
-443796.760,-1172412.960,353.690
-443800.180,-1172410.440,352.940
-443799.700,-1172410.840,353.070
-443798.740,-1172411.660,353.300
-443797.770,-1172412.480,353.600
-443797.290,-1172412.880,353.690
-443797.430,-1172411.880,353.330
-443796.690,-1172412.510,353.520
-443796.450,-1172412.710,353.630
-443800.150,-1172410.080,352.790
-443798.140,-1172410.840,353.020
-443797.890,-1172411.050,353.100
-443797.650,-1172411.250,353.180
-443796.680,-1172412.080,353.410
-443796.190,-1172412.490,353.560
-443796.640,-1172411.440,353.190
-443795.680,-1172412.250,353.430
-443795.440,-1172412.450,353.490
-443795.200,-1172412.650,353.550
-443797.200,-1172411.290,353.150
-443795.480,-1172412.750,353.620
-443795.260,-1172412.940,353.690
-443797.100,-1172410.140,352.870
-443796.100,-1172410.990,353.030
-443794.870,-1172412.030,353.370
-443797.590,-1172410.170,352.770
-443796.620,-1172410.990,352.970
-443796.380,-1172411.200,353.070
-443795.660,-1172411.800,353.280
-443796.250,-1172410.090,352.680
-443795.030,-1172411.120,353.060
-443794.970,-1172410.230,352.760
-443794.500,-1172410.630,352.890
-443794.260,-1172410.830,352.950
-443795.620,-1172410.100,352.680
-443794.140,-1172411.360,353.090
-443733.740,-1172421.880,353.300
-443735.100,-1172422.380,353.500
-443770.500,-1172409.650,349.390
-443771.160,-1172409.530,349.400
-443770.920,-1172409.730,349.510
-443771.320,-1172409.750,349.520
-443772.560,-1172409.630,349.510
-443791.950,-1172417.410,349.740
-443791.480,-1172417.430,349.760
-443791.240,-1172417.630,349.900
-443790.690,-1172417.590,349.830
-443786.670,-1172417.690,349.750
-443793.760,-1172411.250,353.060
-443786.040,-1172417.790,349.880
-443793.610,-1172410.650,352.880
-443793.350,-1172410.870,352.970
-443793.220,-1172410.470,352.810
-443793.000,-1172410.660,352.900
-443793.030,-1172410.150,352.660
-443792.780,-1172410.370,352.790
-443825.950,-1172363.400,347.350
-443732.740,-1172387.800,348.920
-443709.470,-1172403.420,352.290
-443849.700,-1172301.370,349.330
-443850.580,-1172299.700,348.540
-443850.340,-1172299.910,348.610
-443848.100,-1172301.440,349.360
-443845.960,-1172301.450,349.330
-443799.100,-1172324.050,351.000
-443818.030,-1172304.500,353.450
-443721.600,-1172314.710,355.060
-443746.640,-1172338.440,353.000
-443748.940,-1172335.210,352.680
-443747.720,-1172335.280,352.750
-443746.060,-1172332.030,352.760
-443745.490,-1172332.040,352.830
-443745.250,-1172332.250,352.880
-443718.760,-1172328.710,352.660
-443707.660,-1172292.030,354.200
-443830.320,-1172335.610,370.640
-443832.270,-1172337.700,370.590
-443736.850,-1172437.810,361.450
-443740.060,-1172437.580,361.420
-443836.620,-1172355.660,370.660
-443836.370,-1172355.870,370.850
-443741.020,-1172437.560,361.440
-443740.560,-1172437.950,361.830
-443741.020,-1172438.040,361.850
-443746.890,-1172437.360,361.470
-443829.610,-1172366.770,370.740
-443747.490,-1172437.280,361.440
-443748.800,-1172437.180,361.450
-443749.150,-1172437.280,361.470
-443832.930,-1172366.640,370.780
-443749.690,-1172437.230,361.480
-443749.640,-1172437.740,361.870
-443751.510,-1172437.090,361.450
-443835.680,-1172366.630,370.770
-443835.200,-1172367.040,371.130
-443753.210,-1172437.110,361.460
-443836.880,-1172366.560,370.770
-443754.890,-1172436.990,361.440
-443837.590,-1172366.870,371.140
-443756.580,-1172436.870,361.450
-443762.380,-1172436.610,361.450
-443762.300,-1172437.190,361.820
-443766.550,-1172436.950,361.820
-443769.560,-1172436.390,361.470
-443840.950,-1172427.730,374.810
-443848.130,-1172417.540,374.330
-443848.300,-1172415.050,374.330
-443847.820,-1172415.050,374.320
-443847.200,-1172415.120,374.320
-443839.510,-1172421.630,377.640
-443845.890,-1172414.880,374.150
-443839.610,-1172418.720,377.580
-443838.940,-1172414.970,374.340
-443847.890,-1172406.380,374.190
-443830.110,-1172418.090,368.240
-443847.150,-1172399.240,374.360
-443843.600,-1172399.350,374.340
-443841.640,-1172399.590,374.450
-443839.070,-1172399.590,374.360
-443838.570,-1172399.660,374.430
-443836.940,-1172399.660,374.350
-443836.510,-1172399.640,374.360
-443843.300,-1172384.840,374.280
-443850.930,-1172370.640,373.500
-443707.820,-1172394.880,359.540
-443707.060,-1172395.990,359.870
-443708.630,-1172395.120,359.550
-443708.400,-1172395.310,359.680
-443707.650,-1172395.940,359.870
-443709.020,-1172395.170,359.600
-443709.540,-1172395.330,359.660
-443708.230,-1172397.020,360.130
-443706.790,-1172398.240,360.480
-443708.870,-1172397.040,360.140
-443709.490,-1172396.950,360.140
-443712.410,-1172395.030,359.510
-443712.180,-1172395.230,359.620
-443707.540,-1172399.160,360.730
-443711.550,-1172396.240,359.920
-443707.680,-1172399.520,360.850
-443710.060,-1172400.130,361.010
-443710.270,-1172400.370,361.090
-443711.800,-1172399.710,360.910
-443719.790,-1172291.520,356.400
-443718.810,-1172294.440,358.170
-443720.230,-1172294.320,358.190
-443724.800,-1172296.150,357.750
-443738.220,-1172291.640,359.750
-443720.630,-1172315.530,357.620
-443721.700,-1172315.100,357.310
-443722.350,-1172320.450,359.170
-443724.560,-1172320.150,359.200
-443732.140,-1172314.060,358.360
-443733.580,-1172314.520,358.790
-443735.890,-1172313.200,358.030
-443730.540,-1172318.110,360.890
-443737.050,-1172313.130,358.040
-443732.590,-1172319.580,362.000
-443744.870,-1172312.100,358.110
-443766.670,-1172294.460,359.180
-443737.890,-1172319.120,362.050
-443747.010,-1172312.040,358.210
-443769.440,-1172294.080,359.150
-443749.330,-1172312.060,358.370
-443749.080,-1172312.270,358.500
-443744.300,-1172316.730,361.040
-443745.970,-1172316.470,361.080
-443765.430,-1172313.530,360.400
-443767.640,-1172315.520,361.830
-443773.590,-1172310.880,359.260
-443785.330,-1172310.780,359.440
-443793.670,-1172307.860,357.970
-443796.390,-1172306.440,357.390
-443795.900,-1172306.860,357.550
-443796.680,-1172306.570,357.420
-443796.200,-1172306.970,357.630
-443798.010,-1172306.430,357.400
-443793.510,-1172312.930,361.130
-443797.180,-1172312.020,360.870
-443803.890,-1172311.410,357.610
-443807.880,-1172309.530,358.860
-443812.800,-1172304.930,355.760
-443812.740,-1172308.990,358.810
-443830.790,-1172305.470,356.570
-443831.150,-1172306.700,357.470
-443835.860,-1172306.040,357.410
-443837.170,-1172305.330,356.990
-443836.400,-1172305.980,357.410
-443696.880,-1172291.940,359.140
-443698.640,-1172292.650,357.070
-443701.770,-1172293.610,357.040
-443704.870,-1172291.370,356.870
-443700.890,-1172295.090,358.630
-443705.710,-1172291.500,356.780
-443706.050,-1172291.720,356.840
-443710.790,-1172293.990,357.350
-443717.330,-1172291.190,356.000
-443717.330,-1172291.970,356.500
-443717.620,-1172294.630,358.150
-443697.550,-1172317.850,361.380
-443696.820,-1172318.460,361.670
-443699.290,-1172316.000,360.520
-443698.370,-1172317.670,361.210
-443707.420,-1172316.240,359.990
-443709.800,-1172316.210,360.170
-443714.070,-1172315.770,359.920
-443716.470,-1172315.680,357.370
-443717.080,-1172316.000,357.660
-443709.610,-1172321.920,362.070
-443713.620,-1172319.460,360.450
-443716.570,-1172317.930,358.190
-443719.210,-1172317.600,358.870
-443717.900,-1172319.450,358.690
-443717.670,-1172319.650,358.740
-443717.940,-1172319.810,358.790
-443712.860,-1172336.530,360.980
-443851.290,-1172299.690,348.330
-443795.020,-1172411.540,353.130
-443794.890,-1172411.860,353.230
-443794.510,-1172411.600,353.120
-443794.230,-1172410.850,352.880
-443796.840,-1172411.290,353.020
-443796.370,-1172410.910,352.920
-443796.250,-1172411.200,353.040
-443795.880,-1172412.150,353.350
-443795.760,-1172412.450,353.440
-443795.940,-1172410.410,352.750
-443795.340,-1172411.950,353.240
-443795.100,-1172412.570,353.460
-443798.390,-1172410.470,352.830
-443798.140,-1172411.090,352.990
-443798.030,-1172411.390,353.120
-443797.280,-1172413.300,353.750
-443797.040,-1172413.940,353.930
-443796.480,-1172413.790,353.900
-443796.220,-1172412.880,353.570
-443799.210,-1172411.570,353.190
-443798.380,-1172412.160,353.410
-443798.130,-1172412.790,353.620
-443800.200,-1172410.300,352.790
-443800.090,-1172410.600,352.890
-443799.980,-1172410.880,353.020
-443804.100,-1172434.010,350.430
-443808.280,-1172433.840,349.420
-443808.870,-1172433.760,349.350
-443808.880,-1172433.740,350.310
-443811.420,-1172433.770,350.380
-443814.150,-1172433.480,349.350
-443823.500,-1172433.170,350.330
-443771.180,-1172409.670,349.410
-443771.940,-1172409.210,349.260
-443772.440,-1172409.210,349.220
-443772.320,-1172409.500,349.360
-443772.890,-1172409.370,349.250
-443772.780,-1172409.660,349.410
-443772.610,-1172425.380,354.050
-443792.840,-1172410.300,352.640
-443793.130,-1172410.790,352.910
-443793.670,-1172410.720,352.850
-443737.920,-1172398.120,347.930
-443850.650,-1172301.360,349.260
-443850.010,-1172299.080,348.090
-443849.900,-1172299.370,348.220
-443847.920,-1172300.510,348.800
-443847.090,-1172301.310,349.150
-443808.510,-1172305.720,352.680
-443808.390,-1172306.030,352.750
-443729.910,-1172292.960,354.840
-443730.090,-1172293.020,354.840
-443747.330,-1172312.860,352.380
-443750.600,-1172312.930,351.400
-443781.580,-1172308.850,353.850
-443718.360,-1172328.680,352.620
-443707.240,-1172292.000,354.210
-443707.120,-1172292.310,354.370
-443845.380,-1172432.400,374.730
-443847.410,-1172415.100,374.210
-443847.000,-1172414.990,374.150
-443840.910,-1172427.710,374.800
-443839.260,-1172432.210,374.280
-443842.660,-1172415.520,376.430
-443842.320,-1172415.000,374.190
-443839.460,-1172421.620,377.570
-443844.130,-1172399.470,374.310
-443843.690,-1172399.430,374.330
-443839.810,-1172399.460,374.300
-443832.370,-1172418.360,369.890
-443831.510,-1172419.160,377.640
-443836.260,-1172355.900,370.750
-443831.460,-1172366.790,370.740
-443766.510,-1172437.030,361.880
-443757.740,-1172436.910,361.390
-443754.950,-1172437.080,361.390
-443755.310,-1172437.320,361.740
-443749.240,-1172437.310,361.450
-443749.800,-1172437.220,361.410
-443748.220,-1172437.310,361.410
-443748.790,-1172437.250,361.410
-443747.870,-1172437.210,361.360
-443735.220,-1172438.320,361.810
-443710.850,-1172398.670,360.550
-443710.580,-1172399.330,360.650
-443710.180,-1172400.280,360.970
-443712.180,-1172395.980,359.810
-443711.430,-1172395.390,359.560
-443710.920,-1172396.630,359.950
-443709.800,-1172400.020,360.910
-443712.290,-1172395.220,359.560
-443711.640,-1172396.780,360.030
-443710.710,-1172395.150,359.470
-443710.040,-1172396.760,359.950
-443709.390,-1172396.450,359.870
-443709.410,-1172397.060,360.090
-443708.560,-1172396.960,360.030
-443708.300,-1172397.590,360.210
-443709.370,-1172395.360,359.600
-443708.690,-1172397.000,360.000
-443708.580,-1172397.280,360.160
-443708.060,-1172398.530,360.560
-443707.160,-1172399.480,360.790
-443708.090,-1172395.310,359.630
-443707.820,-1172395.950,359.800
-443708.630,-1172395.270,359.560
-443707.300,-1172395.110,359.510
-443707.160,-1172395.440,359.620
-443707.460,-1172395.290,359.500
-443839.730,-1172307.520,356.020
-443838.500,-1172307.640,356.050
-443833.720,-1172306.300,357.280
-443811.970,-1172305.080,355.680
-443808.740,-1172309.410,358.600
-443798.410,-1172310.790,359.990
-443796.620,-1172306.490,357.340
-443796.120,-1172308.740,358.540
-443792.930,-1172312.980,361.060
-443793.050,-1172307.050,357.370
-443789.850,-1172307.530,357.430
-443786.500,-1172308.700,357.910
-443783.060,-1172313.940,361.100
-443774.040,-1172319.010,357.250
-443774.850,-1172313.750,361.030
-443767.720,-1172315.530,361.690
-443772.330,-1172293.450,358.830
-443769.010,-1172294.190,359.110
-443749.380,-1172312.000,358.270
-443747.580,-1172312.350,358.270
-443740.430,-1172318.920,362.060
-443736.870,-1172313.200,358.040
-443735.320,-1172314.930,359.050
-443725.110,-1172295.080,356.590
-443720.410,-1172294.320,358.100
-443719.700,-1172294.380,358.110
-443714.370,-1172336.440,360.890
-443713.640,-1172336.370,360.860
-443720.330,-1172320.690,359.020
-443719.980,-1172315.690,357.540
-443719.180,-1172317.640,358.760
-443717.950,-1172320.650,359.000
-443719.380,-1172317.730,358.840
-443717.490,-1172320.030,358.800
-443717.210,-1172319.650,358.690
-443716.830,-1172319.750,358.730
-443708.210,-1172337.270,360.970
-443716.770,-1172317.740,358.080
-443716.650,-1172318.040,358.240
-443715.770,-1172316.030,357.780
-443711.940,-1172319.760,360.620
-443711.340,-1172319.860,360.650
-443710.600,-1172321.700,362.080
-443710.830,-1172316.110,360.060
-443711.000,-1172316.350,357.500
-443709.540,-1172319.960,360.650
-443708.230,-1172320.250,360.660
-443708.360,-1172316.390,357.400
-443708.250,-1172316.670,357.540
-443708.770,-1172316.510,357.420
-443707.510,-1172316.440,357.370
-443707.650,-1172316.510,357.400
-443707.670,-1172316.500,360.100
-443718.470,-1172290.960,355.880
-443708.100,-1172316.410,357.350
-443707.990,-1172316.690,357.460
-443715.860,-1172292.810,356.780
-443717.340,-1172291.320,355.970
-443713.130,-1172294.130,357.450
-443712.990,-1172295.230,358.040
-443697.730,-1172317.760,361.290
-443699.020,-1172316.520,360.710
-443698.780,-1172317.120,361.000
-443696.750,-1172318.800,361.780
-443698.040,-1172316.360,360.770
-443697.790,-1172316.980,361.050
-443697.420,-1172317.900,361.370
-443698.110,-1172316.810,360.960
-443696.650,-1172316.530,361.000
-443705.410,-1172296.600,358.510
-443697.340,-1172316.570,360.890
-443696.880,-1172317.720,361.400
-443696.750,-1172318.050,361.500
-443705.010,-1172294.900,357.120
-443703.570,-1172294.290,357.070
-443702.980,-1172295.770,358.590
-443705.040,-1172291.350,356.630
-443703.290,-1172294.130,357.060
-443699.780,-1172293.050,357.100
-443699.180,-1172294.560,358.560
-443850.960,-1172300.430,348.820
-443851.910,-1172299.560,348.420
-443850.860,-1172301.360,349.250
-443852.720,-1172301.180,349.250
-443821.920,-1172433.210,350.290
-443814.340,-1172433.690,349.510
-443812.850,-1172433.660,350.480
-443810.490,-1172433.730,350.360
-443808.970,-1172433.830,349.440
-443808.700,-1172433.730,349.360
-443808.160,-1172433.780,349.370
-443797.830,-1172412.270,353.430
-443798.360,-1172411.800,353.330
-443798.860,-1172411.350,353.150
-443797.320,-1172413.250,353.740
-443799.660,-1172411.150,353.110
-443796.150,-1172413.420,353.800
-443796.660,-1172412.970,353.630
-443796.900,-1172412.740,353.590
-443799.010,-1172410.850,352.970
-443799.780,-1172410.160,352.770
-443800.030,-1172409.940,352.620
-443795.870,-1172413.280,353.770
-443796.360,-1172412.840,353.590
-443796.610,-1172412.620,353.510
-443796.850,-1172412.400,353.410
-443794.840,-1172411.010,352.940
-443794.280,-1172411.160,352.970
-443794.550,-1172410.920,352.910
-443795.340,-1172411.430,353.050
-443795.130,-1172411.120,353.010
-443795.390,-1172410.890,352.950
-443796.150,-1172410.200,352.650
-443795.450,-1172412.260,353.400
-443795.690,-1172412.050,353.300
-443795.950,-1172411.820,353.210
-443796.220,-1172411.580,353.160
-443796.470,-1172411.350,353.080
-443796.730,-1172411.120,353.030
-443797.260,-1172410.640,352.850
-443797.530,-1172410.400,352.800
-443795.290,-1172412.000,353.270
-443796.360,-1172411.040,352.950
-443796.200,-1172412.490,353.480
-443798.500,-1172410.430,352.800
-443796.470,-1172411.780,353.250
-443796.710,-1172411.560,353.160
-443797.750,-1172410.620,352.870
-443791.060,-1172417.600,349.710
-443735.860,-1172423.350,347.480
-443771.020,-1172409.580,349.390
-443771.980,-1172409.620,349.400
-443772.220,-1172409.400,349.320
-443772.500,-1172409.150,349.270
-443771.530,-1172409.660,349.410
-443771.790,-1172409.430,349.280
-443792.530,-1172410.480,352.760
-443793.100,-1172410.460,352.730
-443793.340,-1172410.650,352.840
-443785.510,-1172418.080,349.880
-443793.640,-1172411.260,353.010
-443787.420,-1172417.670,349.730
-443788.240,-1172417.790,349.790
-443790.070,-1172417.520,349.630
-443737.990,-1172398.000,347.920
-443709.430,-1172403.530,352.240
-443709.260,-1172403.360,352.240
-443849.370,-1172301.340,349.260
-443850.200,-1172298.950,348.050
-443846.750,-1172301.510,349.320
-443846.550,-1172299.780,348.400
-443799.830,-1172323.990,350.950
-443798.790,-1172323.910,350.930
-443808.200,-1172305.750,352.690
-443804.560,-1172307.500,354.810
-443785.120,-1172308.450,354.710
-443749.390,-1172335.140,352.510
-443749.630,-1172334.920,352.370
-443745.190,-1172332.250,352.810
-443745.440,-1172332.020,352.780
-443723.440,-1172314.760,354.990
-443718.380,-1172328.750,352.620
-443718.660,-1172328.890,352.680
-443704.720,-1172291.610,353.950
-443705.160,-1172291.710,353.930
-443705.640,-1172291.890,354.010
-443845.370,-1172432.290,374.760
-443843.620,-1172432.080,374.220
-443840.420,-1172432.440,374.750
-443847.450,-1172415.100,374.230
-443847.180,-1172415.010,374.130
-443845.940,-1172415.020,374.090
-443841.370,-1172418.490,377.360
-443839.920,-1172415.240,374.260
-443839.490,-1172415.240,374.320
-443839.750,-1172415.020,374.210
-443831.460,-1172420.470,377.580
-443846.580,-1172406.300,374.100
-443831.560,-1172419.180,377.690
-443844.620,-1172406.890,374.110
-443846.200,-1172399.260,374.270
-443844.230,-1172399.370,374.290
-443840.370,-1172399.480,374.260
-443839.240,-1172399.620,374.360
-443838.780,-1172399.510,374.280
-443840.710,-1172377.020,374.200
-443842.960,-1172373.290,374.280
-443766.370,-1172436.950,361.790
-443762.960,-1172437.050,361.800
-443762.290,-1172437.120,361.820
-443836.920,-1172366.600,370.710
-443755.550,-1172437.050,361.390
-443754.570,-1172437.440,361.820
-443754.990,-1172437.060,361.410
-443833.160,-1172366.710,370.750
-443752.390,-1172437.190,361.420
-443750.720,-1172437.090,361.380
-443749.610,-1172437.720,361.840
-443748.410,-1172437.430,361.440
-443748.690,-1172437.170,361.380
-443748.140,-1172437.270,361.380
-443741.400,-1172437.650,361.410
-443740.550,-1172437.620,361.360
-443738.870,-1172438.140,361.770
-443831.090,-1172353.640,370.600
-443737.370,-1172437.800,361.370
-443736.470,-1172437.860,361.390
-443835.540,-1172338.020,370.880
-443835.970,-1172337.630,370.570
-443711.780,-1172399.700,360.860
-443710.640,-1172398.620,360.590
-443708.450,-1172399.630,360.840
-443711.460,-1172396.230,359.880
-443709.990,-1172396.980,360.060
-443711.550,-1172395.560,359.670
-443708.530,-1172397.760,360.290
-443709.310,-1172397.050,360.080
-443710.360,-1172396.090,359.780
-443711.190,-1172395.330,359.650
-443711.410,-1172395.130,359.470
-443707.880,-1172397.920,360.350
-443708.670,-1172397.200,360.160
-443707.010,-1172398.220,360.430
-443708.320,-1172397.030,360.060
-443708.860,-1172396.200,359.840
-443709.120,-1172395.960,359.810
-443709.910,-1172395.250,359.600
-443709.430,-1172395.360,359.620
-443707.460,-1172396.900,360.040
-443709.320,-1172395.210,359.530
-443708.330,-1172395.110,359.480
-443708.620,-1172395.310,359.600
-443708.860,-1172395.100,359.460
-443707.440,-1172395.500,359.680
-443707.680,-1172395.280,359.590
-443839.650,-1172307.470,356.080
-443840.290,-1172307.380,356.020
-443838.370,-1172307.700,356.140
-443838.610,-1172307.490,356.000
-443837.270,-1172305.280,356.930
-443833.120,-1172306.460,357.460
-443831.170,-1172306.650,357.370
-443818.090,-1172309.910,357.520
-443818.580,-1172309.940,357.550
-443815.460,-1172307.890,358.110
-443813.280,-1172307.320,357.620
-443812.660,-1172304.780,355.550
-443796.790,-1172312.500,361.040
-443797.920,-1172309.960,359.490
-443798.130,-1172306.400,357.330
-443796.590,-1172306.850,357.500
-443796.820,-1172306.640,357.390
-443797.040,-1172306.440,357.310
-443796.220,-1172306.820,357.440
-443796.480,-1172306.580,357.370
-443794.710,-1172306.870,357.400
-443789.140,-1172311.590,360.120
-443790.680,-1172309.140,358.540
-443785.190,-1172313.620,361.080
-443792.060,-1172307.010,357.340
-443786.500,-1172311.130,359.500
-443785.250,-1172310.810,359.410
-443771.340,-1172315.110,361.670
-443769.510,-1172315.300,361.730
-443774.370,-1172293.550,359.100
-443772.240,-1172293.480,358.810
-443771.160,-1172293.980,359.150
-443749.090,-1172312.210,358.390
-443749.340,-1172311.980,358.280
-443769.230,-1172293.750,358.800
-443743.060,-1172316.940,361.010
-443747.510,-1172312.360,358.350
-443747.750,-1172312.150,358.270
-443766.560,-1172294.510,359.150
-443766.810,-1172294.290,359.100
-443740.580,-1172316.840,360.760
-443735.440,-1172319.300,361.960
-443735.030,-1172319.330,361.950
-443732.030,-1172319.420,361.780
-443733.830,-1172313.570,358.060
-443732.220,-1172314.110,358.350
-443720.690,-1172319.690,358.420
-443722.340,-1172318.170,357.430
-443720.970,-1172315.970,357.830
-443721.230,-1172315.730,357.720
-443721.690,-1172315.310,357.460
-443733.780,-1172292.040,359.640
-443729.400,-1172295.690,357.680
-443724.960,-1172295.200,356.640
-443718.330,-1172290.990,355.890
-443708.260,-1172337.070,360.880
-443708.540,-1172337.360,361.060
-443708.760,-1172337.150,360.960
-443707.480,-1172337.340,361.020
-443707.700,-1172337.140,360.890
-443712.380,-1172331.330,361.000
-443711.340,-1172326.780,360.530
-443717.780,-1172320.450,358.920
-443718.270,-1172319.990,358.800
-443720.260,-1172316.620,358.210
-443717.640,-1172319.600,358.680
-443717.410,-1172318.870,358.420
-443716.830,-1172319.780,358.740
-443719.950,-1172315.670,357.580
-443716.660,-1172318.190,358.230
-443718.380,-1172315.820,357.540
-443712.700,-1172321.460,362.070
-443716.660,-1172317.820,358.090
-443717.200,-1172315.840,357.490
-443716.470,-1172317.080,357.890
-443712.090,-1172319.720,360.640
-443713.610,-1172315.830,357.440
-443713.830,-1172315.630,357.330
-443711.030,-1172316.660,357.530
-443707.570,-1172320.280,360.660
-443707.430,-1172316.350,357.350
-443707.770,-1172316.460,357.430
-443708.030,-1172316.580,357.490
-443708.310,-1172316.320,357.460
-443708.280,-1172316.940,357.580
-443708.510,-1172316.730,357.490
-443698.170,-1172317.620,361.200
-443698.670,-1172317.160,360.960
-443696.800,-1172318.480,361.650
-443697.020,-1172318.280,361.520
-443697.510,-1172317.830,361.350
-443698.980,-1172316.470,360.720
-443696.720,-1172318.960,361.800
-443697.470,-1172318.270,361.490
-443696.680,-1172317.830,361.410
-443696.920,-1172317.600,361.320
-443697.870,-1172316.730,360.900
-443696.810,-1172318.100,361.480
-443697.590,-1172316.470,360.900
-443717.460,-1172294.790,358.230
-443718.020,-1172293.260,357.310
-443717.240,-1172291.150,355.920
-443713.580,-1172293.390,357.030
-443706.410,-1172295.990,359.060
-443704.150,-1172296.180,358.510
-443704.520,-1172296.290,358.530
-443705.900,-1172291.660,356.740
-443702.020,-1172293.720,357.030
-443705.010,-1172291.340,356.720
-443703.750,-1172290.800,356.650
-443696.890,-1172291.930,359.060
-443795.180,-1172411.240,353.110
-443794.850,-1172410.610,352.820
-443794.290,-1172412.110,353.330
-443794.250,-1172411.350,353.170
-443796.370,-1172410.910,352.970
-443795.800,-1172412.420,353.490
-443796.010,-1172411.150,353.090
-443795.570,-1172412.300,353.450
-443798.200,-1172409.950,352.860
-443797.640,-1172411.420,353.220
-443797.490,-1172411.830,353.450
-443796.820,-1172413.610,353.880
-443797.450,-1172410.210,352.770
-443796.450,-1172412.860,353.650
-443796.170,-1172413.620,353.880
-443797.170,-1172410.200,352.800
-443796.760,-1172411.290,353.120
-443798.410,-1172410.250,352.760
-443798.130,-1172411.010,353.100
-443797.840,-1172411.770,353.320
-443797.290,-1172413.220,353.760
-443797.150,-1172413.600,353.860
-443799.830,-1172410.330,352.890
-443798.760,-1172411.380,353.110
-443800.170,-1172410.280,352.750
-443734.240,-1172421.960,353.410
-443771.900,-1172425.650,353.840
-443774.690,-1172424.950,353.600
-443787.490,-1172417.640,350.080
-443788.760,-1172417.670,349.950
-443792.990,-1172410.530,352.890
-443793.240,-1172410.610,352.790
-443793.670,-1172411.270,352.980
-443791.960,-1172417.350,349.770
-443848.730,-1172300.350,348.920
-443809.530,-1172315.450,353.360
-443748.960,-1172335.160,352.720
-443719.630,-1172329.050,352.840
-443718.740,-1172328.850,352.580
-443846.690,-1172415.050,374.320
-443846.050,-1172414.930,374.360
-443846.810,-1172406.310,374.430
-443844.680,-1172406.880,374.760
-443837.750,-1172420.750,373.880
-443845.310,-1172399.320,374.280
-443839.250,-1172415.140,374.330
-443850.740,-1172370.630,373.380
-443836.070,-1172399.650,374.480
-443838.400,-1172366.750,371.200
-443836.240,-1172355.880,370.730
-443830.300,-1172367.000,371.190
-443831.090,-1172354.300,370.800
-443836.190,-1172337.680,370.580
-443761.570,-1172436.790,361.460
-443759.180,-1172436.720,361.350
-443756.520,-1172436.860,361.380
-443754.860,-1172437.060,361.350
-443749.670,-1172437.190,361.430
-443748.110,-1172437.200,361.380
-443740.080,-1172437.520,361.390
-443711.210,-1172399.080,360.710
-443711.560,-1172395.530,359.670
-443711.580,-1172396.280,359.860
-443710.940,-1172398.030,360.310
-443710.410,-1172399.500,360.790
-443709.320,-1172399.710,360.850
-443711.150,-1172395.370,359.650
-443709.900,-1172395.090,359.560
-443709.770,-1172395.430,359.650
-443708.970,-1172395.080,359.630
-443709.020,-1172395.350,359.620
-443708.240,-1172395.300,359.660
-443708.540,-1172395.190,359.560
-443707.470,-1172398.120,360.440
-443706.970,-1172395.390,359.630
-443707.250,-1172395.960,359.850
-443814.440,-1172308.740,358.870
-443813.680,-1172308.790,358.870
-443811.910,-1172305.250,355.700
-443797.210,-1172306.540,357.500
-443796.290,-1172306.720,357.610
-443796.470,-1172306.790,357.470
-443789.760,-1172307.440,357.520
-443781.560,-1172314.140,361.040
-443741.590,-1172317.000,360.960
-443739.600,-1172318.830,362.020
-443735.510,-1172319.270,362.020
-443732.040,-1172318.290,361.170
-443731.040,-1172318.550,361.280
-443722.400,-1172320.450,359.160
-443723.430,-1172318.730,357.820
-443720.820,-1172315.320,357.490
-443720.100,-1172294.390,358.150
-443712.860,-1172336.580,361.070
-443712.100,-1172336.800,361.140
-443719.340,-1172317.800,358.940
-443718.460,-1172320.190,358.910
-443717.470,-1172320.310,359.000
-443717.660,-1172320.380,358.910
-443717.350,-1172318.780,358.560
-443717.270,-1172315.830,357.490
-443715.330,-1172321.180,362.130
-443713.680,-1172319.440,360.620
-443714.290,-1172315.630,360.240
-443712.040,-1172319.750,360.670
-443713.800,-1172315.870,360.250
-443711.050,-1172319.960,360.610
-443710.330,-1172321.680,362.230
-443709.380,-1172321.900,362.220
-443709.400,-1172316.230,360.210
-443708.770,-1172316.020,360.180
-443707.630,-1172320.340,360.630
-443717.300,-1172291.380,355.870
-443707.290,-1172316.380,360.220
-443699.540,-1172317.050,360.810
-443698.000,-1172316.230,360.790
-443698.220,-1172316.530,360.920
-443697.950,-1172317.270,361.110
-443696.730,-1172316.600,361.060
-443696.660,-1172317.840,361.410
-443696.750,-1172318.570,361.600
-443702.950,-1172295.750,358.580
-443850.640,-1172300.510,348.940
-443794.340,-1172411.320,353.140
-443794.510,-1172410.630,352.910
-443796.980,-1172410.100,352.740
-443794.880,-1172411.810,353.330
-443795.490,-1172411.310,353.130
-443794.370,-1172411.840,353.270
-443794.960,-1172411.360,353.140
-443795.270,-1172412.780,353.610
-443795.870,-1172412.300,353.430
-443796.430,-1172411.840,353.320
-443797.010,-1172411.360,353.170
-443795.370,-1172412.240,353.440
-443795.680,-1172411.990,353.340
-443795.970,-1172411.750,353.270
-443796.560,-1172411.270,353.140
-443796.880,-1172411.010,353.020
-443797.450,-1172410.540,352.900
-443796.070,-1172411.230,353.100
-443796.380,-1172410.970,353.010
-443797.270,-1172410.240,352.790
-443796.240,-1172412.790,353.670
-443796.560,-1172412.530,353.530
-443797.140,-1172412.060,353.430
-443799.550,-1172410.090,352.800
-443796.220,-1172412.410,353.560
-443798.880,-1172410.240,352.850
-443797.360,-1172412.340,353.500
-443799.130,-1172411.720,353.380
-443796.460,-1172413.900,354.060
-443797.370,-1172413.160,353.810
-443797.950,-1172412.680,353.660
-443798.260,-1172412.430,353.590
-443798.840,-1172411.960,353.450
-443797.110,-1172413.040,353.710
-443797.400,-1172412.800,353.640
-443798.610,-1172411.820,353.370
-443796.980,-1172413.830,354.020
-443797.280,-1172413.580,353.940
-443734.210,-1172421.930,353.380
-443733.950,-1172422.140,353.330
-443734.680,-1172422.070,353.390
-443771.910,-1172409.180,349.330
-443792.800,-1172410.420,352.780
-443793.100,-1172410.780,352.900
-443793.400,-1172410.530,352.840
-443793.390,-1172411.020,353.010
-443785.920,-1172417.640,349.800
-443793.650,-1172411.340,353.110
-443786.320,-1172417.870,349.910
-443789.960,-1172417.520,349.810
-443791.100,-1172417.450,349.790
-443792.490,-1172417.500,349.770
-443809.050,-1172376.540,348.370
-443826.010,-1172363.320,347.300
-443762.620,-1172405.140,349.640
-443846.860,-1172301.490,349.330
-443847.860,-1172300.140,348.650
-443825.040,-1172303.410,352.050
-443817.570,-1172304.480,353.430
-443723.260,-1172314.700,355.060
-443743.240,-1172331.600,352.840
-443744.610,-1172332.230,352.940
-443745.140,-1172332.350,352.970
-443745.470,-1172332.070,352.770
-443745.980,-1172332.150,352.830
-443750.640,-1172334.930,352.350
-443719.570,-1172328.770,352.720
-443718.450,-1172328.680,352.680
-443837.460,-1172432.500,374.750
-443844.770,-1172421.360,374.930
-443847.210,-1172415.170,374.320
-443846.980,-1172415.000,374.250
-443839.750,-1172421.380,377.560
-443831.610,-1172420.620,377.840
-443846.500,-1172406.360,374.420
-443844.130,-1172406.960,374.760
-443841.660,-1172406.840,374.780
-443846.760,-1172399.210,374.320
-443841.360,-1172399.440,374.370
-443840.210,-1172399.510,374.360
-443838.890,-1172399.590,374.400
-443838.470,-1172399.580,374.370
-443837.990,-1172399.640,374.400
-443836.090,-1172399.720,374.440
-443754.140,-1172437.020,361.490
-443836.180,-1172366.630,370.770
-443743.920,-1172437.450,361.450
-443741.920,-1172437.530,361.450
-443740.800,-1172437.520,361.420
-443738.860,-1172438.140,361.760
-443739.010,-1172437.640,361.430
-443710.890,-1172398.560,360.520
-443708.460,-1172399.590,360.830
-443711.300,-1172397.240,360.190
-443709.330,-1172398.280,360.520
-443709.630,-1172398.030,360.420
-443712.180,-1172395.920,359.840
-443707.620,-1172399.160,360.760
-443712.220,-1172395.340,359.660
-443709.150,-1172397.360,360.220
-443712.030,-1172394.970,359.510
-443707.350,-1172398.340,360.490
-443710.800,-1172395.470,359.650
-443708.280,-1172396.920,360.120
-443710.560,-1172395.030,359.530
-443709.420,-1172395.290,359.630
-443708.780,-1172395.310,359.670
-443708.560,-1172394.990,359.500
-443707.390,-1172395.960,359.800
-443707.380,-1172395.350,359.680
-443833.410,-1172306.440,357.490
-443830.720,-1172305.370,356.530
-443829.680,-1172306.780,357.360
-443825.580,-1172309.090,356.140
-443814.520,-1172308.760,358.760
-443813.150,-1172304.690,355.600
-443797.700,-1172311.380,360.410
-443798.010,-1172311.120,360.270
-443797.970,-1172309.970,359.590
-443793.980,-1172312.700,360.980
-443792.000,-1172313.060,361.120
-443797.850,-1172306.790,357.650
-443797.820,-1172306.320,357.440
-443797.300,-1172306.410,357.420
-443796.310,-1172306.740,357.490
-443796.620,-1172306.490,357.400
-443793.680,-1172307.770,357.860
-443792.940,-1172306.950,357.470
-443774.250,-1172314.450,361.510
-443765.250,-1172313.040,360.080
-443772.480,-1172293.720,359.140
-443747.800,-1172314.040,359.560
-443749.370,-1172312.150,358.410
-443742.240,-1172316.960,361.040
-443741.480,-1172317.070,361.090
-443768.470,-1172294.180,359.080
-443740.040,-1172316.360,360.410
-443758.580,-1172295.110,359.310
-443739.450,-1172297.260,360.020
-443706.920,-1172337.400,361.050
-443711.500,-1172330.710,360.970
-443717.930,-1172320.540,359.050
-443718.250,-1172320.260,358.940
-443716.780,-1172317.730,358.130
-443716.400,-1172315.850,357.500
-443712.580,-1172319.660,360.660
-443714.050,-1172315.940,360.240
-443707.340,-1172316.300,360.090
-443696.710,-1172318.550,361.770
-443697.030,-1172318.270,361.620
-443697.650,-1172317.740,361.310
-443698.350,-1172317.650,361.230
-443696.780,-1172317.810,361.440
-443697.050,-1172317.570,361.360
-443698.250,-1172316.540,360.880
-443696.670,-1172316.520,361.040
-443712.570,-1172295.220,358.210
-443717.340,-1172291.090,355.920
-443713.560,-1172293.350,357.080
-443711.670,-1172293.850,357.330
-443707.710,-1172296.650,358.660
-443711.400,-1172292.990,356.820
-443703.070,-1172295.840,358.610
-443705.980,-1172291.640,356.980
