-443811.750,-1172316.130,353.380
-443810.700,-1172316.550,353.140
-443808.860,-1172315.700,352.580
-443722.340,-1172298.890,355.450
-443723.280,-1172299.080,355.320
-443725.120,-1172298.990,355.180
-443725.250,-1172298.680,355.510
-443725.900,-1172298.700,355.380
-443726.660,-1172298.800,355.250
-443727.260,-1172298.440,355.420
-443728.630,-1172298.520,355.030
-443729.590,-1172298.520,355.210
-443759.130,-1172296.220,350.610
-443774.120,-1172321.890,355.390
-443774.240,-1172321.590,355.340
-443773.890,-1172321.880,355.310
-443772.400,-1172321.690,355.310
-443770.580,-1172322.240,355.340
-443768.070,-1172322.250,350.200
-443708.590,-1172299.620,355.540
-443707.400,-1172299.820,355.490
-443705.670,-1172300.060,355.510
-443840.800,-1172428.480,374.820
-443841.250,-1172393.380,374.340
-443722.320,-1172297.950,356.500
-443722.450,-1172298.610,355.840
-443722.690,-1172298.000,356.350
-443722.760,-1172298.460,355.930
-443722.870,-1172298.180,356.150
-443723.320,-1172298.090,356.160
-443724.000,-1172297.270,357.020
-443724.010,-1172298.370,355.870
-443724.720,-1172296.580,357.440
-443724.410,-1172298.230,356.010
-443724.920,-1172298.400,355.620
-443726.190,-1172297.390,356.480
-443725.360,-1172298.400,355.730
-443725.610,-1172297.770,356.370
-443725.730,-1172297.460,356.560
-443725.840,-1172297.180,356.810
-443726.080,-1172296.590,357.390
-443726.490,-1172297.210,356.740
-443727.000,-1172297.930,355.930
-443728.880,-1172297.890,355.740
-443729.790,-1172296.130,357.420
-443735.290,-1172292.900,359.280
-443743.030,-1172321.500,358.290
-443744.490,-1172321.260,358.280
-443745.370,-1172321.240,358.200
-443747.520,-1172320.850,358.240
-443770.020,-1172317.200,360.290
-443769.950,-1172316.390,360.930
-443770.510,-1172317.060,360.150
-443770.780,-1172317.670,359.570
-443771.010,-1172317.080,360.060
-443771.240,-1172316.490,360.600
-443771.470,-1172315.900,361.210
-443771.070,-1172317.860,359.380
-443771.670,-1172316.320,360.800
-443771.890,-1172315.750,361.270
-443770.780,-1172319.650,357.740
-443771.710,-1172317.260,359.870
-443771.820,-1172316.980,360.150
-443772.400,-1172315.480,361.480
-443770.570,-1172321.080,356.620
-443770.570,-1172321.080,356.210
-443771.730,-1172318.120,358.980
-443772.510,-1172318.000,359.150
-443772.970,-1172316.820,360.210
-443772.630,-1172318.800,358.210
-443773.220,-1172317.290,359.600
-443772.740,-1172320.820,356.340
-443772.970,-1172320.230,356.860
-443773.550,-1172318.740,358.250
-443773.780,-1172318.160,358.770
-443774.260,-1172316.940,359.950
-443773.200,-1172321.530,355.780
-443773.590,-1172321.460,355.850
-443774.990,-1172317.890,359.020
-443775.650,-1172317.380,359.390
-443775.060,-1172319.480,357.430
-443775.870,-1172317.420,359.330
-443775.670,-1172318.840,358.110
-443775.910,-1172318.230,358.540
-443775.670,-1172319.600,357.300
-443775.810,-1172320.550,356.320
-443774.980,-1172321.360,355.850
-443775.330,-1172320.480,356.550
-443812.790,-1172310.310,358.060
-443813.120,-1172310.330,357.940
-443828.240,-1172309.420,355.600
-443837.010,-1172308.490,355.770
-443705.810,-1172298.650,356.860
-443706.170,-1172297.770,357.810
-443707.340,-1172299.100,356.390
-443707.710,-1172298.170,357.230
-443707.760,-1172298.910,356.370
-443708.250,-1172297.700,357.560
-443708.840,-1172299.000,356.250
-443793.670,-1172424.770,350.310
-443827.340,-1172312.250,353.730
-443827.110,-1172312.450,353.630
-443811.640,-1172316.220,353.420
-443810.850,-1172316.590,353.200
-443809.820,-1172315.940,353.780
-443805.880,-1172317.130,353.210
-443806.030,-1172315.100,354.790
-443803.400,-1172317.340,353.260
-443801.200,-1172290.560,353.570
-443723.840,-1172298.800,355.500
-443723.600,-1172299.000,355.310
-443724.580,-1172298.580,355.580
-443725.260,-1172299.190,354.970
-443727.130,-1172298.450,355.440
-443726.890,-1172298.660,355.270
-443726.150,-1172298.900,355.150
-443728.020,-1172298.270,355.510
-443727.770,-1172298.480,355.320
-443727.520,-1172298.690,355.160
-443729.980,-1172298.100,355.470
-443743.120,-1172297.200,354.980
-443775.070,-1172321.400,355.500
-443774.500,-1172321.530,355.460
-443759.180,-1172296.290,350.550
-443709.400,-1172299.690,355.540
-443709.140,-1172299.910,355.370
-443708.900,-1172300.110,355.180
-443707.020,-1172300.170,355.220
-443706.480,-1172300.220,355.280
-443705.970,-1172300.640,354.900
-443840.830,-1172428.410,374.890
-443841.590,-1172400.530,374.880
-443722.320,-1172297.210,357.140
-443723.060,-1172297.600,356.720
-443722.330,-1172298.200,356.230
-443722.700,-1172297.410,356.910
-443722.210,-1172297.820,356.610
-443724.800,-1172296.600,357.440
-443724.080,-1172297.210,356.950
-443723.580,-1172297.620,356.610
-443723.340,-1172297.820,356.460
-443722.840,-1172298.240,356.120
-443722.600,-1172298.440,355.940
-443722.340,-1172298.660,355.790
-443723.320,-1172298.230,356.060
-443724.720,-1172297.600,356.510
-443723.750,-1172298.400,355.870
-443725.840,-1172297.130,356.820
-443724.590,-1172298.180,355.990
-443727.270,-1172296.330,357.430
-443727.030,-1172296.530,357.260
-443726.030,-1172297.370,356.580
-443725.780,-1172297.570,356.400
-443725.540,-1172297.770,356.210
-443726.410,-1172297.380,356.500
-443725.910,-1172297.790,356.180
-443726.890,-1172297.440,356.460
-443726.180,-1172298.030,355.970
-443728.920,-1172296.140,357.510
-443727.440,-1172297.370,356.430
-443727.200,-1172297.570,356.270
-443726.700,-1172297.990,355.920
-443726.460,-1172298.180,355.790
-443726.220,-1172298.390,355.630
-443728.870,-1172296.630,357.040
-443728.380,-1172297.030,356.660
-443729.840,-1172296.190,357.330
-443729.370,-1172296.590,357.000
-443728.760,-1172297.650,356.010
-443730.090,-1172297.590,355.960
-443742.760,-1172294.240,357.380
-443741.870,-1172321.230,358.440
-443743.070,-1172321.540,357.950
-443744.600,-1172321.270,358.170
-443748.330,-1172320.880,358.040
-443750.410,-1172320.810,357.880
-443769.960,-1172315.910,361.390
-443771.400,-1172315.740,361.410
-443770.250,-1172316.260,361.010
-443770.030,-1172316.450,360.840
-443772.170,-1172315.600,361.480
-443771.950,-1172315.790,361.300
-443771.700,-1172315.990,361.110
-443771.460,-1172316.200,360.940
-443771.220,-1172316.400,360.770
-443770.980,-1172316.600,360.650
-443770.730,-1172316.810,360.490
-443770.240,-1172317.230,360.070
-443770.000,-1172317.430,359.900
-443771.840,-1172316.210,360.820
-443770.140,-1172317.650,359.690
-443772.900,-1172315.870,361.130
-443771.660,-1172316.910,360.230
-443770.190,-1172318.150,359.230
-443773.310,-1172316.420,360.540
-443773.070,-1172316.620,360.330
-443770.180,-1172319.060,358.310
-443774.040,-1172315.300,361.630
-443773.810,-1172315.500,361.470
-443773.570,-1172315.700,361.240
-443772.380,-1172316.700,360.350
-443771.900,-1172317.110,360.020
-443771.670,-1172317.310,359.810
-443771.170,-1172317.730,359.490
-443770.680,-1172318.140,359.170
-443770.460,-1172318.330,358.990
-443774.690,-1172315.610,361.140
-443773.000,-1172317.030,359.880
-443771.770,-1172318.070,359.050
-443771.520,-1172318.280,358.850
-443770.330,-1172319.290,358.030
-443774.350,-1172316.550,360.380
-443773.390,-1172317.370,359.640
-443772.890,-1172317.780,359.260
-443772.640,-1172318.000,359.090
-443770.690,-1172319.640,357.750
-443770.460,-1172319.840,357.590
-443775.290,-1172316.250,360.590
-443773.480,-1172318.730,358.340
-443772.020,-1172319.960,357.310
-443771.770,-1172320.170,357.150
-443771.270,-1172320.590,356.810
-443770.780,-1172321.010,356.470
-443770.550,-1172321.210,356.320
-443770.060,-1172321.620,355.990
-443769.810,-1172321.830,355.730
-443774.040,-1172317.870,359.210
-443770.410,-1172321.930,355.650
-443773.770,-1172319.570,357.450
-443773.290,-1172319.980,357.120
-443773.050,-1172320.180,356.950
-443772.570,-1172320.590,356.660
-443771.370,-1172321.600,355.830
-443771.130,-1172321.810,355.650
-443776.020,-1172318.240,358.570
-443775.770,-1172318.450,358.400
-443775.510,-1172319.710,357.240
-443775.010,-1172320.130,356.810
-443774.020,-1172320.970,356.200
-443773.280,-1172321.600,355.710
-443775.050,-1172320.570,356.460
-443774.800,-1172320.780,356.300
-443775.930,-1172320.320,356.580
-443775.220,-1172320.920,356.110
-443774.740,-1172321.320,355.760
-443775.790,-1172320.800,356.110
-443775.300,-1172321.210,355.740
-443809.440,-1172312.210,356.640
-443812.010,-1172309.600,358.540
-443813.690,-1172309.640,358.350
-443828.230,-1172309.550,355.670
-443836.930,-1172308.350,355.880
-443838.120,-1172308.460,355.710
-443833.700,-1172330.760,370.840
-443836.130,-1172330.680,370.800
-443706.620,-1172297.460,358.110
-443706.360,-1172297.670,357.890
-443706.110,-1172297.880,357.690
-443705.390,-1172299.480,356.170
-443708.820,-1172297.060,358.310
-443708.570,-1172297.260,358.150
-443708.310,-1172297.480,357.940
-443707.840,-1172297.880,357.560
-443707.120,-1172298.470,357.050
-443706.880,-1172298.670,356.840
-443706.850,-1172299.040,356.460
-443709.200,-1172297.550,357.780
-443708.710,-1172297.960,357.400
-443708.230,-1172298.360,357.050
-443707.480,-1172298.980,356.500
-443708.960,-1172298.150,357.130
-443708.720,-1172298.360,356.960
-443707.730,-1172299.180,356.230
-443707.490,-1172299.380,356.060
-443708.700,-1172299.150,356.100
-443708.460,-1172299.340,355.940
-443708.210,-1172299.550,355.740
-443709.260,-1172298.300,356.960
-443708.760,-1172298.720,356.590
-443708.960,-1172298.930,356.310
-443710.450,-1172323.040,361.380
-443827.300,-1172312.230,353.780
-443729.340,-1172298.680,355.110
-443845.400,-1172370.630,374.720
-443839.700,-1172370.600,374.340
-443776.100,-1172318.430,358.250
-443735.260,-1172296.070,356.730
-443734.650,-1172293.260,359.040
-443722.720,-1172321.300,358.740
-443728.930,-1172297.180,356.420
-443729.650,-1172296.240,357.510
-443727.850,-1172296.480,357.190
-443728.620,-1172296.140,357.490
-443728.200,-1172297.140,356.570
-443727.950,-1172297.730,355.930
-443728.640,-1172296.580,357.230
-443726.380,-1172297.250,356.770
-443727.380,-1172296.410,357.490
-443724.680,-1172297.030,357.260
-443724.220,-1172298.150,356.160
-443724.590,-1172298.640,355.600
-443723.740,-1172298.410,355.920
-443723.520,-1172298.930,355.460
-443722.560,-1172298.360,356.220
-443795.280,-1172424.440,352.730
-443771.490,-1172411.570,353.910
-443697.200,-1172346.320,352.960
-443840.650,-1172312.130,352.800
-443810.670,-1172316.650,353.130
-443809.440,-1172316.630,353.270
-443811.510,-1172314.750,354.680
-443773.820,-1172321.870,355.500
-443723.900,-1172299.300,355.000
-443725.930,-1172298.890,355.120
-443727.400,-1172298.350,355.490
-443728.390,-1172298.400,355.320
-443729.830,-1172298.110,355.450
-443720.490,-1172326.810,354.920
-443839.290,-1172370.740,374.590
-443813.280,-1172310.310,357.900
-443774.780,-1172321.380,355.710
-443775.850,-1172320.400,356.530
-443775.360,-1172321.280,355.750
-443775.720,-1172320.950,356.000
-443774.840,-1172320.930,356.140
-443775.160,-1172320.640,356.350
-443776.230,-1172319.670,357.180
-443775.320,-1172319.320,357.610
-443773.270,-1172321.720,355.550
-443773.610,-1172321.410,355.780
-443773.950,-1172321.100,356.060
-443775.690,-1172319.520,357.380
-443776.060,-1172319.180,357.650
-443772.390,-1172321.390,355.930
-443774.510,-1172319.460,357.520
-443775.920,-1172318.180,358.590
-443776.230,-1172317.900,358.750
-443772.920,-1172319.950,357.200
-443775.410,-1172317.680,359.160
-443772.330,-1172321.030,356.330
-443775.510,-1172318.130,358.780
-443772.550,-1172318.750,358.370
-443770.650,-1172320.990,356.520
-443771.000,-1172320.670,356.750
-443770.480,-1172319.860,357.530
-443773.310,-1172317.290,359.660
-443773.190,-1172316.670,360.280
-443770.230,-1172319.040,358.340
-443771.790,-1172317.170,359.920
-443772.490,-1172316.520,360.450
-443770.330,-1172318.140,359.220
-443771.690,-1172316.890,360.220
-443770.990,-1172316.350,360.840
-443770.090,-1172317.700,359.630
-443770.430,-1172317.390,359.880
-443771.880,-1172316.060,360.980
-443772.590,-1172315.420,361.580
-443770.090,-1172316.580,360.720
-443750.460,-1172320.690,358.170
-443744.810,-1172321.300,358.130
-443742.490,-1172321.520,358.150
-443722.840,-1172321.340,358.620
-443736.250,-1172293.400,358.780
-443734.950,-1172293.380,358.870
-443730.240,-1172296.690,356.790
-443729.070,-1172297.170,356.480
-443729.550,-1172296.370,357.120
-443729.930,-1172296.020,357.490
-443727.000,-1172297.910,355.910
-443728.730,-1172296.310,357.290
-443728.250,-1172297.140,356.590
-443725.340,-1172298.490,355.600
-443727.000,-1172297.370,356.520
-443727.370,-1172297.020,356.800
-443727.730,-1172296.690,357.090
-443725.770,-1172297.070,356.870
-443726.110,-1172296.750,357.130
-443724.610,-1172298.650,355.570
-443725.670,-1172297.670,356.390
-443722.320,-1172298.740,355.770
-443722.670,-1172298.410,356.010
-443724.440,-1172296.780,357.370
-443723.990,-1172297.670,356.480
-443724.710,-1172297.010,357.050
-443722.390,-1172298.170,356.220
-443722.140,-1172297.310,357.070
-443722.790,-1172296.710,357.520
-443708.570,-1172299.160,356.140
-443708.530,-1172299.640,355.750
-443707.670,-1172299.580,355.850
-443707.690,-1172299.250,356.140
-443707.400,-1172299.100,356.380
-443708.140,-1172298.410,357.000
-443709.210,-1172297.430,357.920
-443707.070,-1172298.330,357.190
-443707.790,-1172297.670,357.750
-443706.060,-1172297.910,357.670
-443706.450,-1172297.550,358.030
-443703.160,-1172298.440,356.550
-443830.490,-1172421.600,348.580
-443733.810,-1172411.250,347.970
-443743.690,-1172411.570,347.830
-443737.790,-1172437.290,354.360
-443737.940,-1172436.790,347.760
-443738.690,-1172437.360,354.380
-443738.730,-1172437.170,347.630
-443749.220,-1172411.020,347.830
-443740.910,-1172437.200,354.420
-443741.140,-1172437.190,350.900
-443752.140,-1172411.170,347.820
-443753.160,-1172410.960,347.860
-443745.220,-1172437.080,354.410
-443750.660,-1172436.920,354.370
-443751.750,-1172436.920,354.310
-443755.590,-1172436.430,354.520
-443755.890,-1172436.280,354.510
-443758.360,-1172436.470,354.430
-443760.250,-1172435.910,354.540
-443763.640,-1172436.360,354.360
-443768.060,-1172435.810,347.580
-443773.450,-1172425.340,353.340
-443776.290,-1172425.410,352.930
-443787.910,-1172424.630,346.820
-443697.000,-1172346.410,352.690
-443840.760,-1172312.270,352.550
-443817.450,-1172315.830,353.280
-443801.440,-1172290.510,353.620
-443803.380,-1172317.350,353.350
-443803.670,-1172317.400,353.250
-443809.080,-1172314.120,355.310
-443809.440,-1172315.680,353.990
-443809.800,-1172315.760,354.100
-443810.750,-1172316.540,353.220
-443811.710,-1172315.960,353.780
-443811.610,-1172316.210,353.460
-443723.080,-1172298.820,355.540
-443722.470,-1172298.870,355.540
-443722.380,-1172299.110,355.290
-443723.980,-1172298.610,355.630
-443723.890,-1172298.860,355.390
-443723.460,-1172298.930,355.390
-443725.470,-1172298.430,355.580
-443725.180,-1172299.230,354.910
-443727.010,-1172298.380,355.540
-443726.910,-1172298.650,355.270
-443727.400,-1172298.460,355.410
-443727.300,-1172298.720,355.130
-443728.030,-1172298.310,355.430
-443727.580,-1172298.490,355.270
-443728.930,-1172297.970,355.670
-443730.000,-1172298.130,355.500
-443729.600,-1172298.410,355.180
-443759.940,-1172295.410,350.530
-443759.440,-1172322.400,350.660
-443768.150,-1172321.840,350.250
-443768.030,-1172322.160,350.150
-443708.290,-1172337.530,355.350
-443708.860,-1172337.550,352.180
-443717.760,-1172299.740,352.000
-443716.640,-1172300.310,354.950
-443709.260,-1172299.610,355.620
-443709.180,-1172299.830,355.270
-443708.170,-1172300.130,355.170
-443706.810,-1172300.140,355.210
-443706.560,-1172300.300,355.250
-443705.940,-1172300.630,355.000
-443843.510,-1172432.490,360.630
-443829.850,-1172421.300,371.120
-443847.240,-1172370.450,374.450
-443760.480,-1172437.090,360.740
-443832.950,-1172330.830,370.800
-443833.620,-1172330.750,370.870
-443828.510,-1172330.940,370.910
-443828.590,-1172309.510,355.690
-443828.270,-1172309.590,355.660
-443804.000,-1172312.050,357.310
-443775.550,-1172320.590,356.380
-443775.270,-1172321.340,355.670
-443775.760,-1172318.070,358.740
-443774.790,-1172320.650,356.410
-443774.500,-1172321.440,355.680
-443776.130,-1172318.410,358.310
-443775.740,-1172319.450,357.320
-443775.240,-1172320.800,356.140
-443774.950,-1172319.430,357.360
-443774.750,-1172319.980,356.970
-443774.510,-1172318.260,358.660
-443774.000,-1172320.330,356.750
-443773.620,-1172321.360,355.790
-443773.520,-1172321.630,355.630
-443773.770,-1172318.810,358.070
-443774.920,-1172317.170,359.620
-443773.820,-1172318.030,359.000
-443773.620,-1172318.550,358.490
-443773.530,-1172318.790,358.170
-443773.040,-1172320.120,357.050
-443771.780,-1172319.990,357.260
-443771.690,-1172320.230,357.030
-443774.080,-1172315.310,361.540
-443773.310,-1172317.390,359.530
-443771.960,-1172318.720,358.380
-443771.870,-1172318.980,358.170
-443772.950,-1172316.860,360.130
-443772.560,-1172315.410,361.560
-443771.980,-1172316.970,360.080
-443771.890,-1172317.210,359.830
-443771.490,-1172318.300,358.880
-443770.500,-1172320.950,356.500
-443771.570,-1172316.090,361.100
-443770.520,-1172318.910,358.420
-443771.840,-1172316.810,360.290
-443771.750,-1172317.040,360.040
-443771.650,-1172317.300,359.800
-443771.250,-1172318.380,358.900
-443771.060,-1172318.900,358.360
-443770.960,-1172319.150,358.110
-443770.760,-1172319.690,357.600
-443769.970,-1172321.810,355.750
-443770.090,-1172317.480,359.840
-443771.320,-1172315.980,361.190
-443771.130,-1172316.490,360.690
-443771.030,-1172316.750,360.410
-443770.940,-1172316.990,360.160
-443770.850,-1172317.240,359.880
-443770.550,-1172318.020,359.240
-443770.230,-1172316.320,360.900
-443769.960,-1172317.040,360.090
-443770.190,-1172317.200,360.050
-443774.380,-1172293.630,358.360
-443745.720,-1172321.220,357.980
-443730.200,-1172297.570,355.980
-443730.100,-1172297.840,355.710
-443728.920,-1172296.530,357.060
-443729.030,-1172297.690,355.910
-443729.940,-1172296.190,357.350
-443729.380,-1172297.710,355.870
-443728.450,-1172296.160,357.480
-443727.780,-1172296.310,357.450
-443727.690,-1172296.560,357.180
-443727.600,-1172296.800,356.910
-443727.610,-1172297.880,355.820
-443727.130,-1172296.510,357.250
-443726.540,-1172298.100,355.810
-443727.320,-1172297.010,356.730
-443727.140,-1172297.520,356.230
-443726.030,-1172297.500,356.480
-443726.180,-1172298.260,355.700
-443726.160,-1172296.580,357.270
-443726.070,-1172296.830,357.020
-443725.960,-1172297.120,356.810
-443725.770,-1172297.640,356.280
-443725.650,-1172297.940,356.080
-443724.780,-1172298.470,355.680
-443724.340,-1172298.350,355.820
-443724.070,-1172298.360,355.790
-443724.040,-1172297.360,356.880
-443722.670,-1172298.310,356.050
-443722.190,-1172297.240,357.170
-443715.790,-1172336.250,360.210
-443708.300,-1172337.550,358.450
-443708.350,-1172297.560,357.830
-443707.970,-1172298.560,356.700
-443707.760,-1172299.130,356.270
-443707.680,-1172299.340,355.920
-443708.800,-1172297.010,358.400
-443708.450,-1172298.460,356.810
-443709.130,-1172297.570,357.680
-443708.890,-1172298.950,356.250
-443707.670,-1172297.830,357.580
-443707.940,-1172298.000,357.390
-443707.540,-1172299.050,356.480
-443706.890,-1172298.740,356.770
-443706.810,-1172298.970,356.450
-443707.430,-1172297.970,357.550
-443705.980,-1172299.650,355.830
-443799.610,-1172424.200,352.510
-443753.060,-1172411.020,347.860
-443738.130,-1172437.320,354.480
-443749.420,-1172436.860,354.330
-443753.990,-1172436.680,354.310
-443773.450,-1172425.360,353.290
-443760.600,-1172436.240,354.500
-443762.440,-1172436.250,354.440
-443698.600,-1172346.190,352.680
-443817.240,-1172315.980,353.200
-443811.870,-1172316.170,353.420
-443810.570,-1172316.570,353.260
-443809.960,-1172315.900,353.890
-443805.950,-1172317.070,353.310
-443805.940,-1172315.200,354.800
-443804.050,-1172316.220,354.130
-443722.040,-1172299.020,355.560
-443723.470,-1172299.110,355.210
-443723.680,-1172298.930,355.420
-443723.900,-1172298.740,355.580
-443725.250,-1172298.710,355.410
-443725.490,-1172298.500,355.610
-443724.590,-1172298.630,355.520
-443726.420,-1172298.890,355.140
-443726.650,-1172298.700,355.300
-443726.890,-1172298.490,355.460
-443727.290,-1172298.560,355.340
-443728.800,-1172298.380,355.350
-443729.340,-1172298.650,355.040
-443728.340,-1172298.770,355.020
-443764.210,-1172294.790,351.830
-443759.500,-1172322.460,350.830
-443768.150,-1172321.980,350.210
-443770.640,-1172322.150,355.420
-443708.100,-1172337.480,355.380
-443708.370,-1172337.250,355.430
-443708.850,-1172337.460,352.200
-443717.750,-1172299.720,351.930
-443709.440,-1172300.110,355.110
-443708.840,-1172300.080,355.230
-443709.320,-1172299.670,355.560
-443706.520,-1172300.460,355.050
-443705.740,-1172300.130,355.500
-443840.310,-1172432.590,368.940
-443850.850,-1172393.100,374.770
-443845.520,-1172370.490,374.640
-443838.250,-1172370.810,374.390
-443837.640,-1172308.550,355.700
-443828.170,-1172309.570,355.820
-443817.660,-1172310.690,357.320
-443811.450,-1172311.310,357.670
-443774.850,-1172321.400,355.690
-443776.010,-1172320.420,356.510
-443775.630,-1172319.450,357.500
-443775.860,-1172319.260,357.660
-443774.150,-1172321.400,355.770
-443774.850,-1172320.810,356.290
-443775.100,-1172320.610,356.430
-443775.330,-1172320.410,356.560
-443776.030,-1172318.390,358.470
-443776.280,-1172318.180,358.620
-443771.330,-1172321.570,355.930
-443773.000,-1172320.170,357.020
-443775.490,-1172317.010,359.850
-443770.350,-1172321.880,355.680
-443775.260,-1172317.760,359.100
-443774.770,-1172317.050,359.810
-443770.110,-1172321.530,356.070
-443771.050,-1172320.740,356.720
-443771.280,-1172320.540,356.880
-443771.980,-1172319.960,357.320
-443772.000,-1172318.740,358.410
-443772.700,-1172318.150,358.900
-443773.850,-1172317.190,359.710
-443770.230,-1172319.110,358.300
-443771.180,-1172318.310,359.000
-443771.630,-1172317.930,359.300
-443772.350,-1172317.320,359.780
-443773.040,-1172316.740,360.320
-443773.280,-1172316.540,360.480
-443770.570,-1172318.210,359.120
-443771.270,-1172317.610,359.600
-443771.520,-1172317.410,359.760
-443771.770,-1172317.190,359.960
-443772.010,-1172316.990,360.110
-443772.230,-1172316.810,360.250
-443772.470,-1172316.610,360.410
-443773.630,-1172315.630,361.290
-443773.850,-1172315.450,361.490
-443769.990,-1172317.140,360.260
-443770.930,-1172316.350,360.870
-443770.070,-1172317.530,359.820
-443770.300,-1172317.340,359.970
-443770.560,-1172317.120,360.130
-443771.000,-1172316.750,360.420
-443771.240,-1172316.550,360.620
-443771.700,-1172316.160,360.930
-443771.940,-1172315.960,361.120
-443770.060,-1172316.130,361.190
-443770.520,-1172315.740,361.540
-443750.780,-1172320.670,358.070
-443747.980,-1172320.880,358.080
-443745.370,-1172321.200,358.190
-443743.310,-1172321.450,358.010
-443734.230,-1172320.780,361.390
-443724.230,-1172325.260,355.720
-443721.320,-1172324.630,356.500
-443734.720,-1172296.950,355.940
-443734.970,-1172296.210,356.540
-443728.680,-1172297.940,355.760
-443728.900,-1172297.750,355.950
-443728.900,-1172297.180,356.500
-443727.350,-1172298.090,355.780
-443727.580,-1172297.900,355.940
-443728.290,-1172297.280,356.460
-443728.520,-1172297.090,356.640
-443729.210,-1172296.500,357.140
-443729.440,-1172296.290,357.330
-443726.250,-1172298.380,355.630
-443726.740,-1172297.960,355.970
-443727.210,-1172297.560,356.260
-443727.430,-1172297.360,356.440
-443727.640,-1172297.180,356.610
-443728.820,-1172296.170,357.460
-443727.120,-1172297.100,356.740
-443727.360,-1172296.900,356.900
-443727.600,-1172296.690,357.060
-443724.810,-1172298.450,355.680
-443725.500,-1172297.850,356.170
-443725.720,-1172297.660,356.330
-443725.930,-1172297.480,356.490
-443727.100,-1172296.480,357.340
-443725.010,-1172297.030,357.040
-443724.390,-1172298.310,355.920
-443724.610,-1172298.120,356.050
-443725.990,-1172296.940,357.040
-443726.220,-1172296.740,357.190
-443722.280,-1172298.810,355.650
-443723.210,-1172298.010,356.320
-443723.690,-1172297.590,356.650
-443724.130,-1172297.210,356.990
-443721.790,-1172296.920,357.580
-443722.170,-1172297.830,356.660
-443723.310,-1172296.840,357.460
-443707.630,-1172299.500,355.950
-443707.870,-1172299.290,356.110
-443709.230,-1172298.110,357.180
-443708.310,-1172299.470,355.890
-443708.530,-1172299.270,356.080
-443708.770,-1172299.070,356.270
-443709.450,-1172298.470,356.850
-443707.500,-1172299.010,356.470
-443708.180,-1172298.430,356.980
-443708.850,-1172297.850,357.510
-443709.080,-1172297.640,357.690
-443707.100,-1172298.310,357.220
-443707.800,-1172297.700,357.750
-443708.030,-1172297.500,357.960
-443708.470,-1172297.110,358.320
-443707.620,-1172297.360,358.110
