-443841.780,-1172313.180,351.870
-443842.450,-1172311.460,353.240
-443842.050,-1172311.510,353.100
-443841.020,-1172312.150,352.750
-443839.380,-1172310.070,354.460
-443838.320,-1172312.060,353.050
-443839.230,-1172309.730,354.660
-443838.870,-1172309.370,355.030
-443836.660,-1172312.940,352.520
-443837.690,-1172310.290,354.440
-443838.270,-1172308.800,355.220
-443837.170,-1172309.880,354.680
-443835.710,-1172311.010,354.010
-443834.730,-1172312.220,353.150
-443833.990,-1172311.090,354.110
-443834.540,-1172309.660,355.080
-443832.030,-1172314.110,352.060
-443831.940,-1172313.410,352.570
-443832.100,-1172312.150,353.470
-443832.220,-1172311.840,353.700
-443831.550,-1172312.310,353.360
-443830.740,-1172311.810,353.820
-443830.050,-1172312.630,353.270
-443828.790,-1172313.270,352.850
-443827.380,-1172314.490,352.120
-443827.890,-1172312.190,353.720
-443828.220,-1172311.330,354.360
-443826.630,-1172313.570,352.810
-443827.080,-1172312.400,353.660
-443826.760,-1172312.290,353.790
-443827.230,-1172311.080,354.650
-443826.530,-1172311.960,354.010
-443825.420,-1172313.860,352.700
-443825.370,-1172311.670,354.370
-443824.240,-1172312.870,353.550
-443825.040,-1172310.800,355.070
-443820.420,-1172315.610,353.250
-443820.750,-1172314.750,353.820
-443820.860,-1172314.460,354.050
-443820.540,-1172314.510,353.990
-443820.590,-1172313.410,354.840
-443819.320,-1172315.700,353.260
-443820.140,-1172313.620,354.750
-443818.970,-1172315.690,353.300
-443819.770,-1172313.620,354.670
-443819.880,-1172313.330,354.940
-443818.600,-1172315.610,353.310
-443818.830,-1172315.000,353.770
-443819.530,-1172313.210,355.030
-443818.050,-1172314.650,354.100
-443818.490,-1172313.510,354.980
-443817.810,-1172313.600,354.960
-443818.050,-1172313.000,355.380
-443818.120,-1172313.550,354.890
-443816.060,-1172316.140,353.260
-443817.210,-1172313.170,355.350
-443816.410,-1172314.340,354.480
-443816.870,-1172313.140,355.320
-443816.050,-1172314.380,354.440
-443816.100,-1172313.060,355.380
-443814.560,-1172315.060,354.030
-443815.140,-1172313.570,355.180
-443814.610,-1172314.060,354.860
-443814.830,-1172313.490,355.270
-443813.870,-1172314.930,354.150
-443814.430,-1172313.480,355.240
-443813.320,-1172315.370,353.810
-443814.010,-1172313.590,355.200
-443813.300,-1172314.520,354.500
-443812.920,-1172314.430,354.640
-443813.260,-1172313.550,355.290
-443812.200,-1172314.960,354.260
-443812.410,-1172314.410,354.770
-443810.390,-1172316.490,353.490
-443810.980,-1172314.980,354.390
-443810.050,-1172316.420,353.400
-443810.380,-1172315.550,354.020
-443810.700,-1172313.790,355.330
-443810.190,-1172314.260,355.040
-443808.910,-1172316.650,353.420
-443809.350,-1172315.500,354.380
-443809.530,-1172313.970,355.340
-443808.530,-1172315.450,354.300
-443808.170,-1172315.580,354.240
-443807.940,-1172315.460,354.380
-443808.280,-1172314.580,355.000
-443807.010,-1172316.980,353.230
-443806.840,-1172316.540,353.710
-443805.950,-1172317.060,353.360
-443807.100,-1172314.100,355.360
-443804.970,-1172317.190,353.350
-443805.780,-1172315.120,354.850
-443804.240,-1172317.200,353.450
-443805.490,-1172314.770,355.120
-443805.280,-1172314.530,355.290
-443803.710,-1172315.310,354.850
-443802.490,-1172315.480,354.950
-443802.310,-1172315.050,355.180
-443720.840,-1172299.420,355.210
-443723.950,-1172299.400,355.030
-443726.770,-1172298.520,355.470
-443727.290,-1172299.080,354.890
-443727.520,-1172298.500,355.410
-443728.950,-1172298.240,355.410
-443721.430,-1172326.700,354.830
-443722.110,-1172325.740,355.480
-443722.650,-1172326.650,354.870
-443723.770,-1172325.660,355.450
-443735.060,-1172297.530,355.370
-443724.050,-1172326.230,354.930
-443724.180,-1172325.900,355.210
-443743.430,-1172297.150,354.970
-443774.510,-1172321.810,355.340
-443774.630,-1172321.510,355.310
-443771.350,-1172322.080,355.160
-443768.190,-1172321.950,350.200
-443720.700,-1172326.720,354.870
-443706.740,-1172300.610,354.960
-443844.390,-1172370.700,374.330
-443722.190,-1172297.320,357.030
-443722.570,-1172298.310,356.020
-443724.650,-1172294.800,357.580
-443724.890,-1172297.050,357.050
-443725.040,-1172298.100,355.910
-443725.940,-1172298.000,356.010
-443726.300,-1172297.110,356.810
-443725.490,-1172298.080,356.050
-443726.130,-1172298.110,355.950
-443726.880,-1172298.230,355.720
-443729.300,-1172297.340,356.280
-443730.160,-1172296.310,357.130
-443730.820,-1172296.470,357.180
-443720.960,-1172321.650,358.540
-443722.020,-1172321.940,358.250
-443720.840,-1172325.320,355.970
-443721.090,-1172324.700,356.430
-443733.800,-1172293.050,359.330
-443723.350,-1172321.880,358.150
-443734.160,-1172294.990,357.600
-443733.880,-1172296.430,356.480
-443734.010,-1172296.120,356.730
-443734.240,-1172295.540,357.240
-443734.130,-1172297.230,355.640
-443734.360,-1172296.650,356.210
-443734.720,-1172295.740,356.950
-443734.790,-1172296.400,356.360
-443724.390,-1172321.430,358.380
-443735.550,-1172295.590,356.910
-443725.100,-1172321.580,358.250
-443725.350,-1172321.700,358.210
-443735.180,-1172297.240,355.640
-443726.010,-1172322.290,357.690
-443740.910,-1172292.030,359.320
-443740.980,-1172292.690,358.930
-443741.100,-1172292.390,359.080
-443741.600,-1172292.200,359.130
-443741.850,-1172292.200,359.230
-443742.100,-1172292.880,358.560
-443742.330,-1172292.290,358.980
-443742.460,-1172291.980,359.290
-443742.340,-1172293.060,358.450
-443742.450,-1172292.780,358.650
-443743.030,-1172292.300,358.950
-443742.640,-1172293.800,357.840
-443742.870,-1172293.210,358.290
-443743.220,-1172292.330,359.010
-443743.050,-1172293.830,357.770
-443734.310,-1172320.590,361.510
-443733.580,-1172323.410,359.720
-443733.930,-1172322.540,360.230
-443737.070,-1172321.070,360.940
-443742.350,-1172317.590,360.800
-443742.520,-1172321.360,358.290
-443742.790,-1172321.410,358.300
-443743.850,-1172318.740,359.920
-443743.270,-1172321.340,358.280
-443744.040,-1172321.280,358.300
-443744.760,-1172319.460,359.420
-443750.430,-1172320.640,358.180
-443765.680,-1172316.620,361.380
-443765.720,-1172321.380,358.720
-443767.420,-1172320.930,358.880
-443770.750,-1172316.440,360.730
-443771.310,-1172317.230,359.840
-443770.340,-1172321.660,355.810
-443770.450,-1172321.380,356.120
-443771.160,-1172319.570,357.720
-443772.070,-1172317.230,359.840
-443771.740,-1172319.250,357.890
-443772.430,-1172317.500,359.480
-443771.230,-1172321.290,356.180
-443771.690,-1172320.110,357.230
-443771.800,-1172319.820,357.500
-443772.040,-1172319.200,357.940
-443772.750,-1172317.400,359.620
-443771.690,-1172321.200,356.130
-443772.050,-1172320.280,356.890
-443772.740,-1172318.500,358.530
-443771.950,-1172321.520,355.920
-443772.420,-1172320.330,356.970
-443772.650,-1172319.740,357.430
-443772.760,-1172319.450,357.690
-443773.580,-1172317.340,359.450
-443773.110,-1172320.680,356.520
-443774.030,-1172318.330,358.720
-443774.470,-1172318.270,358.630
-443775.160,-1172316.500,360.260
-443774.050,-1172320.280,356.730
-443774.290,-1172319.670,357.280
-443774.880,-1172318.170,358.700
-443775.440,-1172316.740,360.100
-443774.130,-1172321.280,355.760
-443774.370,-1172320.670,356.570
-443774.710,-1172319.790,357.210
-443774.700,-1172320.400,356.690
-443774.940,-1172319.790,357.160
-443775.440,-1172320.190,356.750
-443774.740,-1172321.230,355.900
-443789.280,-1172317.050,359.870
-443789.620,-1172319.730,358.110
-443789.600,-1172318.810,358.760
-443792.640,-1172320.370,357.290
-443802.480,-1172313.900,356.120
-443802.600,-1172313.600,356.350
-443803.530,-1172312.800,356.840
-443803.780,-1172314.300,355.700
-443805.100,-1172313.750,355.920
-443805.330,-1172313.170,356.410
-443805.950,-1172313.590,355.990
-443806.290,-1172312.710,356.630
-443807.080,-1172310.680,358.160
-443806.720,-1172313.790,355.740
-443806.950,-1172313.180,356.140
-443808.210,-1172309.930,358.560
-443806.360,-1172313.620,355.930
-443808.960,-1172310.210,358.260
-443809.070,-1172309.910,358.580
-443807.790,-1172312.330,356.750
-443808.900,-1172311.260,357.560
-443809.460,-1172309.810,358.730
-443809.290,-1172311.100,357.520
-443809.770,-1172311.450,357.200
-443809.880,-1172311.180,357.380
-443809.980,-1172310.910,357.720
-443810.320,-1172310.040,358.450
-443808.510,-1172314.000,355.480
-443809.090,-1172312.520,356.510
-443809.760,-1172310.780,357.850
-443810.110,-1172309.890,358.580
-443809.340,-1172313.370,355.910
-443809.800,-1172312.180,356.630
-443810.150,-1172311.280,357.410
-443810.260,-1172310.990,357.650
-443810.380,-1172310.700,357.900
-443809.650,-1172313.650,355.560
-443809.760,-1172313.350,355.800
-443809.870,-1172313.070,356.140
-443810.530,-1172313.400,355.790
-443810.050,-1172313.720,355.550
-443810.150,-1172313.440,355.780
-443812.670,-1172309.670,358.370
-443810.820,-1172313.490,355.680
-443812.460,-1172311.150,357.210
-443812.710,-1172312.350,356.250
-443813.170,-1172311.170,357.200
-443813.750,-1172309.670,358.320
-443812.430,-1172312.090,356.420
-443812.770,-1172311.210,357.100
-443813.000,-1172310.620,357.540
-443813.840,-1172312.070,356.390
-443813.950,-1172311.790,356.630
-443814.060,-1172311.500,356.810
-443814.170,-1172311.210,357.050
-443814.410,-1172310.590,357.490
-443814.530,-1172310.300,357.730
-443814.760,-1172309.710,358.220
-443813.220,-1172312.340,356.190
-443814.920,-1172311.260,356.960
-443815.260,-1172310.390,357.620
-443814.080,-1172312.490,355.970
-443814.310,-1172311.910,356.410
-443814.770,-1172310.720,357.330
-443814.940,-1172313.220,355.480
-443815.410,-1172312.010,356.370
-443814.670,-1172312.860,355.720
-443815.250,-1172311.380,356.770
-443815.350,-1172311.110,357.010
-443816.900,-1172310.990,356.970
-443815.690,-1172313.100,355.490
-443815.920,-1172312.510,355.970
-443815.370,-1172312.960,355.550
-443815.940,-1172311.500,356.890
-443816.730,-1172312.630,355.820
-443816.550,-1172311.890,356.260
-443818.940,-1172311.460,356.390
-443818.730,-1172311.240,356.650
-443819.210,-1172312.790,355.460
-443819.430,-1172312.210,355.890
-443818.830,-1172312.630,355.600
-443820.230,-1172312.430,355.620
-443820.580,-1172311.540,356.170
-443819.750,-1172312.630,355.510
-443825.820,-1172309.610,355.850
-443825.030,-1172309.880,355.690
-443825.940,-1172310.220,355.440
-443828.910,-1172307.700,356.980
-443827.800,-1172309.620,355.660
-443827.460,-1172309.580,355.650
-443830.790,-1172309.020,355.870
-443830.860,-1172307.960,356.660
-443829.690,-1172309.640,355.460
-443829.910,-1172309.050,355.870
-443830.020,-1172308.780,356.140
-443830.470,-1172307.620,356.880
-443830.580,-1172307.340,357.120
-443832.700,-1172307.410,356.980
-443832.810,-1172307.140,357.230
-443831.630,-1172309.510,355.500
-443831.750,-1172309.200,355.700
-443832.440,-1172307.440,357.000
-443831.880,-1172307.920,356.610
-443832.100,-1172307.370,357.030
-443831.290,-1172308.660,356.060
-443833.660,-1172308.980,355.600
-443834.460,-1172306.930,357.160
-443836.220,-1172307.250,356.830
-443835.530,-1172307.960,356.240
-443835.560,-1172307.030,356.990
-443836.210,-1172308.400,355.790
-443836.560,-1172307.510,356.540
-443838.260,-1172308.820,355.550
-443703.100,-1172297.680,357.220
-443706.910,-1172299.240,356.090
-443707.260,-1172297.110,358.360
-443708.720,-1172299.300,355.860
-443713.030,-1172322.550,361.520
-443716.750,-1172322.450,361.320
-443717.650,-1172323.000,357.880
-443718.010,-1172322.090,358.430
-443719.300,-1172325.140,356.160
-443719.650,-1172324.260,356.740
-443719.880,-1172325.590,355.760
-443771.150,-1172411.540,354.090
-443842.090,-1172313.130,352.040
-443841.850,-1172313.330,351.870
-443841.900,-1172311.460,353.220
-443840.970,-1172312.240,352.720
-443841.670,-1172310.200,354.140
-443838.020,-1172313.300,352.220
-443839.670,-1172312.410,352.710
-443838.210,-1172311.960,353.140
-443835.810,-1172313.160,352.520
-443840.410,-1172308.820,355.210
-443834.680,-1172313.210,352.480
-443834.710,-1172312.360,353.130
-443839.000,-1172309.180,355.080
-443838.770,-1172309.370,354.780
-443834.440,-1172313.040,352.630
-443833.000,-1172313.810,352.240
-443838.310,-1172308.800,355.440
-443835.690,-1172311.030,353.970
-443832.530,-1172313.710,352.380
-443832.300,-1172313.900,352.230
-443832.510,-1172312.880,353.010
-443831.340,-1172314.210,352.050
-443835.180,-1172310.600,354.340
-443835.710,-1172309.390,355.180
-443834.750,-1172310.210,354.670
-443836.550,-1172309.100,355.330
-443836.080,-1172309.500,355.050
-443835.120,-1172310.320,354.550
-443831.280,-1172313.570,352.540
-443831.410,-1172313.040,352.880
-443834.590,-1172309.520,355.250
-443829.800,-1172313.980,352.310
-443832.160,-1172311.580,353.950
-443834.270,-1172309.360,355.350
-443831.600,-1172311.630,353.900
-443833.030,-1172309.860,355.170
-443830.600,-1172311.920,353.760
-443830.240,-1172311.720,353.920
-443829.520,-1172312.330,353.490
-443831.820,-1172309.870,355.160
-443828.430,-1172312.750,353.300
-443831.300,-1172309.920,355.200
-443830.750,-1172309.840,355.260
-443828.820,-1172311.480,354.250
-443827.840,-1172312.310,353.670
-443826.640,-1172313.330,353.030
-443824.690,-1172314.500,352.310
-443824.440,-1172314.700,352.160
-443826.140,-1172312.790,353.450
-443824.160,-1172312.630,353.810
-443826.050,-1172310.610,355.110
-443820.420,-1172314.840,353.780
-443819.610,-1172314.960,353.720
-443818.440,-1172315.520,353.480
-443817.750,-1172315.660,353.390
-443819.380,-1172313.220,355.090
-443816.950,-1172315.280,353.710
-443818.680,-1172313.390,355.020
-443817.450,-1172314.440,354.350
-443817.220,-1172314.630,354.270
-443816.510,-1172315.230,353.780
-443816.400,-1172314.490,354.380
-443816.050,-1172314.280,354.530
-443816.980,-1172313.140,355.400
-443814.570,-1172315.180,353.960
-443814.650,-1172314.640,354.350
-443813.850,-1172314.860,354.320
-443813.360,-1172315.280,354.030
-443813.120,-1172315.480,353.830
-443815.040,-1172313.340,355.320
-443814.810,-1172313.540,355.210
-443814.250,-1172313.700,355.120
-443813.770,-1172314.110,354.830
-443813.260,-1172314.550,354.570
-443813.940,-1172313.530,355.260
-443812.240,-1172314.970,354.330
-443813.450,-1172313.480,355.340
-443813.190,-1172313.700,355.200
-443811.030,-1172314.920,354.510
-443810.300,-1172315.530,354.100
-443808.580,-1172316.570,353.430
-443810.790,-1172314.140,355.100
-443810.530,-1172313.780,355.470
-443808.560,-1172315.440,354.350
-443808.330,-1172315.640,354.140
-443809.730,-1172313.870,355.400
-443808.530,-1172314.880,354.690
-443807.800,-1172315.500,354.310
-443809.050,-1172314.020,355.370
-443808.350,-1172314.620,354.990
-443808.390,-1172314.140,355.280
-443807.640,-1172314.770,354.910
-443804.960,-1172317.040,353.440
-443804.720,-1172317.250,353.190
-443807.070,-1172314.770,354.910
-443805.600,-1172316.010,354.110
-443804.160,-1172317.240,353.250
-443805.960,-1172314.740,355.080
-443805.580,-1172314.510,355.290
-443802.890,-1172316.780,353.810
-443802.660,-1172316.980,353.590
-443804.690,-1172314.670,355.260
-443803.730,-1172314.490,355.430
-443802.240,-1172314.860,355.340
-443801.990,-1172315.070,355.200
-443720.840,-1172299.450,355.220
-443721.360,-1172299.470,355.170
-443721.600,-1172299.660,354.950
-443729.100,-1172298.410,355.290
-443730.110,-1172298.400,355.190
-443729.860,-1172298.610,355.010
-443734.210,-1172297.440,355.570
-443735.260,-1172297.600,355.300
-443743.340,-1172297.010,355.120
-443743.530,-1172297.280,354.880
-443771.410,-1172322.130,355.210
-443768.900,-1172322.210,355.430
-443724.420,-1172325.430,355.500
-443714.050,-1172300.730,354.960
-443709.180,-1172300.350,354.890
-443707.810,-1172300.460,354.900
-443723.430,-1172296.800,357.420
-443724.780,-1172297.020,357.020
-443723.570,-1172298.020,356.210
-443724.230,-1172298.000,356.200
-443723.510,-1172298.600,355.690
-443725.330,-1172297.550,356.490
-443725.090,-1172297.760,356.340
-443725.050,-1172298.180,355.920
-443724.820,-1172298.380,355.760
-443726.650,-1172297.640,356.260
-443725.680,-1172298.450,355.620
-443729.580,-1172296.040,357.540
-443734.390,-1172292.960,359.300
-443734.150,-1172293.160,359.150
-443735.710,-1172292.650,359.360
-443734.240,-1172293.870,358.550
-443729.560,-1172297.780,355.770
-443729.310,-1172297.990,355.630
-443734.880,-1172294.020,358.370
-443734.020,-1172295.140,357.520
-443735.180,-1172294.630,357.780
-443734.950,-1172294.830,357.640
-443734.180,-1172295.460,357.230
-443734.880,-1172295.290,357.280
-443734.440,-1172296.240,356.530
-443734.200,-1172296.440,356.390
-443733.960,-1172296.640,356.160
-443740.160,-1172291.960,359.520
-443734.790,-1172296.430,356.350
-443735.440,-1172296.410,356.280
-443734.690,-1172297.030,355.860
-443741.030,-1172292.180,359.270
-443740.790,-1172292.390,359.110
-443735.610,-1172296.700,356.020
-443742.350,-1172291.690,359.530
-443741.630,-1172292.290,359.110
-443742.290,-1172292.220,359.140
-443742.040,-1172292.420,358.980
-443742.570,-1172292.520,358.870
-443742.080,-1172292.930,358.520
-443741.820,-1172293.140,358.370
-443742.300,-1172293.070,358.430
-443742.880,-1172294.450,357.220
-443722.340,-1172321.520,358.560
-443723.090,-1172321.380,358.580
-443722.680,-1172322.880,357.560
-443721.700,-1172323.700,357.040
-443726.050,-1172323.170,357.030
-443725.670,-1172324.390,356.170
-443734.300,-1172320.590,361.550
-443737.430,-1172320.090,361.500
-443733.690,-1172323.520,359.640
-443743.850,-1172318.730,359.910
-443742.810,-1172321.400,358.240
-443746.720,-1172318.480,359.910
-443744.360,-1172321.480,357.870
-443750.650,-1172320.620,358.200
-443766.910,-1172316.140,361.640
-443767.200,-1172316.270,361.560
-443769.940,-1172316.970,360.340
-443771.190,-1172317.310,359.870
-443770.430,-1172318.850,358.510
-443772.060,-1172319.540,357.730
-443771.840,-1172319.730,357.570
-443771.590,-1172319.940,357.400
-443770.860,-1172320.550,356.930
-443770.630,-1172320.180,357.260
-443775.500,-1172316.640,360.210
-443774.770,-1172317.260,359.660
-443771.900,-1172320.670,356.690
-443771.160,-1172321.290,356.170
-443772.860,-1172320.910,356.350
-443772.370,-1172321.320,356.040
-443774.590,-1172319.860,357.130
-443774.530,-1172320.540,356.530
-443775.770,-1172319.960,356.980
-443775.530,-1172320.160,356.800
-443775.460,-1172320.720,356.270
-443776.210,-1172321.040,355.850
-443785.750,-1172316.800,359.280
-443789.570,-1172319.560,358.200
-443804.430,-1172312.030,357.320
-443802.230,-1172313.890,356.090
-443804.740,-1172312.190,357.180
-443804.510,-1172312.390,357.010
-443805.850,-1172312.250,357.030
-443805.610,-1172312.460,356.850
-443808.010,-1172309.970,358.620
-443807.760,-1172310.180,358.490
-443807.040,-1172310.790,358.090
-443803.910,-1172313.440,356.290
-443806.340,-1172312.670,356.610
-443805.110,-1172313.720,355.910
-443809.070,-1172309.970,358.520
-443808.820,-1172310.180,358.400
-443806.170,-1172312.430,356.840
-443805.670,-1172312.850,356.590
-443805.200,-1172313.250,356.290
-443803.990,-1172314.270,355.570
-443810.560,-1172310.830,357.770
-443810.070,-1172311.250,357.450
-443809.820,-1172311.460,357.290
-443809.110,-1172312.060,356.880
-443807.630,-1172313.320,356.020
-443809.920,-1172310.830,357.780
-443808.210,-1172312.270,356.800
-443810.490,-1172309.760,358.630
-443810.000,-1172310.180,358.280
-443809.750,-1172310.380,358.150
-443808.060,-1172311.810,357.210
-443807.830,-1172312.020,357.060
-443807.590,-1172312.220,356.940
-443807.350,-1172312.420,356.790
-443806.160,-1172313.420,356.090
-443810.460,-1172311.890,356.910
-443810.410,-1172311.400,357.270
-443807.990,-1172313.440,355.860
-443807.490,-1172313.860,355.560
-443812.460,-1172312.130,356.470
-443814.580,-1172309.750,358.150
-443813.610,-1172310.570,357.570
-443812.880,-1172311.190,357.150
-443810.210,-1172313.460,355.670
-443809.960,-1172313.670,355.510
-443813.890,-1172309.920,358.140
-443813.380,-1172310.350,357.860
-443810.710,-1172312.610,356.390
-443810.500,-1172312.790,356.210
-443810.250,-1172313.000,356.070
-443810.010,-1172313.210,355.930
-443809.540,-1172313.600,355.650
-443815.600,-1172311.030,357.070
-443815.100,-1172311.460,356.750
-443814.620,-1172311.860,356.450
-443813.900,-1172312.480,356.020
-443814.860,-1172311.250,356.960
-443813.450,-1172312.450,356.120
-443814.870,-1172310.670,357.430
-443812.760,-1172312.470,356.190
-443814.860,-1172310.100,357.890
-443814.380,-1172310.510,357.600
-443816.700,-1172311.930,356.260
-443817.140,-1172311.250,356.770
-443816.890,-1172311.460,356.660
-443816.660,-1172311.660,356.540
-443817.330,-1172310.650,357.240
-443817.090,-1172310.850,357.090
-443816.860,-1172311.050,356.960
-443814.910,-1172312.700,355.880
-443815.380,-1172311.840,356.480
-443815.130,-1172312.050,356.310
-443820.000,-1172311.440,356.420
-443819.460,-1172311.390,356.470
-443819.210,-1172311.610,356.320
-443819.680,-1172310.850,356.900
-443819.200,-1172311.250,356.630
-443818.940,-1172311.470,356.470
-443818.770,-1172311.140,356.750
-443818.650,-1172310.790,357.010
-443818.190,-1172311.170,356.770
-443816.490,-1172312.620,355.760
-443820.360,-1172312.390,355.670
-443819.890,-1172312.360,355.710
-443819.660,-1172312.560,355.550
-443819.480,-1172312.270,355.870
-443825.940,-1172309.580,355.850
-443825.700,-1172309.790,355.660
-443825.230,-1172309.750,355.790
-443830.440,-1172307.300,357.180
-443829.940,-1172307.730,356.900
-443829.910,-1172307.330,357.210
-443829.440,-1172308.530,356.340
-443832.210,-1172307.180,357.210
-443831.960,-1172307.400,357.040
-443832.400,-1172307.480,356.870
-443832.020,-1172309.310,355.640
-443835.460,-1172307.800,356.380
-443835.760,-1172307.030,356.940
-443837.210,-1172307.300,356.680
-443835.560,-1172308.700,355.720
-443836.420,-1172307.540,356.530
-443836.430,-1172308.780,355.580
-443827.690,-1172330.860,371.000
-443832.870,-1172330.680,371.050
-443708.340,-1172297.030,358.390
-443708.100,-1172298.000,357.400
-443707.350,-1172298.630,356.860
-443706.990,-1172299.390,356.100
-443704.840,-1172326.230,361.140
-443711.980,-1172322.150,361.900
-443719.410,-1172323.540,357.320
-443719.810,-1172324.380,356.680
-443719.210,-1172325.790,355.760
-443719.400,-1172325.240,356.130
-443721.100,-1172324.650,356.390
-443773.210,-1172411.260,353.820
-443841.890,-1172311.470,353.260
-443841.550,-1172310.850,353.760
-443833.160,-1172312.960,352.840
-443832.790,-1172313.880,352.120
-443833.270,-1172311.320,354.170
-443833.080,-1172311.790,353.760
-443832.920,-1172310.710,354.540
-443832.750,-1172309.940,355.140
-443832.420,-1172310.790,354.570
-443831.680,-1172311.470,354.030
-443830.980,-1172313.240,352.770
-443831.560,-1172310.430,354.890
-443830.020,-1172311.840,353.880
-443828.950,-1172312.220,353.740
-443827.970,-1172313.260,352.920
-443827.430,-1172314.630,351.940
-443827.230,-1172311.000,354.820
-443825.950,-1172314.180,352.500
-443826.050,-1172311.350,354.540
-443824.790,-1172314.510,352.270
-443824.590,-1172313.920,352.770
-443820.820,-1172314.520,354.070
-443820.450,-1172315.420,353.460
-443819.710,-1172313.410,354.980
-443819.350,-1172314.310,354.340
-443818.990,-1172315.210,353.710
-443818.720,-1172313.420,355.000
-443817.280,-1172314.600,354.060
-443816.020,-1172315.830,353.500
-443816.180,-1172314.260,354.690
-443815.480,-1172316.010,353.560
-443815.020,-1172314.610,354.320
-443813.800,-1172315.020,354.210
-443813.610,-1172315.480,353.850
-443810.690,-1172314.170,355.110
-443806.610,-1172316.910,353.390
-443804.350,-1172316.020,354.230
-443725.330,-1172298.950,355.200
-443725.740,-1172298.790,355.440
-443721.940,-1172326.620,355.050
-443735.140,-1172297.570,355.300
-443723.430,-1172326.040,355.150
-443735.390,-1172297.640,355.380
-443724.050,-1172326.340,355.020
-443721.140,-1172326.630,355.050
-443720.900,-1172326.660,354.930
-443830.500,-1172336.940,370.750
-443832.920,-1172330.700,371.130
-443831.280,-1172308.680,356.140
-443830.710,-1172307.800,356.770
-443830.680,-1172309.100,355.770
-443825.120,-1172309.890,355.740
-443819.350,-1172310.630,357.150
-443819.010,-1172311.480,356.540
-443818.820,-1172311.950,356.180
-443817.660,-1172311.770,356.260
-443818.800,-1172310.820,357.060
-443816.930,-1172311.060,356.930
-443814.980,-1172310.700,357.480
-443813.860,-1172313.460,355.410
-443815.280,-1172311.350,356.970
-443815.100,-1172311.800,356.570
-443814.720,-1172312.730,355.930
-443815.020,-1172313.330,355.450
-443813.900,-1172311.200,357.050
-443813.540,-1172312.080,356.400
-443813.370,-1172312.500,356.110
-443814.960,-1172309.720,358.210
-443814.600,-1172310.600,357.550
-443814.400,-1172311.090,357.150
-443813.040,-1172310.710,357.500
-443813.850,-1172310.140,358.000
-443812.590,-1172310.750,357.620
-443809.990,-1172311.190,357.570
-443808.610,-1172310.880,357.910
-443807.900,-1172310.240,358.440
-443803.960,-1172313.510,356.210
-443740.110,-1172323.360,360.230
-443742.570,-1172293.770,357.950
-443742.720,-1172292.850,358.450
-443742.440,-1172292.060,359.350
-443741.880,-1172292.710,358.640
-443741.700,-1172293.140,358.460
-443740.780,-1172292.460,359.180
-443740.440,-1172291.930,359.600
-443740.910,-1172291.840,359.480
-443740.710,-1172292.330,359.150
-443725.480,-1172321.730,358.310
-443724.280,-1172324.620,356.230
-443737.340,-1172292.300,359.440
-443735.830,-1172294.070,358.200
-443734.460,-1172296.220,356.740
-443734.250,-1172296.710,356.390
-443723.170,-1172323.640,357.200
-443735.580,-1172292.740,359.350
-443735.380,-1172293.240,358.930
-443734.970,-1172294.220,358.240
-443734.770,-1172294.690,357.830
-443734.570,-1172295.180,357.420
-443734.390,-1172295.620,357.160
-443734.250,-1172293.270,359.060
-443729.390,-1172296.080,357.540
-443728.730,-1172297.670,356.090
-443728.510,-1172298.200,355.570
-443727.400,-1172298.140,355.840
-443726.160,-1172297.800,356.270
-443725.750,-1172298.770,355.490
-443726.330,-1172298.440,355.550
-443725.470,-1172296.520,357.560
-443724.410,-1172296.800,357.460
-443723.320,-1172298.110,356.310
-443723.120,-1172298.590,355.890
-443723.440,-1172297.280,357.060
-443722.970,-1172298.420,355.860
-443722.410,-1172297.960,356.590
-443720.920,-1172325.650,355.730
-443719.330,-1172322.480,358.020
-443718.130,-1172325.370,356.060
-443718.430,-1172325.280,356.280
-443718.180,-1172321.590,358.760
-443718.000,-1172322.040,358.450
-443717.610,-1172322.970,357.850
-443712.690,-1172322.560,361.650
-443711.700,-1172322.070,361.980
-443711.490,-1172322.570,361.670
-443842.190,-1172313.180,351.970
-443841.100,-1172313.040,352.140
-443839.960,-1172313.590,351.860
-443842.140,-1172311.610,353.070
-443841.900,-1172311.430,353.210
-443839.700,-1172312.990,352.280
-443837.990,-1172313.410,352.100
-443839.080,-1172312.050,352.980
-443836.910,-1172313.680,352.040
-443836.380,-1172313.660,352.040
-443838.250,-1172311.960,353.080
-443836.640,-1172312.900,352.540
-443837.280,-1172312.320,352.930
-443836.570,-1172312.450,352.880
-443838.450,-1172310.740,353.930
-443835.370,-1172313.030,352.580
-443839.160,-1172309.590,354.820
-443832.710,-1172313.770,352.270
-443835.250,-1172311.470,353.660
-443835.910,-1172310.870,354.050
-443836.520,-1172310.320,354.370
-443837.150,-1172309.740,354.770
-443833.100,-1172313.000,352.830
-443832.040,-1172313.440,352.530
-443833.010,-1172312.570,353.080
-443835.170,-1172310.610,354.270
-443836.780,-1172309.150,355.240
-443833.960,-1172311.220,354.000
-443834.910,-1172310.360,354.560
-443835.850,-1172309.510,355.100
-443836.440,-1172308.970,355.400
-443831.450,-1172313.120,352.760
-443832.080,-1172312.550,353.160
-443833.030,-1172311.690,353.720
-443834.360,-1172310.070,354.800
-443834.680,-1172309.780,354.990
-443829.650,-1172313.840,352.340
-443830.290,-1172313.260,352.750
-443831.560,-1172312.110,353.480
-443832.860,-1172310.450,354.640
-443829.700,-1172312.900,353.030
-443832.900,-1172309.980,354.970
-443832.140,-1172310.390,354.850
-443827.580,-1172313.130,353.120
-443828.520,-1172312.270,353.620
-443830.080,-1172310.850,354.560
-443825.960,-1172314.150,352.460
-443827.890,-1172312.390,353.600
-443828.880,-1172311.490,354.230
-443825.170,-1172313.680,352.900
-443824.460,-1172313.880,352.730
-443824.790,-1172313.570,352.970
-443824.260,-1172313.560,353.130
-443825.500,-1172311.790,354.240
-443820.590,-1172315.630,353.190
-443824.230,-1172311.760,354.390
-443818.760,-1172315.650,353.220
-443818.740,-1172313.790,354.680
-443819.370,-1172313.220,355.080
-443815.740,-1172316.010,353.220
-443813.260,-1172315.400,353.840
-443811.030,-1172316.330,353.380
-443812.300,-1172315.170,354.080
-443813.250,-1172314.310,354.670
-443813.890,-1172313.730,355.070
-443813.330,-1172313.680,355.210
-443810.490,-1172315.680,353.970
-443807.990,-1172316.980,353.180
-443809.230,-1172315.850,353.890
-443810.540,-1172314.660,354.700
-443808.210,-1172315.890,353.940
-443808.550,-1172315.580,354.160
-443810.550,-1172313.770,355.410
-443806.180,-1172317.190,353.170
-443806.480,-1172316.920,353.340
-443807.820,-1172315.710,354.130
-443808.160,-1172315.390,354.360
-443809.450,-1172314.220,355.150
-443809.800,-1172313.900,355.410
-443807.650,-1172315.430,354.320
-443808.300,-1172314.830,354.720
-443804.950,-1172317.010,353.400
-443807.870,-1172314.360,355.180
-443804.240,-1172317.250,353.280
-443806.660,-1172314.730,354.950
-443807.330,-1172314.120,355.390
-443804.050,-1172317.090,353.460
-443804.370,-1172316.810,353.600
-443803.240,-1172317.440,353.330
-443804.310,-1172316.000,354.190
-443804.650,-1172315.690,354.460
-443805.600,-1172314.820,354.960
-443802.440,-1172317.180,353.570
-443804.390,-1172315.410,354.700
-443805.340,-1172314.540,355.310
-443803.340,-1172315.890,354.340
-443802.790,-1172315.910,354.500
-443804.060,-1172314.750,355.240
-443720.960,-1172299.490,355.170
-443724.020,-1172298.680,355.530
-443724.610,-1172299.160,355.000
-443724.970,-1172298.830,355.290
-443725.550,-1172298.710,355.390
-443722.060,-1172326.210,355.170
-443723.530,-1172325.980,355.220
-443723.850,-1172325.690,355.390
-443724.120,-1172325.910,355.240
-443724.110,-1172326.300,354.890
-443725.100,-1172325.390,355.490
-443724.880,-1172326.410,354.780
-443726.610,-1172325.150,355.570
-443717.810,-1172326.350,355.470
-443709.640,-1172300.010,355.040
-443706.560,-1172300.610,354.850
-443705.530,-1172300.830,354.820
-443838.670,-1172400.120,374.290
-443835.670,-1172338.690,370.750
-443834.470,-1172330.560,371.120
-443831.550,-1172330.670,371.020
-443827.710,-1172330.960,370.800
-443837.260,-1172307.440,356.550
-443836.220,-1172308.800,355.520
-443835.080,-1172308.420,355.930
-443836.070,-1172307.530,356.560
-443836.690,-1172306.960,356.940
-443835.690,-1172308.360,355.890
-443837.000,-1172307.170,356.720
-443833.840,-1172309.130,355.510
-443835.140,-1172307.210,356.840
-443835.440,-1172306.940,357.000
-443835.900,-1172306.980,357.020
-443831.400,-1172309.200,355.730
-443832.040,-1172308.630,356.140
-443831.680,-1172309.410,355.480
-443833.940,-1172307.350,356.860
-443834.260,-1172307.060,357.040
-443831.400,-1172308.620,356.110
-443830.310,-1172309.010,355.910
-443832.250,-1172307.260,357.160
-443830.620,-1172307.770,356.820
-443830.950,-1172307.480,357.070
-443829.920,-1172308.920,355.980
-443829.940,-1172307.760,356.830
-443825.400,-1172309.620,355.910
-443825.770,-1172309.800,355.730
-443816.810,-1172311.070,356.900
-443817.020,-1172311.370,356.690
-443817.510,-1172311.540,356.450
-443817.830,-1172311.250,356.600
-443818.760,-1172310.920,356.910
-443818.840,-1172311.270,356.580
-443819.510,-1172310.660,357.000
-443818.900,-1172311.580,356.360
-443819.210,-1172311.300,356.580
-443814.420,-1172311.130,357.050
-443814.740,-1172310.840,357.230
-443814.290,-1172311.650,356.690
-443814.630,-1172311.340,356.920
-443815.630,-1172310.430,357.550
-443814.050,-1172312.440,356.040
-443815.360,-1172311.250,356.880
-443815.680,-1172310.960,357.110
-443809.660,-1172313.600,355.570
-443809.980,-1172313.310,355.810
-443814.220,-1172309.460,358.440
-443813.340,-1172310.690,357.510
-443814.620,-1172309.520,358.330
-443810.860,-1172313.490,355.620
-443812.760,-1172311.760,356.690
-443813.720,-1172310.890,357.310
-443814.040,-1172310.590,357.510
-443814.720,-1172309.980,357.950
-443812.670,-1172312.320,356.330
-443813.970,-1172311.130,357.150
-443814.640,-1172310.530,357.570
-443810.460,-1172312.000,356.750
-443809.740,-1172313.090,356.040
-443810.420,-1172312.480,356.470
-443806.910,-1172313.640,355.800
-443808.230,-1172312.430,356.590
-443809.230,-1172311.520,357.240
-443807.810,-1172313.280,356.090
-443808.120,-1172313.000,356.280
-443809.780,-1172311.490,357.270
-443810.440,-1172310.880,357.710
-443807.970,-1172313.530,355.780
-443808.640,-1172312.920,356.160
-443805.050,-1172313.850,355.840
-443808.980,-1172310.280,358.310
-443805.340,-1172314.070,355.590
-443807.250,-1172312.330,356.750
-443807.570,-1172312.040,356.980
-443809.530,-1172310.260,358.210
-443809.850,-1172309.970,358.430
-443807.620,-1172312.480,356.680
-443807.940,-1172312.180,356.860
-443809.950,-1172310.360,358.160
-443807.970,-1172310.030,358.600
-443804.550,-1172312.160,357.260
-443802.900,-1172314.120,355.800
-443785.160,-1172317.710,358.790
-443782.320,-1172319.480,357.880
-443775.890,-1172319.980,356.950
-443774.190,-1172319.750,357.310
-443770.810,-1172321.500,356.000
-443772.220,-1172320.590,356.730
-443772.560,-1172320.280,356.950
-443770.500,-1172321.390,356.110
-443771.540,-1172320.440,356.910
-443771.500,-1172319.720,357.580
-443772.190,-1172319.080,358.060
-443772.930,-1172318.410,358.640
-443770.860,-1172319.920,357.430
-443772.600,-1172318.340,358.710
-443771.150,-1172319.260,358.020
-443773.140,-1172317.200,359.820
-443773.500,-1172316.870,360.080
-443774.620,-1172315.850,361.030
-443771.130,-1172316.750,360.390
-443770.790,-1172315.610,361.580
-443770.060,-1172315.680,361.570
-443747.190,-1172320.930,358.220
-443746.130,-1172320.950,358.290
-443746.790,-1172318.520,359.870
-443742.010,-1172321.160,358.500
-443744.980,-1172318.440,360.030
-443743.520,-1172318.560,360.080
-443731.430,-1172325.230,358.710
-443733.410,-1172323.410,359.720
-443731.230,-1172323.560,359.790
-443726.020,-1172324.960,355.790
-443725.740,-1172323.420,356.840
-443726.090,-1172323.100,357.060
-443725.470,-1172323.060,357.160
-443723.220,-1172323.870,356.760
-443725.130,-1172321.560,358.250
-443725.470,-1172321.260,358.460
-443721.180,-1172323.240,357.360
-443720.990,-1172322.630,357.830
-443721.150,-1172321.590,358.510
-443742.340,-1172292.670,358.720
-443742.160,-1172292.470,358.880
-443741.580,-1172292.540,358.920
-443741.910,-1172292.230,359.180
-443741.240,-1172292.430,359.010
-443740.990,-1172292.110,359.350
-443735.340,-1172296.920,355.840
-443734.290,-1172297.320,355.710
-443734.680,-1172295.300,357.270
-443735.900,-1172293.720,358.500
-443734.050,-1172295.060,357.560
-443734.730,-1172294.430,357.990
-443735.070,-1172294.130,358.210
-443734.250,-1172294.350,358.150
-443735.550,-1172292.830,359.220
-443728.010,-1172298.150,355.640
-443728.720,-1172297.500,356.200
-443734.090,-1172292.540,359.710
-443727.180,-1172298.130,355.760
-443725.080,-1172297.700,356.340
-443725.650,-1172296.540,357.440
-443723.260,-1172298.350,355.920
-443723.630,-1172298.000,356.190
-443722.730,-1172297.850,356.490
-443723.080,-1172297.530,356.750
-443723.430,-1172297.210,357.010
-443723.310,-1172296.720,357.560
-443719.920,-1172325.430,355.910
-443720.250,-1172325.130,356.140
-443717.610,-1172325.750,355.910
-443718.600,-1172324.830,356.460
-443718.100,-1172323.610,357.370
-443719.820,-1172322.040,358.350
-443720.490,-1172321.420,358.730
-443714.970,-1172322.560,361.350
-443712.270,-1172322.230,361.790
-443709.350,-1172323.070,361.440
-443708.580,-1172322.530,361.920
-443707.350,-1172298.630,356.820
-443707.000,-1172298.960,356.510
-443743.600,-1172411.110,347.950
-443743.480,-1172411.420,347.850
-443746.300,-1172411.360,347.850
-443738.440,-1172437.120,354.480
-443738.310,-1172437.440,350.860
-443739.260,-1172437.260,354.440
-443741.030,-1172436.860,354.490
-443742.060,-1172437.090,354.450
-443743.910,-1172436.880,347.590
-443750.960,-1172436.920,350.870
-443751.500,-1172436.890,350.890
-443752.600,-1172436.930,347.210
-443753.080,-1172436.860,347.480
-443753.940,-1172436.780,350.880
-443763.630,-1172436.350,350.900
-443699.530,-1172345.920,353.030
-443839.580,-1172313.150,352.140
-443839.370,-1172308.960,355.210
-443838.490,-1172310.730,353.990
-443837.250,-1172309.710,354.830
-443838.270,-1172308.850,355.380
-443835.890,-1172312.650,352.810
-443835.620,-1172311.110,353.930
-443835.090,-1172310.770,354.220
-443834.540,-1172309.990,354.820
-443833.460,-1172312.830,353.030
-443834.400,-1172309.650,355.080
-443833.120,-1172313.000,352.840
-443832.950,-1172311.950,353.600
-443832.530,-1172313.050,352.820
-443833.810,-1172309.110,355.500
-443832.300,-1172313.090,352.840
-443832.420,-1172310.370,354.750
-443832.210,-1172310.930,354.390
-443830.600,-1172313.490,352.630
-443831.570,-1172310.960,354.410
-443831.360,-1172311.510,354.020
-443831.280,-1172311.180,354.270
-443831.260,-1172309.950,355.180
-443830.950,-1172310.770,354.570
-443830.530,-1172311.860,353.800
-443830.270,-1172311.830,353.860
-443829.850,-1172312.940,353.120
-443828.610,-1172312.100,353.750
-443828.070,-1172313.500,352.790
-443827.360,-1172314.440,352.190
-443826.480,-1172315.080,351.750
-443827.940,-1172310.460,355.050
-443826.350,-1172312.080,353.950
-443825.980,-1172311.280,354.590
-443824.310,-1172313.600,353.010
-443824.080,-1172311.760,354.460
-443821.250,-1172314.370,354.110
-443820.260,-1172315.470,353.370
-443820.940,-1172312.710,355.470
-443820.850,-1172312.960,355.190
-443819.970,-1172313.660,354.760
-443819.250,-1172315.560,353.380
-443819.810,-1172313.490,354.860
-443819.500,-1172314.300,354.250
-443818.990,-1172315.660,353.330
-443819.620,-1172312.690,355.460
-443819.510,-1172312.960,355.300
-443819.410,-1172313.220,355.090
-443818.160,-1172315.630,353.370
-443818.890,-1172313.700,354.770
-443818.680,-1172314.240,354.360
-443818.500,-1172313.060,355.310
-443818.400,-1172313.320,355.120
-443817.870,-1172314.720,354.050
-443817.570,-1172314.630,354.170
-443816.880,-1172314.970,353.970
-443816.770,-1172315.260,353.790
-443817.250,-1172313.030,355.400
-443817.160,-1172313.270,355.210
-443816.220,-1172315.760,353.430
-443816.120,-1172316.010,353.220
-443816.740,-1172312.900,355.560
-443815.800,-1172315.400,353.730
-443815.490,-1172316.220,353.200
-443815.250,-1172316.090,353.260
-443816.310,-1172313.300,355.260
-443815.900,-1172314.390,354.440
-443815.120,-1172315.160,353.970
-443814.980,-1172314.640,354.390
-443814.920,-1172313.160,355.460
-443814.800,-1172313.460,355.280
-443813.220,-1172315.360,353.870
-443813.940,-1172313.480,355.310
-443802.820,-1172317.210,353.410
-443803.480,-1172317.070,351.660
-443804.520,-1172314.320,355.500
-443805.320,-1172314.540,355.240
-443805.630,-1172317.050,353.370
-443807.420,-1172313.990,355.490
-443807.320,-1172314.260,355.250
-443806.370,-1172316.760,353.500
-443807.760,-1172315.610,354.260
-443808.140,-1172316.630,353.450
-443809.320,-1172314.170,355.200
-443808.690,-1172315.840,354.020
-443810.550,-1172313.780,355.410
-443809.710,-1172315.990,353.790
-443810.690,-1172314.870,354.590
-443810.080,-1172316.480,353.340
-443810.450,-1172317.310,351.570
-443811.600,-1172314.880,354.670
-443812.350,-1172314.260,354.820
-443812.880,-1172313.620,355.230
-443812.570,-1172314.450,354.640
-443811.820,-1172316.440,353.280
-443813.430,-1172313.900,355.030
-443813.130,-1172314.690,354.410
-443812.810,-1172315.530,353.810
-443720.930,-1172299.580,355.070
-443724.920,-1172298.930,355.200
-443725.270,-1172298.970,355.130
-443726.170,-1172299.100,354.870
-443725.790,-1172299.330,354.770
-443727.500,-1172298.180,355.610
-443727.820,-1172298.860,354.960
-443728.330,-1172298.140,355.620
-443728.140,-1172298.640,355.120
-443728.650,-1172298.730,355.000
-443729.180,-1172298.240,355.440
-443728.990,-1172298.770,354.980
-443729.800,-1172298.660,354.990
-443722.040,-1172326.110,355.190
-443734.220,-1172297.340,355.630
-443723.680,-1172326.140,355.050
-443735.210,-1172297.270,355.560
-443735.100,-1172297.570,355.390
-443734.800,-1172297.800,355.200
-443768.370,-1172322.020,350.240
-443721.090,-1172327.210,354.490
-443708.400,-1172337.240,355.420
-443706.830,-1172338.000,353.940
-443708.970,-1172300.380,354.810
-443705.590,-1172300.680,354.870
-443705.350,-1172300.710,354.910
-443840.180,-1172432.240,363.520
-443840.150,-1172432.000,363.530
-443831.830,-1172330.730,371.030
-443836.040,-1172308.270,355.930
-443827.550,-1172330.880,370.960
-443836.580,-1172308.580,355.750
-443828.190,-1172330.930,370.890
-443831.480,-1172309.380,355.590
-443832.020,-1172309.240,355.610
-443832.710,-1172307.970,356.640
-443832.300,-1172309.040,355.780
-443833.920,-1172307.320,356.890
-443834.540,-1172307.200,356.970
-443829.580,-1172308.600,356.280
-443830.390,-1172307.400,357.120
-443830.200,-1172307.920,356.720
-443830.950,-1172307.520,357.020
-443830.850,-1172307.780,356.770
-443830.220,-1172309.440,355.570
-443831.980,-1172307.320,357.060
-443831.880,-1172307.610,356.850
-443831.770,-1172307.900,356.650
-443831.430,-1172308.770,356.050
-443832.320,-1172307.170,357.200
-443832.210,-1172307.440,356.970
-443827.590,-1172309.820,355.560
-443825.780,-1172309.720,355.800
-443820.240,-1172312.360,355.680
-443818.820,-1172311.340,356.570
-443819.130,-1172311.380,356.470
-443819.430,-1172312.280,355.810
-443817.260,-1172311.530,356.570
-443817.060,-1172312.060,356.150
-443816.860,-1172312.600,355.750
-443818.430,-1172310.860,356.970
-443816.140,-1172311.590,356.600
-443816.040,-1172311.850,356.370
-443817.050,-1172311.350,356.730
-443816.950,-1172311.620,356.490
-443814.980,-1172310.710,357.370
-443814.780,-1172311.240,356.960
-443814.570,-1172311.820,356.560
-443814.470,-1172312.080,356.350
-443815.330,-1172312.070,356.260
-443813.710,-1172310.660,357.500
-443813.620,-1172310.920,357.310
-443814.020,-1172310.600,357.530
-443813.290,-1172312.530,356.050
-443814.890,-1172310.020,357.970
-443814.790,-1172310.300,357.730
-443814.680,-1172310.570,357.520
-443814.470,-1172311.140,357.110
-443814.270,-1172311.670,356.690
-443812.180,-1172311.400,357.100
-443812.940,-1172310.740,357.480
-443812.620,-1172311.600,356.860
-443812.420,-1172312.120,356.510
-443812.990,-1172311.200,357.150
-443812.780,-1172311.740,356.680
-443810.650,-1172313.520,355.700
-443810.310,-1172310.850,357.720
-443810.210,-1172311.120,357.530
-443809.810,-1172312.180,356.650
-443809.280,-1172313.590,355.680
-443810.550,-1172310.890,357.720
-443810.460,-1172311.150,357.530
-443810.350,-1172311.420,357.310
-443809.520,-1172313.620,355.640
-443810.590,-1172312.660,356.310
-443808.890,-1172310.840,357.830
-443808.380,-1172312.190,356.810
-443809.930,-1172309.850,358.500
-443809.720,-1172310.400,358.140
-443809.520,-1172310.950,357.680
-443810.190,-1172309.910,358.530
-443809.870,-1172310.750,357.930
-443809.560,-1172311.560,357.260
-443809.360,-1172312.100,356.850
-443807.900,-1172310.040,358.540
-443808.140,-1172310.390,358.270
-443807.510,-1172312.060,357.070
-443807.410,-1172312.310,356.820
-443808.880,-1172310.130,358.380
-443808.570,-1172310.920,357.720
-443807.740,-1172313.130,356.110
-443805.220,-1172313.290,356.250
-443805.020,-1172313.830,355.860
-443806.230,-1172312.110,357.090
-443807.030,-1172310.610,358.250
-443806.320,-1172312.500,356.780
-443804.370,-1172312.470,356.900
-443803.940,-1172313.610,356.160
-443803.740,-1172314.140,355.700
-443803.430,-1172312.660,356.900
-443802.900,-1172314.070,355.920
-443803.690,-1172312.890,356.720
-443802.270,-1172314.010,355.920
-443791.840,-1172313.760,360.820
-443776.050,-1172319.250,357.640
-443775.750,-1172320.050,356.860
-443775.370,-1172319.110,357.850
-443774.990,-1172320.110,356.810
-443774.890,-1172320.380,356.610
-443775.820,-1172317.110,359.670
-443775.620,-1172317.640,359.200
-443773.270,-1172320.150,356.920
-443773.160,-1172320.430,356.750
-443773.060,-1172320.700,356.530
-443772.980,-1172320.910,356.130
-443772.830,-1172320.670,356.570
-443772.070,-1172319.210,357.980
-443771.290,-1172321.310,356.160
-443773.200,-1172317.670,359.300
-443772.920,-1172318.420,358.530
-443772.530,-1172319.490,357.680
-443772.240,-1172320.260,356.980
-443772.740,-1172316.630,360.290
-443772.170,-1172318.180,358.860
-443771.570,-1172319.790,357.410
-443771.270,-1172320.580,356.740
-443773.530,-1172315.280,361.660
-443771.110,-1172319.310,357.890
-443770.310,-1172321.470,356.060
-443771.010,-1172317.590,359.650
-443770.630,-1172318.610,358.620
-443770.340,-1172319.400,357.970
-443771.940,-1172316.530,360.520
-443766.010,-1172316.460,361.550
-443747.530,-1172318.700,359.690
-443746.790,-1172319.800,358.980
-443746.740,-1172318.460,359.860
-443745.080,-1172318.250,360.160
-443743.530,-1172318.550,360.070
-443740.140,-1172319.940,361.440
-443734.270,-1172320.700,361.460
-443742.430,-1172292.380,358.990
-443742.320,-1172292.670,358.760
-443731.690,-1172321.800,360.900
-443742.090,-1172291.730,359.540
-443741.780,-1172292.550,358.860
-443741.620,-1172292.030,359.350
-443741.090,-1172292.080,359.350
-443741.000,-1172292.320,359.120
-443740.740,-1172291.970,359.410
-443726.360,-1172323.900,356.490
-443725.950,-1172325.010,355.700
-443725.190,-1172324.120,356.430
-443737.000,-1172292.440,359.420
-443735.510,-1172296.470,356.170
-443735.400,-1172296.760,356.000
-443725.690,-1172323.350,356.920
-443735.650,-1172294.310,358.040
-443735.040,-1172295.940,356.760
-443734.650,-1172297.020,355.870
-443736.820,-1172292.340,359.520
-443735.610,-1172295.610,356.870
-443735.500,-1172295.930,356.730
-443725.910,-1172322.150,357.760
-443725.310,-1172321.730,358.100
-443734.760,-1172294.430,358.010
-443734.460,-1172295.230,357.390
-443734.360,-1172295.500,357.150
-443733.970,-1172296.570,356.250
-443724.760,-1172321.780,358.150
-443724.130,-1172323.470,356.990
-443734.440,-1172293.220,359.040
-443733.740,-1172295.110,357.480
-443734.310,-1172294.890,357.660
-443722.530,-1172323.310,357.200
-443722.320,-1172323.870,356.810
-443722.710,-1172322.030,358.130
-443722.090,-1172323.690,356.980
-443721.790,-1172324.520,356.370
-443733.630,-1172292.970,359.300
-443728.410,-1172297.270,356.400
-443727.700,-1172297.640,356.130
-443726.730,-1172297.570,356.280
-443727.510,-1172296.510,357.250
-443725.940,-1172297.740,356.220
-443725.830,-1172298.020,355.980
-443726.770,-1172296.680,357.160
-443725.860,-1172297.380,356.570
-443725.080,-1172297.670,356.390
-443724.820,-1172297.050,357.000
-443724.460,-1172297.310,356.780
-443723.380,-1172298.020,356.250
-443722.090,-1172297.510,356.940
-443721.990,-1172297.780,356.730
-443721.240,-1172324.700,356.330
-443719.670,-1172324.270,356.780
-443719.770,-1172325.310,356.000
-443719.050,-1172323.500,357.320
-443718.570,-1172323.140,357.610
-443719.440,-1172321.830,358.480
-443718.010,-1172325.670,355.830
-443716.530,-1172326.500,358.420
-443714.780,-1172326.700,360.900
-443715.330,-1172322.300,361.510
-443715.690,-1172322.040,361.680
-443709.290,-1172322.890,361.580
-443709.350,-1172299.360,355.930
-443707.950,-1172297.090,358.360
-443706.240,-1172299.830,355.710
-443707.050,-1172298.990,356.530
-443743.250,-1172411.220,347.970
-443743.620,-1172411.390,347.900
-443738.810,-1172437.110,347.640
-443738.380,-1172437.450,350.740
-443771.790,-1172411.500,353.840
-443750.130,-1172436.870,347.540
-443751.150,-1172436.470,347.650
-443753.970,-1172436.710,350.910
-443760.010,-1172436.330,350.980
-443760.270,-1172436.110,351.010
-443842.150,-1172313.230,351.920
-443842.350,-1172312.120,352.760
-443842.850,-1172311.700,353.060
-443839.930,-1172313.530,351.890
-443842.410,-1172311.490,353.190
-443841.010,-1172312.120,352.830
-443838.570,-1172313.690,351.860
-443839.310,-1172313.080,352.290
-443838.070,-1172313.710,351.890
-443838.320,-1172313.500,352.060
-443839.570,-1172312.470,352.680
-443838.760,-1172312.000,353.070
-443837.590,-1172312.410,352.900
-443841.380,-1172309.280,354.800
-443840.320,-1172309.680,354.620
-443835.890,-1172312.650,352.850
-443840.370,-1172308.960,355.150
-443834.620,-1172313.130,352.570
-443837.390,-1172310.840,354.000
-443840.110,-1172308.590,355.450
-443834.710,-1172312.490,353.050
-443835.210,-1172312.070,353.320
-443832.460,-1172313.940,352.180
-443833.420,-1172313.150,352.780
-443837.440,-1172309.830,354.750
-443838.430,-1172309.010,355.300
-443831.380,-1172314.250,352.010
-443835.370,-1172310.950,354.090
-443836.340,-1172310.150,354.610
-443836.820,-1172309.750,354.870
-443833.110,-1172311.770,353.720
-443833.300,-1172311.610,353.960
-443831.340,-1172313.240,352.800
-443832.070,-1172312.250,353.450
-443831.120,-1172312.460,353.350
-443834.630,-1172309.560,355.200
-443831.620,-1172311.570,353.980
-443832.100,-1172310.720,354.580
-443827.370,-1172314.630,352.060
-443828.360,-1172313.810,352.550
-443828.550,-1172312.690,353.340
-443829.030,-1172312.290,353.630
-443832.010,-1172309.830,355.280
-443828.620,-1172312.120,353.780
-443830.120,-1172310.890,354.530
-443826.420,-1172313.410,352.990
-443824.240,-1172314.730,352.130
-443827.160,-1172312.310,353.930
-443828.210,-1172311.450,354.330
-443829.450,-1172309.720,355.420
-443824.450,-1172313.860,352.780
-443824.680,-1172313.660,352.980
-443826.060,-1172311.900,354.140
-443827.080,-1172311.050,354.690
-443827.690,-1172309.970,355.480
-443820.450,-1172315.530,353.310
-443826.260,-1172310.720,355.020
-443824.400,-1172311.670,354.480
-443824.930,-1172310.720,355.100
-443818.840,-1172315.750,353.210
-443819.060,-1172315.570,353.400
-443818.410,-1172315.560,353.430
-443818.890,-1172315.150,353.770
-443819.870,-1172314.350,354.210
-443817.510,-1172315.770,353.350
-443819.480,-1172314.130,354.470
-443816.250,-1172316.110,353.230
-443816.520,-1172315.890,353.350
-443819.000,-1172313.830,354.660
-443819.730,-1172313.220,355.100
-443816.600,-1172315.240,353.740
-443817.310,-1172314.650,354.250
-443818.560,-1172313.620,354.900
-443816.800,-1172314.530,354.310
-443815.290,-1172315.380,353.850
-443816.260,-1172314.580,354.400
-443816.550,-1172313.800,354.900
-443816.850,-1172313.050,355.460
-443813.310,-1172315.470,353.830
-443813.540,-1172315.280,353.970
-443811.390,-1172316.570,353.150
-443813.810,-1172314.570,354.550
-443814.790,-1172313.750,355.070
-443815.050,-1172313.530,355.180
-443815.290,-1172313.330,355.370
-443812.310,-1172315.130,354.200
-443813.270,-1172314.330,354.710
-443810.060,-1172316.400,353.440
-443813.520,-1172313.530,355.260
-443810.980,-1172315.060,354.460
-443808.230,-1172316.890,353.140
-443807.840,-1172316.610,353.520
-443810.770,-1172314.170,355.150
-443808.210,-1172315.750,354.100
-443808.450,-1172315.550,354.250
-443810.380,-1172313.950,355.320
-443807.680,-1172315.640,354.230
-443807.910,-1172315.450,354.390
-443808.670,-1172314.820,354.820
-443809.870,-1172313.820,355.510
-443804.990,-1172317.350,353.170
-443807.210,-1172315.500,354.450
-443804.170,-1172317.350,353.230
-443807.870,-1172314.280,355.260
-443804.750,-1172316.180,354.080
-443804.300,-1172316.020,354.280
-443803.500,-1172316.170,354.220
-443804.090,-1172315.050,354.980
-443804.820,-1172314.440,355.400
-443803.070,-1172315.300,354.900
-443802.360,-1172315.370,354.960
-443802.260,-1172314.940,355.380
-443721.320,-1172299.640,355.090
-443725.030,-1172298.900,355.250
-443728.220,-1172298.340,355.460
-443728.450,-1172298.140,355.610
-443729.570,-1172298.450,355.200
-443730.060,-1172298.540,355.100
-443734.290,-1172297.950,355.140
-443735.180,-1172297.830,355.170
-443721.340,-1172326.210,355.280
-443722.100,-1172326.180,355.220
-443722.790,-1172326.480,354.920
-443723.770,-1172325.650,355.470
-443723.740,-1172326.220,355.050
-443720.130,-1172326.670,355.010
-443720.620,-1172326.820,354.870
-443720.880,-1172326.600,355.020
-443720.210,-1172326.090,355.460
-443717.940,-1172326.220,355.540
-443708.400,-1172300.460,354.890
-443705.460,-1172300.780,354.870
-443840.210,-1172432.230,363.440
-443831.720,-1172330.870,370.810
-443827.810,-1172330.940,370.860
-443826.770,-1172330.900,371.040
-443839.440,-1172308.190,355.810
-443836.330,-1172308.730,355.630
-443835.560,-1172307.860,356.380
-443835.630,-1172308.250,356.030
-443836.580,-1172307.470,356.600
-443834.310,-1172308.520,356.100
-443832.340,-1172309.050,355.830
-443834.130,-1172307.570,356.680
-443834.630,-1172307.150,356.940
-443835.240,-1172307.160,356.910
-443835.470,-1172306.970,357.060
-443832.100,-1172308.710,356.110
-443831.860,-1172307.730,356.800
-443832.110,-1172307.520,356.970
-443832.360,-1172307.320,357.130
-443830.230,-1172307.440,357.100
-443829.430,-1172308.530,356.370
-443830.420,-1172307.700,356.930
-443830.680,-1172307.490,357.070
-443829.820,-1172308.780,356.140
-443827.250,-1172309.900,355.540
-443827.470,-1172309.720,355.690
-443819.220,-1172311.590,356.360
-443819.470,-1172311.380,356.520
-443819.530,-1172312.270,355.820
-443825.190,-1172309.940,355.680
-443814.470,-1172312.740,355.850
-443815.430,-1172311.940,356.390
-443815.790,-1172312.920,355.660
-443817.760,-1172311.290,356.740
-443816.750,-1172312.610,355.820
-443818.720,-1172310.980,356.860
-443818.570,-1172311.630,356.320
-443818.800,-1172311.440,356.500
-443819.040,-1172311.240,356.650
-443819.530,-1172310.830,356.920
-443810.860,-1172313.550,355.600
-443813.370,-1172311.460,356.900
-443814.340,-1172310.660,357.490
-443814.570,-1172310.470,357.610
-443814.830,-1172310.250,357.780
-443811.440,-1172313.610,355.710
-443813.760,-1172311.690,356.730
-443813.980,-1172311.510,356.880
-443814.740,-1172310.880,357.290
-443814.960,-1172310.690,357.460
-443813.630,-1172312.410,356.170
-443814.370,-1172311.790,356.580
-443815.820,-1172310.600,357.450
-443814.660,-1172312.000,356.420
-443814.910,-1172311.800,356.570
-443815.140,-1172311.600,356.700
-443809.170,-1172312.510,356.490
-443810.390,-1172311.500,357.200
-443812.590,-1172309.670,358.440
-443812.820,-1172309.480,358.590
-443810.540,-1172312.050,356.830
-443813.470,-1172309.620,358.450
-443813.720,-1172309.410,358.580
-443809.920,-1172313.250,355.930
-443810.160,-1172313.050,356.140
-443813.330,-1172310.420,357.830
-443813.820,-1172310.020,358.080
-443814.570,-1172309.390,358.530
-443810.110,-1172313.620,355.650
-443813.060,-1172311.170,357.190
-443813.550,-1172310.760,357.490
-443814.780,-1172309.740,358.200
-443809.450,-1172310.590,358.000
-443809.700,-1172310.380,358.160
-443810.420,-1172309.780,358.570
-443806.460,-1172313.700,355.830
-443808.150,-1172312.300,356.800
-443809.360,-1172311.290,357.480
-443807.710,-1172313.180,356.150
-443808.950,-1172312.150,356.770
-443809.180,-1172311.960,356.990
-443809.700,-1172311.520,357.230
-443809.920,-1172311.350,357.400
-443810.410,-1172310.940,357.690
-443803.590,-1172314.350,355.570
-443803.820,-1172314.150,355.750
-443804.310,-1172313.750,355.970
-443808.250,-1172310.470,358.240
-443808.490,-1172310.270,358.370
-443809.170,-1172310.230,358.390
-443805.300,-1172314.030,355.650
-443806.060,-1172313.410,356.090
-443807.280,-1172312.390,356.750
-443807.520,-1172312.190,356.870
-443802.500,-1172314.120,355.930
-443802.750,-1172313.910,356.030
-443804.430,-1172312.510,356.980
-443803.980,-1172313.500,356.260
-443805.880,-1172311.920,357.560
-443807.890,-1172310.240,358.440
-443808.150,-1172310.030,358.620
-443803.520,-1172312.700,356.900
-443804.480,-1172311.900,357.420
-443792.640,-1172320.400,357.370
-443794.260,-1172314.250,360.420
-443795.760,-1172313.000,361.070
-443775.780,-1172320.620,356.330
-443774.230,-1172320.620,356.510
-443774.470,-1172320.430,356.730
-443775.770,-1172320.050,356.900
-443772.960,-1172320.960,356.330
-443771.560,-1172321.380,356.100
-443772.290,-1172320.770,356.580
-443772.510,-1172320.580,356.730
-443771.030,-1172321.310,356.180
-443772.900,-1172319.740,357.440
-443774.540,-1172318.360,358.660
-443775.480,-1172317.570,359.270
-443771.290,-1172319.970,357.350
-443771.990,-1172319.380,357.840
-443771.740,-1172320.160,357.190
-443772.670,-1172319.380,357.810
-443770.570,-1172319.940,357.430
-443771.040,-1172319.550,357.760
-443772.240,-1172318.540,358.560
-443773.600,-1172317.400,359.540
-443770.660,-1172319.390,357.960
-443774.820,-1172315.900,360.970
-443766.390,-1172322.330,358.040
-443769.910,-1172316.760,360.570
-443770.170,-1172316.550,360.740
-443750.570,-1172320.850,357.860
-443741.760,-1172326.140,358.300
-443746.880,-1172321.230,357.850
-443747.700,-1172319.890,358.890
-443745.170,-1172321.370,357.850
-443743.510,-1172321.280,358.280
-443743.780,-1172318.700,359.960
-443737.910,-1172322.430,359.990
-443740.120,-1172319.990,361.550
-443734.130,-1172322.060,360.580
-443731.370,-1172323.730,359.680
-443730.970,-1172322.390,360.630
-443725.960,-1172324.900,355.850
-443726.360,-1172322.980,357.180
-443723.290,-1172325.160,355.860
-443722.080,-1172325.580,355.650
-443723.130,-1172323.600,357.000
-443725.740,-1172321.370,358.390
-443723.510,-1172322.770,357.590
-443724.710,-1172321.750,358.250
-443742.760,-1172293.800,357.790
-443742.830,-1172293.190,358.280
-443742.360,-1172293.010,358.460
-443741.660,-1172293.050,358.520
-443741.890,-1172292.850,358.670
-443741.590,-1172292.320,359.110
-443735.260,-1172297.110,355.720
-443735.700,-1172296.730,356.130
-443734.240,-1172297.360,355.650
-443734.110,-1172296.290,356.550
-443735.850,-1172294.220,358.070
-443734.310,-1172294.880,357.730
-443735.030,-1172294.260,358.180
-443735.480,-1172293.360,358.850
-443736.670,-1172292.340,359.560
-443730.850,-1172296.610,357.090
-443734.150,-1172293.230,359.110
-443729.370,-1172297.350,356.250
-443728.430,-1172297.580,356.190
-443733.680,-1172293.060,359.210
-443728.580,-1172296.370,357.290
-443725.030,-1172298.260,355.840
-443723.590,-1172298.260,356.040
-443725.070,-1172297.730,356.400
-443722.490,-1172298.630,355.820
-443722.860,-1172297.230,357.110
-443719.910,-1172325.160,356.150
-443720.110,-1172325.670,355.810
-443716.690,-1172326.730,358.040
-443718.320,-1172325.340,356.110
-443719.530,-1172324.310,356.780
-443718.430,-1172325.810,355.800
-443719.130,-1172325.210,356.180
-443720.800,-1172323.780,357.060
-443720.400,-1172323.120,357.580
-443719.020,-1172321.890,358.570
-443716.660,-1172322.610,361.280
-443712.640,-1172322.550,361.580
-443712.270,-1172322.170,361.860
-443707.010,-1172297.260,358.310
