-443801.100,-1172423.380,352.920
-443802.100,-1172435.560,351.570
-443799.250,-1172421.630,353.540
-443798.760,-1172421.180,353.690
-443798.930,-1172414.250,353.510
-443770.910,-1172429.770,346.950
-443754.690,-1172331.830,354.970
-443701.270,-1172318.660,351.260
-443700.970,-1172318.540,351.430
-443826.820,-1172344.910,370.700
-443831.310,-1172336.680,370.550
-443850.800,-1172411.720,374.680
-443845.220,-1172421.810,374.810
-443850.260,-1172402.160,373.770
-443849.100,-1172402.950,374.120
-443851.780,-1172396.150,373.990
-443840.560,-1172422.660,374.170
-443851.390,-1172395.090,374.020
-443836.870,-1172429.960,374.230
-443844.760,-1172407.820,374.760
-443851.280,-1172391.240,373.600
-443839.630,-1172418.980,377.680
-443850.950,-1172389.350,374.280
-443839.380,-1172416.140,377.490
-443844.850,-1172400.180,374.170
-443841.920,-1172407.610,374.790
-443850.050,-1172385.180,374.800
-443850.190,-1172383.070,374.700
-443850.580,-1172380.070,373.380
-443848.340,-1172384.650,375.890
-443838.690,-1172409.240,374.100
-443832.020,-1172419.740,377.650
-443835.920,-1172407.750,374.730
-443841.760,-1172383.020,377.420
-443842.000,-1172382.400,377.360
-443840.090,-1172384.820,377.440
-443835.510,-1172385.600,374.330
-443839.600,-1172366.490,371.150
-443834.910,-1172378.400,374.730
-443835.030,-1172373.590,374.300
-443836.810,-1172370.620,374.730
-443840.490,-1172358.890,370.370
-443839.360,-1172362.600,370.450
-443839.220,-1172357.060,370.470
-443840.250,-1172349.840,370.390
-443833.230,-1172358.670,370.560
-443839.060,-1172341.700,371.030
-443838.970,-1172341.330,370.410
-443840.120,-1172338.990,370.410
-443836.340,-1172338.650,370.640
-443829.130,-1172355.920,373.200
-443832.200,-1172341.470,370.510
-443721.490,-1172292.600,357.830
-443721.520,-1172293.430,357.820
-443721.250,-1172294.720,357.920
-443722.500,-1172292.620,357.370
-443739.360,-1172292.150,359.530
-443727.050,-1172321.580,357.910
-443743.630,-1172290.810,359.020
-443743.710,-1172291.110,358.970
-443743.640,-1172292.360,358.760
-443743.870,-1172291.760,358.850
-443743.540,-1172294.660,358.550
-443743.960,-1172294.440,358.400
-443744.000,-1172295.690,358.260
-443744.120,-1172295.380,358.250
-443744.240,-1172295.090,358.250
-443744.240,-1172295.820,358.110
-443743.880,-1172296.720,358.140
-443741.690,-1172323.450,357.510
-443741.720,-1172324.100,357.410
-443746.900,-1172317.370,360.560
-443791.680,-1172316.360,359.220
-443792.910,-1172317.320,358.510
-443793.330,-1172318.600,358.190
-443793.570,-1172317.980,358.120
-443798.490,-1172313.940,360.100
-443798.180,-1172313.780,360.300
-443819.500,-1172310.000,357.380
-443826.080,-1172331.070,371.110
-443826.560,-1172332.830,370.690
-443838.650,-1172333.660,370.420
-443701.610,-1172297.520,358.150
-443697.950,-1172319.060,361.510
-443697.840,-1172322.540,361.020
-443697.980,-1172321.250,361.160
-443697.640,-1172323.880,360.950
-443698.380,-1172322.060,360.850
-443699.090,-1172320.300,360.800
-443699.680,-1172318.840,360.820
-443700.040,-1172317.940,360.760
-443696.660,-1172329.090,360.550
-443697.880,-1172325.220,360.670
-443716.500,-1172296.590,357.780
-443705.800,-1172325.030,360.990
-443705.930,-1172325.320,360.880
-443706.050,-1172325.030,360.900
-443706.660,-1172325.390,360.740
-443706.380,-1172325.230,360.770
-443715.850,-1172326.730,360.410
-443798.420,-1172417.870,353.800
-443799.320,-1172421.700,353.510
-443799.840,-1172422.110,353.330
-443801.070,-1172423.380,352.960
-443820.240,-1172440.570,351.360
-443769.750,-1172412.020,353.990
-443769.900,-1172412.260,353.840
-443789.100,-1172421.300,350.070
-443777.550,-1172424.600,354.090
-443808.660,-1172377.280,348.360
-443767.630,-1172396.160,349.730
-443834.410,-1172317.820,349.480
-443795.570,-1172291.520,355.140
-443750.770,-1172337.530,352.230
-443764.810,-1172322.140,352.650
-443754.710,-1172330.670,354.930
-443744.060,-1172336.340,353.210
-443701.210,-1172318.840,351.230
-443734.260,-1172426.250,361.630
-443839.890,-1172337.680,370.440
-443840.030,-1172338.960,370.430
-443826.120,-1172351.640,368.160
-443840.080,-1172341.200,370.420
-443831.940,-1172361.780,370.650
-443840.670,-1172422.490,374.170
-443840.310,-1172421.800,374.190
-443839.360,-1172418.040,377.480
-443839.490,-1172415.970,377.430
-443840.460,-1172414.130,375.240
-443832.000,-1172420.850,377.550
-443849.100,-1172405.350,374.140
-443844.720,-1172407.780,374.780
-443836.070,-1172413.060,374.710
-443851.540,-1172395.960,374.130
-443845.020,-1172400.190,374.170
-443850.070,-1172392.910,374.790
-443848.530,-1172386.660,374.320
-443849.460,-1172371.890,374.920
-443743.790,-1172291.830,358.860
-443743.960,-1172293.240,358.600
-443743.830,-1172293.660,358.520
-443743.600,-1172293.860,358.680
-443744.070,-1172294.960,358.310
-443743.560,-1172294.900,358.540
-443744.210,-1172295.830,358.150
-443744.300,-1172296.210,358.090
-443744.210,-1172296.720,358.000
-443725.110,-1172320.460,359.060
-443741.200,-1172318.250,360.510
-443741.620,-1172323.370,357.580
-443741.900,-1172324.100,357.420
-443741.670,-1172324.300,357.390
-443748.680,-1172318.690,359.470
-443791.320,-1172316.980,359.440
-443792.890,-1172317.300,358.500
-443793.490,-1172317.820,358.160
-443792.650,-1172318.060,358.690
-443794.610,-1172318.720,357.550
-443795.100,-1172319.930,357.330
-443813.160,-1172306.890,357.670
-443833.360,-1172306.660,357.420
-443697.060,-1172319.710,361.890
-443699.950,-1172318.230,360.820
-443698.950,-1172319.060,361.160
-443696.740,-1172320.900,361.840
-443698.890,-1172320.780,360.900
-443699.110,-1172320.130,360.860
-443698.140,-1172320.940,361.190
-443699.490,-1172319.480,360.790
-443698.430,-1172322.000,360.880
-443698.720,-1172321.310,360.860
-443696.830,-1172325.750,361.050
-443696.880,-1172328.580,360.500
-443706.030,-1172322.480,362.270
-443706.280,-1172325.020,360.830
-443706.510,-1172325.400,360.730
-443706.190,-1172333.970,360.800
-443798.570,-1172418.970,353.800
-443800.960,-1172418.510,353.020
-443801.450,-1172423.830,352.900
-443770.470,-1172418.060,353.850
-443776.320,-1172411.230,354.000
-443770.920,-1172429.520,347.090
-443788.990,-1172421.290,350.190
-443842.400,-1172308.680,355.050
-443754.320,-1172329.470,355.220
-443851.190,-1172427.360,374.650
-443848.060,-1172416.060,374.370
-443847.390,-1172406.950,374.330
-443840.560,-1172422.670,374.280
-443844.970,-1172407.760,374.760
-443836.750,-1172425.660,374.310
-443844.390,-1172400.120,375.220
-443850.990,-1172379.560,373.470
-443850.840,-1172377.740,373.560
-443841.710,-1172393.160,374.790
-443835.740,-1172399.140,374.780
-443841.740,-1172383.030,377.540
-443840.050,-1172385.030,377.510
-443835.610,-1172389.500,374.330
-443839.440,-1172357.100,370.600
-443839.310,-1172354.910,370.560
-443833.500,-1172358.590,373.200
-443840.050,-1172338.540,370.400
-443832.010,-1172342.010,373.190
-443826.290,-1172339.150,371.080
-443734.240,-1172431.590,361.780
-443840.050,-1172333.450,370.380
-443812.380,-1172310.010,358.260
-443812.250,-1172310.330,358.280
-443798.390,-1172313.970,360.250
-443791.130,-1172315.920,359.620
-443791.570,-1172316.300,359.360
-443791.310,-1172316.940,359.550
-443744.050,-1172296.660,358.190
-443744.140,-1172295.660,358.280
-443743.980,-1172296.040,358.230
-443743.890,-1172293.130,358.760
-443741.530,-1172293.550,358.260
-443727.100,-1172321.710,357.940
-443724.790,-1172293.970,356.710
-443722.980,-1172292.720,357.250
-443710.340,-1172326.050,360.720
-443706.570,-1172325.480,360.780
-443705.920,-1172322.420,362.330
-443697.760,-1172325.360,360.780
-443697.900,-1172322.170,361.270
-443700.200,-1172317.520,360.900
-443699.080,-1172320.290,360.970
-443698.940,-1172320.650,361.010
-443696.970,-1172325.480,361.070
-443697.940,-1172323.780,360.970
-443697.240,-1172321.790,361.560
-443698.810,-1172319.270,361.270
-443697.950,-1172321.380,361.320
-443699.170,-1172319.050,361.200
-443820.220,-1172440.730,351.350
-443820.470,-1172440.510,351.320
-443799.640,-1172422.180,353.410
-443798.800,-1172421.300,353.700
-443800.900,-1172415.030,352.870
-443798.190,-1172415.420,353.830
-443777.040,-1172412.150,353.960
-443804.540,-1172379.870,348.370
-443774.120,-1172404.220,349.910
-443708.680,-1172396.690,348.850
-443754.940,-1172332.530,354.890
-443754.470,-1172329.530,355.220
-443720.180,-1172342.360,352.950
-443850.710,-1172415.800,373.890
-443848.340,-1172415.940,374.160
-443845.020,-1172419.230,374.050
-443839.530,-1172416.060,377.440
-443839.580,-1172415.540,377.500
-443847.360,-1172407.930,374.270
-443831.940,-1172420.900,377.550
-443849.040,-1172402.980,374.140
-443851.510,-1172396.120,374.020
-443851.510,-1172390.900,373.360
-443849.960,-1172382.870,374.750
-443851.030,-1172379.450,373.420
-443835.370,-1172391.450,374.720
-443840.150,-1172385.060,377.300
-443839.980,-1172384.880,377.390
-443844.080,-1172378.800,374.240
-443836.690,-1172356.450,370.800
-443839.010,-1172341.270,370.520
-443838.830,-1172335.830,370.530
-443826.500,-1172332.940,370.670
-443794.780,-1172318.810,357.520
-443794.270,-1172318.440,357.770
-443784.260,-1172317.710,358.870
-443748.040,-1172324.640,357.130
-443741.840,-1172324.020,357.410
-443741.660,-1172323.850,357.470
-443741.730,-1172323.150,357.560
-443741.640,-1172322.710,357.660
-443746.730,-1172317.160,360.710
-443746.260,-1172316.790,360.990
-443727.070,-1172321.590,357.890
-443743.980,-1172296.730,358.130
-443744.220,-1172296.520,358.050
-443744.030,-1172296.280,358.220
-443743.960,-1172295.360,358.330
-443744.200,-1172295.140,358.230
-443743.630,-1172294.720,358.490
-443743.930,-1172293.580,358.520
-443743.760,-1172292.430,358.680
-443722.300,-1172292.260,357.440
-443706.410,-1172325.420,360.780
-443706.080,-1172324.830,361.050
-443697.070,-1172328.320,360.430
-443697.730,-1172325.290,360.790
-443696.960,-1172325.610,361.010
-443697.460,-1172325.160,360.860
-443697.740,-1172321.890,361.210
-443699.000,-1172320.250,360.940
-443696.740,-1172320.750,361.870
-443697.750,-1172319.810,361.590
-443700.210,-1172317.540,360.750
-443696.700,-1172321.270,361.800
-443717.030,-1172299.040,357.140
-443716.550,-1172296.560,357.700
-443707.110,-1172299.780,355.930
-443701.350,-1172298.240,358.200
-443701.690,-1172297.230,358.200
-443798.660,-1172418.080,353.700
-443798.460,-1172421.000,353.820
-443799.120,-1172421.510,353.650
-443800.940,-1172415.060,352.870
-443799.280,-1172421.640,353.540
-443799.870,-1172422.030,353.290
-443777.550,-1172424.640,354.040
-443812.660,-1172379.380,348.190
-443745.530,-1172406.610,350.390
-443745.760,-1172325.500,351.190
-443719.390,-1172342.890,353.030
-443851.240,-1172427.410,374.740
-443848.340,-1172416.130,374.180
-443840.130,-1172432.410,366.240
-443849.180,-1172405.300,374.100
-443842.600,-1172422.030,374.850
-443847.610,-1172407.390,374.860
-443846.510,-1172407.710,374.280
-443839.320,-1172420.910,377.660
-443839.340,-1172416.180,377.570
-443849.660,-1172382.650,374.790
-443851.150,-1172376.630,373.460
-443836.200,-1172412.730,374.770
-443836.080,-1172413.040,374.700
-443835.460,-1172385.600,374.360
-443833.520,-1172386.100,366.660
-443833.720,-1172376.880,368.270
-443834.880,-1172370.760,374.780
-443840.120,-1172341.160,370.370
-443833.220,-1172358.660,370.730
-443839.050,-1172341.820,371.190
-443832.010,-1172359.680,373.020
-443839.860,-1172337.680,370.400
-443836.230,-1172338.480,370.770
-443826.720,-1172357.910,371.180
-443832.180,-1172341.420,370.580
-443826.720,-1172345.000,370.690
-443826.230,-1172339.030,371.110
-443734.410,-1172434.800,361.790
-443734.350,-1172428.040,361.530
-443819.340,-1172309.950,357.530
-443813.150,-1172306.860,357.670
-443792.390,-1172317.800,358.770
-443746.600,-1172317.110,360.650
-443744.090,-1172295.750,358.170
-443744.210,-1172294.810,358.350
-443744.080,-1172295.160,358.320
-443743.810,-1172295.890,358.330
-443744.010,-1172294.010,358.430
-443743.880,-1172294.360,358.440
-443743.740,-1172294.740,358.510
-443743.860,-1172291.910,358.830
-443726.430,-1172321.350,358.190
-443724.850,-1172293.990,356.670
-443723.040,-1172292.510,357.210
-443722.100,-1172293.220,357.480
-443721.450,-1172292.840,357.770
-443715.800,-1172326.690,360.440
-443711.090,-1172332.760,361.030
-443706.450,-1172325.540,360.700
-443706.210,-1172324.900,360.860
-443706.090,-1172325.220,360.800
-443705.890,-1172322.420,362.300
-443710.660,-1172294.180,357.290
-443699.170,-1172320.270,360.850
-443698.790,-1172321.300,360.880
-443698.120,-1172321.780,361.030
-443697.860,-1172322.480,361.130
-443697.740,-1172322.790,361.030
-443697.610,-1172323.160,361.070
-443697.480,-1172323.500,361.150
-443698.920,-1172320.280,360.820
-443698.270,-1172322.040,361.010
-443696.990,-1172325.470,361.110
-443700.160,-1172317.590,360.840
-443700.040,-1172317.930,360.850
-443698.240,-1172319.930,361.320
-443699.120,-1172318.180,361.200
-443699.000,-1172318.510,361.150
-443698.870,-1172318.870,361.200
-443697.710,-1172321.970,361.310
-443697.600,-1172322.290,361.210
-443698.020,-1172319.520,361.540
-443820.260,-1172440.750,351.390
-443802.650,-1172440.890,351.490
-443801.490,-1172423.870,352.840
-443799.490,-1172420.430,353.500
-443798.670,-1172417.190,353.700
-443799.760,-1172412.810,353.290
-443770.380,-1172418.620,353.830
-443834.230,-1172372.440,348.620
-443814.810,-1172316.190,348.840
-443810.030,-1172317.700,351.940
-443744.260,-1172336.290,353.180
-443842.250,-1172422.030,374.850
-443840.190,-1172421.900,374.280
-443839.900,-1172420.580,377.540
-443839.580,-1172415.620,377.440
-443850.520,-1172400.010,375.000
-443835.960,-1172407.840,374.740
-443851.180,-1172392.300,375.060
-443851.180,-1172378.600,373.440
-443840.080,-1172384.840,377.540
-443840.680,-1172358.450,370.460
-443836.930,-1172356.560,370.740
-443734.250,-1172425.890,361.660
-443832.250,-1172341.590,370.590
-443836.140,-1172338.390,370.840
-443826.190,-1172336.540,371.150
-443837.560,-1172307.710,356.330
-443795.190,-1172320.190,357.310
-443756.340,-1172291.240,359.200
-443743.980,-1172295.030,358.380
-443743.980,-1172295.720,358.270
-443743.660,-1172294.700,358.270
-443743.870,-1172294.520,358.470
-443743.600,-1172293.080,358.840
-443743.510,-1172292.610,358.880
-443722.100,-1172293.250,357.560
-443723.030,-1172292.450,357.250
-443721.410,-1172292.640,357.900
-443715.290,-1172326.870,360.800
-443706.200,-1172334.030,360.830
-443706.420,-1172325.560,360.710
-443706.130,-1172324.660,361.010
-443696.680,-1172329.080,360.500
-443696.870,-1172328.270,360.670
-443696.680,-1172325.460,361.160
-443696.920,-1172326.510,360.960
-443697.760,-1172322.900,361.130
-443698.070,-1172322.630,361.050
-443696.730,-1172324.840,361.300
-443697.050,-1172324.570,361.200
-443697.970,-1172323.770,360.890
-443697.270,-1172321.670,361.520
-443698.160,-1172320.910,361.230
-443699.040,-1172320.150,360.960
-443698.870,-1172320.780,360.910
-443696.690,-1172320.860,361.880
-443699.970,-1172318.030,360.850
-443716.940,-1172299.030,357.270
