-443769.710,-1172316.990,360.360
-443811.380,-1172312.050,356.660
-443811.540,-1172313.540,355.590
-443707.530,-1172299.500,355.820
-443811.880,-1172316.020,353.550
-443743.020,-1172296.820,355.290
-443743.770,-1172297.080,355.010
-443773.110,-1172411.510,354.050
-443843.400,-1172374.640,374.660
-443811.860,-1172312.550,356.300
-443811.850,-1172316.060,353.660
-443702.910,-1172299.730,355.490
-443770.010,-1172320.050,357.490
-443750.100,-1172436.640,348.180
-443811.810,-1172315.700,354.000
-443842.910,-1172374.540,374.460
-443842.570,-1172370.590,374.430
-443736.610,-1172292.920,359.090
-443743.850,-1172297.080,355.040
-443743.270,-1172292.230,359.250
