-443833.930,-1172388.000,353.920
-443834.270,-1172398.700,353.880
-443824.040,-1172309.670,355.380
-443811.810,-1172319.250,351.420
-443825.720,-1172336.410,359.760
-443825.510,-1172335.610,362.530
-443849.860,-1172399.960,374.740
-443841.650,-1172421.910,374.830
-443851.490,-1172382.550,374.400
-443848.960,-1172372.550,374.660
-443835.290,-1172393.120,373.900
-443834.750,-1172373.450,373.900
-443826.470,-1172362.190,359.760
-443736.990,-1172293.960,358.590
-443736.240,-1172294.560,358.210
-443736.340,-1172296.570,358.040
-443737.630,-1172293.340,359.120
-443737.760,-1172293.040,359.200
-443737.880,-1172292.740,359.330
-443738.380,-1172292.750,359.540
-443736.990,-1172296.820,358.410
-443737.470,-1172295.630,358.810
-443738.540,-1172292.950,359.720
-443738.190,-1172295.790,359.300
-443738.560,-1172294.870,359.580
-443738.440,-1172296.840,359.400
-443730.710,-1172319.340,361.090
-443730.820,-1172319.050,361.180
-443730.840,-1172319.640,361.240
-443737.200,-1172324.920,358.730
-443737.270,-1172325.490,358.790
-443737.740,-1172324.310,359.150
-443738.090,-1172323.430,359.490
-443737.990,-1172324.910,359.200
-443738.110,-1172324.600,359.350
-443738.460,-1172323.730,359.600
-443739.370,-1172322.420,360.320
-443740.430,-1172320.680,361.190
-443740.550,-1172320.380,361.310
-443740.270,-1172321.750,360.910
-443740.810,-1172321.450,361.390
-443775.030,-1172292.990,359.120
-443779.550,-1172314.800,360.280
-443787.090,-1172317.790,359.010
-443785.970,-1172319.690,358.150
-443786.090,-1172319.390,358.200
-443801.900,-1172311.410,356.710
-443802.130,-1172312.710,356.770
-443802.360,-1172312.130,356.950
-443802.480,-1172311.830,357.110
-443802.620,-1172312.410,357.080
-443802.730,-1172312.110,357.190
-443802.860,-1172311.790,357.310
-443824.270,-1172309.080,355.550
-443700.020,-1172296.990,357.060
-443700.770,-1172298.760,357.960
-443705.250,-1172337.330,360.430
-443717.950,-1172318.400,358.520
-443718.300,-1172318.630,358.690
-443718.840,-1172319.320,358.880
-443800.960,-1172408.880,347.800
-443826.070,-1172350.300,356.970
-443826.550,-1172362.110,359.800
-443849.140,-1172372.530,375.080
-443737.830,-1172292.830,359.290
-443738.120,-1172293.170,359.390
-443737.890,-1172293.370,359.250
-443736.910,-1172294.190,358.520
-443737.690,-1172295.580,358.960
-443738.120,-1172296.560,359.220
-443737.890,-1172296.750,359.020
-443740.250,-1172320.860,361.100
-443740.730,-1172321.360,361.390
-443739.490,-1172322.400,360.470
-443738.480,-1172323.250,359.770
-443738.000,-1172323.650,359.420
-443737.770,-1172323.840,359.240
-443737.780,-1172324.070,359.230
-443737.530,-1172324.270,359.070
-443779.400,-1172314.820,360.240
-443779.680,-1172315.560,360.390
-443787.060,-1172317.820,359.010
-443786.690,-1172318.700,358.740
-443785.020,-1172320.110,357.580
-443785.250,-1172320.390,357.630
-443801.800,-1172311.390,356.610
-443802.690,-1172311.870,357.230
-443802.440,-1172312.080,357.030
-443802.210,-1172312.270,356.850
-443807.830,-1172307.510,357.580
-443802.930,-1172311.670,357.470
-443701.490,-1172296.290,358.070
-443700.000,-1172299.230,357.570
-443704.470,-1172326.220,360.740
-443793.650,-1172413.780,353.010
-443849.450,-1172389.370,374.810
-443830.760,-1172354.590,370.660
-443830.060,-1172336.580,370.620
-443770.520,-1172429.660,361.760
-443770.320,-1172426.250,361.560
-443741.780,-1172321.170,358.100
-443739.740,-1172322.090,360.340
-443739.250,-1172323.250,359.940
-443737.640,-1172324.310,359.020
-443732.020,-1172320.050,361.690
-443738.550,-1172293.970,359.350
-443737.910,-1172295.500,358.850
-443737.440,-1172296.650,358.460
-443737.250,-1172295.500,358.390
-443737.370,-1172293.730,358.550
-443736.700,-1172295.340,358.010
-443721.380,-1172295.590,357.700
-443718.130,-1172318.470,358.360
-443700.010,-1172299.180,357.420
-443850.890,-1172415.620,348.500
-443769.890,-1172421.430,353.720
-443823.820,-1172308.660,355.290
-443838.030,-1172330.850,370.690
-443802.870,-1172311.890,357.200
-443802.060,-1172311.340,356.760
-443785.490,-1172320.350,357.720
-443788.750,-1172316.360,360.360
-443785.830,-1172319.490,357.910
-443787.200,-1172318.240,358.910
-443786.740,-1172317.750,358.680
-443787.430,-1172317.120,359.150
-443788.090,-1172316.510,359.650
-443787.990,-1172317.050,359.610
-443783.710,-1172318.220,358.830
-443780.020,-1172315.040,360.540
-443739.170,-1172323.290,360.050
-443737.510,-1172324.450,358.870
-443740.720,-1172321.510,361.230
-443739.530,-1172322.220,360.360
-443739.290,-1172322.170,360.190
-443740.400,-1172320.630,361.130
-443731.390,-1172319.600,361.460
-443738.520,-1172295.820,359.280
-443736.730,-1172294.510,358.240
-443700.760,-1172298.790,358.010
-443700.260,-1172296.870,357.030
-443801.840,-1172437.400,347.550
-443834.320,-1172397.720,353.950
-443826.440,-1172342.530,354.320
-443826.560,-1172351.100,354.160
-443826.740,-1172353.950,351.380
-443811.820,-1172319.090,351.540
-443835.190,-1172415.310,369.300
-443835.170,-1172415.110,369.300
-443838.670,-1172353.330,370.770
-443835.140,-1172338.610,370.600
-443830.520,-1172343.290,370.820
-443826.290,-1172350.460,356.930
-443770.280,-1172429.100,361.520
-443802.700,-1172312.050,357.150
-443802.580,-1172312.370,356.960
-443739.750,-1172322.030,360.600
-443738.710,-1172323.820,359.720
-443739.050,-1172322.900,360.060
-443737.000,-1172325.880,358.560
-443737.560,-1172324.350,359.020
-443731.380,-1172320.100,361.450
-443738.570,-1172296.320,359.430
-443737.870,-1172295.450,359.030
-443737.420,-1172296.670,358.590
-443737.880,-1172293.610,359.110
-443738.350,-1172292.830,359.630
-443736.920,-1172294.160,358.540
-443736.280,-1172294.400,358.160
-443736.160,-1172294.720,358.070
-443736.000,-1172294.570,357.930
-443718.840,-1172319.180,358.930
-443718.310,-1172318.600,358.690
-443717.740,-1172317.730,358.380
-443705.150,-1172337.270,360.510
-443704.880,-1172332.880,360.640
-443801.180,-1172407.970,347.880
-443834.280,-1172399.110,353.920
-443826.690,-1172351.160,354.280
-443826.460,-1172353.950,351.380
-443826.040,-1172364.950,346.930
-443833.310,-1172371.560,353.920
-443811.790,-1172319.220,351.570
-443748.660,-1172322.900,355.460
-443705.980,-1172323.660,355.340
-443836.280,-1172427.780,374.070
-443835.330,-1172415.240,369.340
-443834.940,-1172415.250,369.200
-443835.170,-1172415.050,369.360
-443835.020,-1172404.200,371.900
-443838.660,-1172353.450,370.780
-443838.250,-1172338.970,370.780
-443826.410,-1172346.380,362.640
-443828.480,-1172307.220,357.210
-443802.700,-1172312.030,357.170
-443802.920,-1172311.840,357.370
-443802.050,-1172311.470,356.750
-443785.090,-1172320.130,357.550
-443786.470,-1172318.970,358.510
-443787.190,-1172318.370,359.010
-443786.130,-1172318.630,358.330
-443786.820,-1172318.050,358.800
-443788.000,-1172317.070,359.650
-443788.220,-1172316.890,359.810
-443788.730,-1172315.320,360.290
-443788.950,-1172315.140,360.460
-443783.690,-1172318.120,358.840
-443779.440,-1172315.530,360.190
-443779.920,-1172315.130,360.550
-443780.080,-1172314.230,360.740
-443738.110,-1172323.510,359.460
-443740.440,-1172321.530,361.130
-443740.910,-1172320.460,361.550
-443730.450,-1172319.060,360.990
-443743.250,-1172292.830,358.760
-443738.020,-1172296.730,359.060
-443738.250,-1172296.540,359.210
-443738.740,-1172296.120,359.550
-443737.410,-1172296.690,358.660
-443738.160,-1172293.990,359.380
-443736.710,-1172294.720,358.370
-443736.930,-1172293.870,358.560
-443737.380,-1172293.480,358.860
-443737.610,-1172293.280,359.040
-443738.070,-1172292.890,359.390
-443738.280,-1172292.710,359.570
-443704.260,-1172327.860,360.470
-443701.060,-1172296.450,357.710
