-443850.760,-1172372.060,373.650
-443741.140,-1172317.990,360.710
-443762.140,-1172293.540,355.840
-443762.340,-1172294.130,355.610
-443769.470,-1172316.800,361.050
-443789.620,-1172316.180,360.300
-443790.020,-1172316.310,360.070
-443789.980,-1172318.810,358.610
-443790.070,-1172317.610,359.250
-443825.030,-1172331.850,362.690
-443716.630,-1172322.800,358.170
-443715.230,-1172337.900,360.000
-443754.380,-1172329.650,355.150
-443830.970,-1172336.860,370.620
-443831.740,-1172421.060,377.610
-443762.260,-1172294.070,355.600
-443775.330,-1172315.720,361.020
-443789.980,-1172314.760,360.370
-443790.080,-1172316.300,360.030
-443789.640,-1172316.210,360.330
-443789.990,-1172317.560,359.340
-443702.450,-1172297.200,357.560
-443702.710,-1172297.540,357.300
-443701.260,-1172298.740,358.120
-443716.540,-1172322.840,358.230
-443769.930,-1172411.740,354.010
-443820.250,-1172310.850,356.940
-443740.520,-1172292.780,358.890
-443717.270,-1172324.300,357.180
-443837.490,-1172307.650,356.320
-443793.570,-1172319.070,358.110
-443793.400,-1172317.660,358.240
-443795.500,-1172314.110,360.310
-443789.950,-1172316.670,359.880
-443790.500,-1172315.240,359.930
-443775.100,-1172315.650,361.170
-443747.570,-1172318.090,360.070
-443741.830,-1172319.840,359.550
-443734.560,-1172320.100,361.760
-443717.000,-1172324.140,357.300
-443702.700,-1172297.530,357.410
-443784.960,-1172321.120,353.590
-443845.050,-1172399.990,374.220
-443815.860,-1172309.820,357.980
-443790.470,-1172313.490,361.110
-443790.380,-1172315.280,360.050
-443769.430,-1172316.920,360.970
-443721.210,-1172294.730,357.980
-443715.280,-1172337.640,360.240
-443705.900,-1172323.830,361.220
-443706.150,-1172322.540,362.200
-443837.350,-1172306.840,357.000
-443815.570,-1172309.640,358.180
-443815.960,-1172309.870,357.950
-443792.150,-1172316.630,359.010
-443789.710,-1172317.390,359.720
-443747.430,-1172317.960,360.200
-443746.370,-1172317.140,360.830
-443725.990,-1172321.160,358.500
-443721.240,-1172294.710,358.120
-443710.440,-1172322.570,361.860
-443701.910,-1172300.410,357.190
-443701.760,-1172300.030,357.420
-443702.940,-1172297.810,357.150
