-443807.590,-1172318.950,351.780
-443734.210,-1172432.650,361.820
-443850.820,-1172396.540,374.310
-443850.810,-1172379.490,373.790
-443850.170,-1172375.210,374.160
-443701.950,-1172297.560,357.850
-443702.080,-1172297.250,357.770
-443702.120,-1172299.230,357.360
-443702.250,-1172298.920,357.310
-443826.350,-1172336.230,370.830
-443734.200,-1172427.910,361.650
-443826.820,-1172349.280,370.730
-443834.860,-1172376.840,374.570
-443850.920,-1172399.150,374.360
-443850.670,-1172399.360,374.500
-443850.850,-1172379.390,373.820
-443850.400,-1172375.730,373.830
-443850.410,-1172374.850,374.150
-443849.990,-1172374.620,374.570
-443850.620,-1172373.220,373.600
-443835.150,-1172386.330,374.540
-443743.330,-1172290.870,359.240
-443790.120,-1172315.800,360.070
-443701.980,-1172297.130,357.990
-443701.960,-1172297.610,357.830
-443702.610,-1172298.230,357.230
-443702.360,-1172298.440,357.350
-443702.120,-1172298.640,357.510
-443701.860,-1172298.850,357.640
-443702.280,-1172298.950,357.260
-443702.060,-1172299.130,357.420
-443698.290,-1172324.530,360.480
-443850.650,-1172379.610,373.800
-443849.600,-1172379.830,374.710
-443826.460,-1172340.320,371.080
-443761.710,-1172291.610,357.210
-443698.000,-1172325.550,360.760
-443772.500,-1172323.060,352.920
-443849.570,-1172379.810,374.780
-443850.460,-1172377.490,373.940
-443850.300,-1172375.240,374.240
-443842.090,-1172382.990,377.140
-443850.300,-1172374.710,374.170
-443850.610,-1172371.450,373.930
-443840.540,-1172355.800,370.070
-443827.320,-1172363.830,370.750
-443827.020,-1172359.600,371.040
-443826.510,-1172342.700,370.990
-443826.550,-1172340.270,370.810
-443697.950,-1172325.510,360.540
-443698.130,-1172325.340,360.300
-443698.420,-1172324.270,360.420
-443716.790,-1172296.340,357.510
-443702.300,-1172298.710,357.410
-443702.510,-1172298.510,357.280
-443701.830,-1172298.790,357.780
-443702.300,-1172298.350,357.510
-443702.080,-1172297.560,357.810
-443850.620,-1172399.540,374.550
-443851.630,-1172392.320,374.740
-443850.300,-1172390.530,374.710
-443826.360,-1172338.680,371.010
-443739.290,-1172292.270,359.520
-443702.060,-1172298.130,357.610
-443701.840,-1172297.680,358.000
-443834.670,-1172392.120,348.560
-443835.360,-1172413.430,368.270
-443851.510,-1172392.030,374.950
-443849.730,-1172379.790,374.610
-443849.690,-1172379.360,374.740
-443850.460,-1172378.730,374.170
-443826.890,-1172356.790,370.910
-443734.320,-1172431.130,361.720
-443716.700,-1172296.700,357.710
-443701.980,-1172298.640,357.700
-443702.310,-1172298.350,357.500
-443702.610,-1172298.100,357.320
-443702.050,-1172299.050,357.530
-443702.390,-1172298.760,357.330
-443701.940,-1172297.410,357.970
-443702.000,-1172297.830,357.860
