-443771.250,-1172411.700,353.770
-443772.140,-1172411.420,354.020
-443794.300,-1172424.380,352.760
-443803.860,-1172379.520,348.410
-443836.210,-1172310.570,354.240
-443833.390,-1172310.630,354.640
-443815.640,-1172314.240,354.750
-443810.780,-1172317.340,351.470
-443811.680,-1172315.010,354.450
-443810.080,-1172314.550,354.860
-443808.810,-1172316.910,351.790
-443797.270,-1172331.780,351.160
-443803.350,-1172306.470,352.610
-443798.990,-1172290.600,350.640
-443789.070,-1172292.250,355.060
-443789.190,-1172291.960,355.130
-443722.540,-1172326.940,354.630
-443727.500,-1172325.490,355.310
-443748.560,-1172325.430,351.140
-443748.680,-1172325.110,351.130
-443762.110,-1172294.700,355.300
-443762.230,-1172294.410,355.400
-443762.870,-1172294.950,355.240
-443769.340,-1172322.270,355.050
-443720.070,-1172342.690,352.880
-443719.540,-1172326.470,355.160
-443718.700,-1172326.640,355.180
-443717.510,-1172326.660,355.240
-443717.460,-1172299.680,355.340
-443711.500,-1172297.690,355.090
-443830.720,-1172337.030,370.580
-443845.760,-1172399.930,374.170
-443846.260,-1172399.750,374.310
-443850.330,-1172379.620,374.010
-443840.100,-1172400.250,374.180
-443831.440,-1172421.210,377.610
-443841.360,-1172393.090,374.730
-443830.670,-1172420.260,378.660
-443718.940,-1172294.990,358.110
-443721.040,-1172294.620,358.170
-443724.840,-1172295.170,357.570
-443725.130,-1172296.450,357.640
-443735.220,-1172292.320,359.570
-443736.130,-1172292.210,359.650
-443725.360,-1172320.950,358.670
-443741.850,-1172293.490,358.160
-443731.940,-1172323.600,359.700
-443731.920,-1172325.830,358.250
-443734.430,-1172320.280,361.840
-443734.550,-1172319.980,361.830
-443735.110,-1172321.330,360.930
-443749.020,-1172291.220,358.780
-443738.170,-1172325.440,358.950
-443738.360,-1172326.580,358.250
-443741.450,-1172321.930,357.770
-443740.760,-1172326.510,358.240
-443744.810,-1172317.450,360.810
-443745.460,-1172317.680,360.680
-443744.960,-1172320.050,358.970
-443746.150,-1172317.060,360.930
-443748.010,-1172318.450,359.820
-443748.710,-1172318.980,359.370
-443750.200,-1172320.250,358.470
-443761.870,-1172290.890,357.100
-443761.870,-1172291.890,356.660
-443762.010,-1172292.710,356.220
-443762.130,-1172292.410,356.330
-443762.260,-1172293.250,356.020
-443764.970,-1172290.460,357.090
-443765.120,-1172290.840,356.990
-443766.210,-1172318.080,360.520
-443765.960,-1172317.870,360.650
-443767.460,-1172315.910,361.690
-443766.330,-1172321.030,358.680
-443766.550,-1172320.460,359.130
-443765.840,-1172321.080,358.900
-443765.960,-1172320.770,358.980
-443766.080,-1172320.460,359.170
-443768.930,-1172316.180,361.400
-443768.100,-1172319.200,359.800
-443769.150,-1172316.530,361.190
-443768.310,-1172319.740,359.460
-443768.440,-1172319.430,359.540
-443768.550,-1172319.140,359.660
-443769.550,-1172318.400,360.090
-443768.550,-1172319.960,359.270
-443790.090,-1172314.980,360.210
-443790.200,-1172314.690,360.290
-443790.480,-1172315.130,360.070
-443790.880,-1172315.540,359.770
-443791.680,-1172313.500,361.000
-443790.080,-1172319.570,357.990
-443791.480,-1172315.990,359.510
-443792.060,-1172316.500,359.100
-443793.340,-1172313.230,361.080
-443789.940,-1172320.830,357.410
-443790.050,-1172320.550,357.420
-443791.310,-1172317.300,359.370
-443792.300,-1172316.690,358.950
-443790.450,-1172320.630,357.230
-443792.620,-1172316.950,358.690
-443793.390,-1172317.510,358.350
-443792.430,-1172318.530,358.540
-443795.210,-1172313.790,360.500
-443794.240,-1172318.250,357.910
-443794.360,-1172317.940,358.020
-443797.830,-1172313.800,360.370
-443798.370,-1172314.240,360.010
-443796.320,-1172318.560,357.500
-443799.170,-1172318.350,357.470
-443804.290,-1172311.730,357.630
-443806.640,-1172311.040,358.010
-443811.240,-1172309.540,358.750
-443811.910,-1172309.840,358.340
-443815.230,-1172309.540,358.240
-443820.000,-1172310.740,356.920
-443825.920,-1172309.330,356.060
-443833.320,-1172306.750,357.370
-443833.150,-1172308.190,356.390
-443836.900,-1172306.620,357.170
-443829.650,-1172330.590,371.130
-443840.280,-1172307.750,356.100
-443841.560,-1172308.360,355.430
-443836.490,-1172330.520,371.070
-443701.350,-1172299.060,357.860
-443701.750,-1172300.130,357.300
-443716.860,-1172295.720,357.780
-443717.100,-1172295.110,358.150
-443706.290,-1172323.820,361.170
-443717.110,-1172297.040,356.830
-443717.080,-1172296.140,357.490
-443717.310,-1172298.180,356.260
-443705.460,-1172326.480,360.800
-443716.760,-1172298.530,356.040
-443707.880,-1172322.350,362.130
-443718.310,-1172297.550,356.520
-443710.600,-1172322.080,362.090
-443712.470,-1172323.330,360.960
-443716.050,-1172323.110,360.990
-443718.900,-1172321.080,359.070
-443712.660,-1172338.160,360.180
-443713.730,-1172337.110,360.520
-443714.860,-1172338.050,360.020
-443714.980,-1172337.750,360.240
-443714.390,-1172338.000,360.200
-443796.550,-1172421.340,353.860
-443798.000,-1172422.270,353.420
-443797.010,-1172423.110,353.180
-443770.220,-1172411.620,353.950
-443770.890,-1172411.760,353.860
-443793.920,-1172424.560,350.380
-443697.340,-1172346.390,352.620
-443842.060,-1172308.690,355.160
-443835.390,-1172312.610,352.850
-443836.180,-1172310.610,354.260
-443833.390,-1172310.540,354.490
-443817.580,-1172313.880,354.710
-443807.760,-1172320.030,351.460
-443812.110,-1172315.820,353.630
-443801.740,-1172290.610,353.570
-443798.940,-1172291.040,350.660
-443789.130,-1172292.140,355.140
-443720.090,-1172300.070,354.900
-443748.910,-1172325.130,351.170
-443748.640,-1172325.350,351.170
-443718.900,-1172300.060,354.910
-443840.940,-1172415.610,377.470
-443831.980,-1172419.830,377.660
-443830.640,-1172420.470,378.590
-443842.340,-1172399.900,374.320
-443842.090,-1172400.100,374.230
-443721.200,-1172294.780,358.100
-443721.840,-1172296.760,357.830
-443729.170,-1172295.930,357.690
-443739.580,-1172291.960,359.570
-443741.570,-1172293.350,358.230
-443741.810,-1172293.480,358.130
-443761.870,-1172290.510,357.320
-443724.270,-1172322.000,358.110
-443725.750,-1172321.080,358.550
-443761.820,-1172290.860,357.110
-443761.890,-1172291.410,356.850
-443726.400,-1172321.580,358.160
-443726.920,-1172321.880,357.870
-443762.110,-1172292.390,356.360
-443731.860,-1172321.080,361.350
-443731.590,-1172322.050,360.760
-443734.950,-1172321.580,360.790
-443741.450,-1172318.050,360.620
-443742.210,-1172318.050,360.620
-443746.130,-1172317.040,360.880
-443741.940,-1172320.570,358.870
-443746.550,-1172317.290,360.710
-443746.740,-1172317.520,360.540
-443747.210,-1172317.700,360.380
-443743.560,-1172321.130,358.360
-443738.260,-1172326.610,358.250
-443738.940,-1172326.600,358.200
-443741.490,-1172326.290,358.180
-443748.080,-1172321.100,357.840
-443750.320,-1172320.330,358.420
-443765.670,-1172317.180,361.110
-443765.540,-1172316.870,361.240
-443767.670,-1172315.880,361.730
-443766.480,-1172316.880,361.190
-443765.640,-1172318.130,360.610
-443766.270,-1172318.090,360.530
-443765.390,-1172319.380,359.880
-443770.430,-1172315.510,361.740
-443766.030,-1172319.220,360.000
-443769.470,-1172317.370,360.700
-443767.770,-1172318.800,360.010
-443768.310,-1172318.860,359.920
-443768.060,-1172319.070,359.890
-443765.880,-1172320.910,358.970
-443765.640,-1172321.110,358.870
-443766.000,-1172321.150,358.800
-443766.500,-1172321.670,358.430
-443768.480,-1172319.590,359.470
-443768.230,-1172319.810,359.400
-443774.300,-1172315.090,361.830
-443768.480,-1172320.000,359.240
-443785.280,-1172317.200,359.100
-443790.530,-1172313.630,360.960
-443790.240,-1172315.130,360.090
-443790.600,-1172315.390,359.900
-443793.500,-1172314.020,360.540
-443791.300,-1172315.890,359.530
-443790.560,-1172316.510,359.920
-443794.380,-1172313.840,360.740
-443791.700,-1172316.120,359.350
-443790.140,-1172317.980,359.050
-443792.250,-1172316.670,358.910
-443797.530,-1172313.370,360.650
-443792.160,-1172317.920,358.880
-443790.250,-1172319.540,358.060
-443789.990,-1172319.750,358.130
-443797.080,-1172313.190,360.810
-443792.770,-1172318.430,358.530
-443790.080,-1172320.710,357.370
-443797.770,-1172313.720,360.430
-443792.410,-1172318.270,358.660
-443794.190,-1172317.840,358.100
-443793.950,-1172318.040,358.010
-443798.760,-1172314.420,359.910
-443793.430,-1172318.940,358.200
-443794.840,-1172318.520,357.610
-443794.540,-1172318.410,357.710
-443804.860,-1172312.630,356.670
-443799.070,-1172318.450,357.390
-443812.600,-1172310.080,358.080
-443814.860,-1172309.090,358.650
-443820.150,-1172310.800,356.850
-443819.910,-1172310.650,357.040
-443833.430,-1172308.110,356.360
-443833.200,-1172308.310,356.280
-443836.890,-1172306.590,357.200
-443840.970,-1172307.870,355.860
-443841.570,-1172308.260,355.520
-443826.900,-1172331.040,370.790
-443836.370,-1172330.470,371.070
-443702.260,-1172296.510,358.010
-443701.370,-1172299.260,357.930
-443701.540,-1172299.560,357.690
-443701.780,-1172300.260,357.300
-443701.930,-1172300.580,357.100
-443709.070,-1172296.860,358.490
-443716.640,-1172295.440,357.980
-443717.570,-1172295.080,358.120
-443716.840,-1172295.690,357.790
-443717.050,-1172298.230,356.220
-443706.010,-1172323.960,361.260
-443707.380,-1172323.780,361.170
-443708.980,-1172323.780,361.080
-443710.470,-1172322.090,362.080
-443707.990,-1172324.160,361.060
-443712.570,-1172323.420,360.950
-443713.240,-1172323.350,360.950
-443719.270,-1172321.070,359.080
-443713.320,-1172326.900,360.950
-443714.210,-1172326.960,360.860
-443716.440,-1172326.950,358.030
-443716.940,-1172326.780,360.380
-443713.470,-1172338.070,360.220
-443827.470,-1172311.790,354.110
-443817.510,-1172314.020,354.730
-443815.650,-1172314.210,354.630
-443810.850,-1172317.550,351.390
-443806.700,-1172315.580,354.290
-443797.660,-1172331.480,351.150
-443722.520,-1172326.990,354.660
-443718.710,-1172326.670,355.330
-443719.210,-1172326.640,355.220
-443717.550,-1172326.770,355.180
-443836.030,-1172338.590,370.790
-443827.880,-1172330.530,370.840
-443826.580,-1172331.170,370.830
-443833.000,-1172306.780,357.580
-443818.690,-1172310.190,357.580
-443816.740,-1172310.370,357.570
-443798.790,-1172314.290,360.020
-443793.300,-1172318.950,358.180
-443792.260,-1172318.200,358.710
-443794.580,-1172313.780,360.720
-443793.120,-1172317.330,358.490
-443791.970,-1172316.370,359.240
-443792.010,-1172317.790,359.010
-443790.510,-1172315.050,360.120
-443790.200,-1172317.130,359.570
-443790.170,-1172315.230,360.150
-443774.040,-1172317.880,359.460
-443768.370,-1172320.100,359.270
-443768.040,-1172318.690,359.940
-443766.000,-1172318.150,360.600
-443743.910,-1172296.990,358.200
-443727.450,-1172324.720,355.900
-443736.450,-1172292.570,359.420
-443724.330,-1172322.000,358.100
-443734.610,-1172292.380,359.680
-443714.970,-1172337.790,360.330
-443717.400,-1172325.280,356.350
-443711.420,-1172323.410,361.230
-443709.120,-1172323.710,361.060
-443706.210,-1172326.360,361.120
-443717.280,-1172298.820,355.640
-443706.110,-1172326.250,361.020
-443717.130,-1172298.390,356.250
-443801.250,-1172424.770,347.620
-443770.900,-1172436.430,353.630
-443770.220,-1172411.640,353.920
-443842.270,-1172308.810,355.070
-443836.200,-1172310.600,354.210
-443797.520,-1172331.480,351.070
-443810.120,-1172314.630,354.810
-443789.150,-1172292.120,355.170
-443789.030,-1172291.890,355.270
-443754.180,-1172329.790,355.150
-443719.620,-1172299.640,355.110
-443721.380,-1172326.390,355.080
-443722.530,-1172326.910,354.630
-443761.940,-1172294.980,355.250
-443719.150,-1172326.620,355.150
-443717.380,-1172299.490,355.370
-443706.420,-1172301.150,354.520
-443848.160,-1172419.430,374.240
-443830.820,-1172420.250,378.710
-443836.250,-1172338.710,370.680
-443841.340,-1172308.120,355.610
-443841.060,-1172307.870,355.880
-443836.990,-1172306.690,357.090
-443837.320,-1172306.880,356.880
-443834.220,-1172308.050,356.360
-443833.560,-1172308.170,356.290
-443834.290,-1172306.580,357.440
-443819.890,-1172310.680,356.990
-443813.350,-1172309.810,358.260
-443810.980,-1172309.410,359.060
-443810.820,-1172310.940,359.130
-443799.080,-1172318.120,357.630
-443795.070,-1172320.130,357.300
-443795.080,-1172318.980,357.350
-443793.740,-1172319.760,357.720
-443792.940,-1172318.550,358.390
-443798.050,-1172313.900,360.230
-443794.290,-1172317.830,358.070
-443798.370,-1172314.130,360.130
-443790.180,-1172320.590,357.450
-443790.260,-1172319.760,358.000
-443792.110,-1172318.080,358.840
-443792.360,-1172318.180,358.670
-443797.510,-1172313.500,360.550
-443792.790,-1172316.980,358.670
-443796.260,-1172312.990,360.950
-443791.660,-1172317.610,359.120
-443791.440,-1172315.870,359.520
-443791.610,-1172316.200,359.290
-443790.250,-1172316.400,359.950
-443789.600,-1172317.540,359.590
-443790.060,-1172315.170,360.190
-443790.360,-1172314.900,360.250
-443773.960,-1172319.010,357.860
-443774.200,-1172317.760,359.380
-443767.510,-1172321.520,358.400
-443768.540,-1172320.130,359.110
-443766.540,-1172321.590,358.480
-443768.430,-1172319.870,359.320
-443773.530,-1172315.220,361.790
-443766.300,-1172321.150,358.720
-443769.430,-1172318.300,360.160
-443765.870,-1172320.440,359.250
-443765.790,-1172321.090,358.920
-443766.090,-1172320.820,358.970
-443768.280,-1172318.830,359.930
-443767.270,-1172317.840,360.590
-443765.680,-1172319.680,359.750
-443765.990,-1172319.010,359.990
-443766.250,-1172318.010,360.580
-443767.990,-1172315.840,361.700
-443767.620,-1172315.850,361.790
-443765.650,-1172317.130,361.170
-443749.360,-1172324.490,357.060
-443748.780,-1172324.580,357.080
-443750.440,-1172320.420,358.300
-443748.110,-1172321.110,357.820
-443748.420,-1172318.860,359.500
-443739.090,-1172326.530,358.220
-443738.950,-1172326.330,358.300
-443745.170,-1172320.000,359.010
-443743.530,-1172320.970,358.450
-443747.110,-1172317.700,360.390
-443741.470,-1172321.970,357.920
-443746.300,-1172317.230,360.760
-443745.360,-1172317.610,360.620
-443744.510,-1172317.660,360.610
-443744.810,-1172317.380,360.790
-443745.160,-1172317.060,360.960
-443741.990,-1172318.710,360.070
-443743.610,-1172317.230,360.900
-443731.910,-1172325.810,358.270
-443738.410,-1172319.840,361.630
-443734.590,-1172321.320,360.920
-443734.870,-1172319.810,361.900
-443734.020,-1172319.840,361.970
-443731.990,-1172321.140,361.320
-443762.000,-1172291.500,356.810
-443726.190,-1172321.570,358.170
-443721.280,-1172324.180,356.810
-443739.600,-1172291.860,359.570
-443724.170,-1172296.520,357.580
-443714.890,-1172337.820,360.220
-443715.190,-1172337.540,360.280
-443715.030,-1172338.030,360.130
-443716.990,-1172326.710,360.350
-443715.980,-1172323.050,360.940
-443712.430,-1172323.450,360.920
-443710.970,-1172323.440,361.050
-443708.150,-1172323.810,361.050
-443707.560,-1172323.890,361.100
-443718.510,-1172298.070,356.210
-443718.300,-1172298.640,355.800
-443717.100,-1172298.050,356.280
-443718.380,-1172296.870,356.900
-443717.200,-1172298.370,356.100
-443717.860,-1172297.760,356.440
-443716.980,-1172297.170,356.830
-443717.030,-1172296.120,357.430
-443701.560,-1172299.930,357.450
-443701.770,-1172300.290,357.300
-443701.300,-1172299.280,357.830
-443702.560,-1172297.120,357.570
-443744.730,-1172411.220,347.900
-443737.840,-1172437.070,347.650
-443752.260,-1172410.840,347.920
-443750.270,-1172436.170,347.700
-443752.830,-1172436.340,350.940
-443793.840,-1172424.340,350.370
-443793.720,-1172424.660,350.260
-443803.680,-1172379.650,348.290
-443698.590,-1172346.360,352.650
-443836.410,-1172313.680,347.730
-443787.000,-1172292.060,355.300
-443791.900,-1172320.750,351.400
-443806.770,-1172315.710,354.370
-443809.900,-1172317.400,351.540
-443722.570,-1172326.960,354.610
-443727.550,-1172325.510,355.240
-443744.240,-1172325.180,351.410
-443748.720,-1172324.800,351.360
-443748.600,-1172325.100,351.220
-443761.990,-1172294.640,355.340
-443762.780,-1172294.910,355.250
-443770.920,-1172322.300,355.060
-443785.080,-1172320.810,353.700
-443720.610,-1172342.580,352.910
-443721.400,-1172326.370,355.100
-443717.590,-1172326.820,355.190
-443718.630,-1172299.240,355.450
-443717.310,-1172300.230,354.880
-443715.690,-1172300.370,355.210
-443704.550,-1172329.310,352.490
-443706.380,-1172301.270,354.440
-443846.620,-1172415.580,374.230
-443845.710,-1172399.980,374.210
-443841.740,-1172407.930,374.190
-443836.130,-1172400.070,374.330
-443838.470,-1172370.570,374.700
-443826.260,-1172366.870,356.840
-443835.890,-1172338.470,370.830
-443826.610,-1172331.150,370.770
-443834.990,-1172306.600,357.310
-443820.760,-1172310.990,356.680
-443807.990,-1172309.790,358.740
-443796.350,-1172318.660,357.520
-443798.330,-1172314.060,360.100
-443794.960,-1172320.050,357.430
-443796.720,-1172313.000,361.010
-443793.040,-1172318.760,358.330
-443792.690,-1172317.000,358.600
-443792.280,-1172318.100,358.700
-443792.780,-1172318.480,358.490
-443794.830,-1172313.970,360.560
-443792.100,-1172318.030,358.820
-443790.700,-1172316.830,359.650
-443791.370,-1172315.860,359.510
-443790.970,-1172316.940,359.490
-443790.360,-1172313.790,361.060
-443790.670,-1172315.280,359.950
-443775.030,-1172319.230,357.780
-443768.460,-1172319.550,359.530
-443768.350,-1172319.840,359.380
-443769.000,-1172315.660,361.750
-443769.250,-1172316.600,361.180
-443768.720,-1172318.050,360.360
-443767.420,-1172321.550,358.370
-443766.090,-1172320.510,359.110
-443765.970,-1172320.830,359.010
-443765.870,-1172321.110,358.850
-443766.200,-1172321.100,358.850
-443767.650,-1172318.730,360.050
-443766.570,-1172321.640,358.400
-443766.140,-1172318.060,360.550
-443766.340,-1172318.090,360.480
-443766.230,-1172318.390,360.360
-443766.020,-1172318.960,359.980
-443765.800,-1172319.570,359.730
-443767.790,-1172315.920,361.710
-443766.400,-1172319.680,359.590
-443765.790,-1172317.050,361.190
-443765.790,-1172317.710,360.830
-443765.040,-1172290.760,357.020
-443762.730,-1172293.410,355.860
-443762.230,-1172292.590,356.240
-443761.790,-1172291.180,356.980
-443749.450,-1172319.580,358.920
-443745.570,-1172317.640,360.410
-443741.650,-1172326.320,358.180
-443738.880,-1172326.580,358.220
-443738.000,-1172319.450,361.880
-443735.050,-1172325.480,358.250
-443736.610,-1172319.460,361.990
-443735.870,-1172321.450,360.780
-443744.210,-1172296.860,358.010
-443743.710,-1172296.770,358.100
-443734.510,-1172321.390,360.960
-443734.590,-1172319.840,361.900
-443734.480,-1172320.140,361.740
-443742.180,-1172291.460,359.700
-443741.480,-1172293.370,358.300
-443727.090,-1172321.910,357.810
-443725.860,-1172321.100,358.520
-443725.620,-1172320.890,358.700
-443724.930,-1172320.570,358.990
-443722.380,-1172296.720,357.580
-443714.330,-1172337.930,360.180
-443715.170,-1172337.920,360.060
-443713.510,-1172338.050,360.200
-443717.080,-1172326.710,360.400
-443716.260,-1172326.190,358.500
-443715.210,-1172321.520,362.090
-443711.240,-1172321.950,362.060
-443710.400,-1172322.460,361.870
-443718.680,-1172298.210,356.110
-443708.980,-1172323.750,361.050
-443718.370,-1172298.900,355.710
-443707.500,-1172325.230,360.690
-443707.440,-1172323.930,361.090
-443706.310,-1172323.920,361.170
-443706.840,-1172322.500,362.060
-443710.560,-1172294.460,357.120
-443706.850,-1172299.520,356.050
-443701.330,-1172299.050,357.960
-443834.580,-1172421.940,348.560
-443832.410,-1172421.580,347.530
-443805.530,-1172434.060,350.720
-443801.010,-1172424.800,347.630
-443793.860,-1172424.650,350.340
-443748.550,-1172436.980,347.550
-443750.620,-1172436.470,347.700
-443762.430,-1172436.260,347.580
-443770.700,-1172436.170,353.740
-443699.710,-1172345.670,353.110
-443842.090,-1172308.690,355.210
-443797.390,-1172331.720,351.020
-443797.650,-1172331.500,351.040
-443806.960,-1172315.710,354.300
-443789.150,-1172291.770,355.310
-443801.670,-1172290.550,353.570
-443748.600,-1172325.290,351.160
-443748.860,-1172325.060,351.160
-443770.210,-1172322.520,355.040
-443772.390,-1172322.170,355.100
-443834.880,-1172422.040,358.260
-443835.340,-1172421.650,374.060
-443841.640,-1172407.860,374.200
-443845.090,-1172399.750,374.340
-443837.680,-1172400.230,374.170
-443836.580,-1172400.290,374.170
-443839.210,-1172370.950,374.310
-443826.200,-1172366.790,356.790
-443836.850,-1172306.420,357.360
-443812.350,-1172309.860,358.330
-443813.230,-1172309.820,358.300
-443799.190,-1172318.520,357.390
-443805.000,-1172312.650,356.670
-443793.490,-1172319.090,358.110
-443794.430,-1172318.310,357.790
-443793.910,-1172319.340,357.940
-443794.890,-1172318.530,357.610
-443790.420,-1172319.950,357.800
-443792.420,-1172318.270,358.700
-443797.880,-1172313.730,360.450
-443790.150,-1172320.830,357.380
-443790.420,-1172320.610,357.440
-443792.570,-1172316.860,358.850
-443792.030,-1172317.870,358.930
-443797.480,-1172313.340,360.690
-443790.530,-1172316.710,359.790
-443791.470,-1172315.920,359.470
-443790.310,-1172317.550,359.290
-443790.190,-1172316.460,359.970
-443790.660,-1172315.480,359.840
-443784.240,-1172319.540,357.620
-443784.650,-1172317.810,358.750
-443785.420,-1172317.170,359.090
-443766.560,-1172321.570,358.480
-443768.280,-1172320.120,359.260
-443768.560,-1172319.890,359.310
-443774.310,-1172315.070,361.860
-443766.310,-1172321.120,358.780
-443768.340,-1172319.420,359.610
-443769.570,-1172318.390,360.150
-443767.540,-1172319.200,359.910
-443765.870,-1172321.060,358.870
-443765.790,-1172320.660,359.120
-443765.720,-1172319.780,359.630
-443765.970,-1172319.560,359.690
-443769.240,-1172316.810,361.090
-443770.750,-1172315.540,361.690
-443765.570,-1172318.960,359.980
-443766.140,-1172318.990,360.020
-443765.710,-1172316.780,361.360
-443766.470,-1172316.140,361.760
-443765.790,-1172317.150,361.160
-443749.390,-1172319.690,358.880
-443740.690,-1172326.460,358.140
-443749.040,-1172319.400,359.130
-443746.030,-1172321.310,357.820
-443747.080,-1172317.620,360.450
-443738.300,-1172319.760,361.720
-443738.010,-1172319.430,361.950
-443726.650,-1172321.690,358.100
-443723.020,-1172320.880,359.020
-443742.130,-1172293.800,357.830
-443741.410,-1172293.260,358.370
-443740.450,-1172292.650,358.910
-443736.430,-1172292.550,359.420
-443712.390,-1172338.170,360.240
-443714.340,-1172337.130,360.500
-443713.360,-1172323.160,361.060
-443710.160,-1172322.800,361.880
-443707.510,-1172324.010,361.070
-443706.910,-1172323.990,361.100
-443707.410,-1172322.420,362.180
-443718.350,-1172298.670,355.830
-443716.710,-1172295.470,357.940
-443701.340,-1172299.200,357.990
