-443759.940,-1172335.030,352.460
-443826.430,-1172338.160,371.090
-443826.510,-1172340.710,370.740
-443826.800,-1172349.440,370.690
-443850.670,-1172397.890,374.490
-443849.970,-1172378.630,374.100
-443841.500,-1172383.610,383.420
-443841.220,-1172383.500,383.390
-443841.440,-1172382.940,383.520
-443841.100,-1172382.870,383.540
-443826.920,-1172357.280,371.070
-443716.550,-1172333.840,360.440
-443770.710,-1172433.740,354.460
-443770.380,-1172431.510,354.500
-443834.070,-1172318.590,349.820
-443802.360,-1172328.730,348.980
-443727.690,-1172324.090,350.580
-443727.820,-1172322.930,350.600
-443826.860,-1172352.870,370.780
-443826.920,-1172358.610,370.980
-443827.010,-1172360.080,370.930
-443851.290,-1172378.540,370.870
-443841.330,-1172382.950,383.600
-443841.180,-1172383.550,383.480
-443841.180,-1172382.680,383.590
-443742.610,-1172296.170,357.730
-443742.750,-1172297.050,357.970
-443749.530,-1172314.180,358.540
-443798.490,-1172313.110,360.030
-443851.720,-1172425.600,349.780
-443852.160,-1172425.540,349.690
-443770.590,-1172422.750,354.100
-443770.830,-1172430.800,350.860
-443799.740,-1172402.260,350.580
-443840.180,-1172339.500,348.680
-443840.300,-1172343.360,351.550
-443840.720,-1172354.930,348.660
-443840.910,-1172363.860,354.310
-443851.220,-1172397.950,374.170
-443841.420,-1172382.840,383.540
-443840.470,-1172365.120,362.800
-443840.550,-1172362.390,365.610
-443840.620,-1172350.240,362.650
-443840.060,-1172344.090,359.940
-443839.930,-1172342.900,362.740
-443839.820,-1172335.650,365.560
-443827.280,-1172365.130,370.910
-443827.090,-1172356.160,371.020
-443826.420,-1172337.300,371.060
-443840.100,-1172333.230,362.660
-443840.120,-1172333.210,365.480
-443775.840,-1172315.350,360.640
-443775.730,-1172315.610,360.830
-443774.400,-1172314.850,361.730
-443765.900,-1172293.820,358.910
-443742.620,-1172295.580,357.770
-443777.250,-1172414.110,352.850
-443770.680,-1172430.610,350.880
-443840.100,-1172339.720,348.490
-443840.440,-1172355.020,348.680
-443840.220,-1172360.840,348.830
-443840.710,-1172361.700,354.220
-443759.920,-1172335.350,352.610
-443758.710,-1172332.520,353.090
-443758.910,-1172332.340,352.830
-443758.810,-1172331.280,352.890
-443758.580,-1172331.110,353.140
-443750.920,-1172322.630,352.410
-443726.780,-1172321.040,351.160
-443850.730,-1172392.290,373.870
-443841.220,-1172382.830,383.570
-443849.990,-1172372.010,374.520
-443850.830,-1172371.260,373.700
-443840.480,-1172365.110,362.790
-443840.750,-1172362.250,368.160
-443840.530,-1172362.450,365.540
-443840.490,-1172356.690,357.210
-443840.290,-1172353.210,365.550
-443827.250,-1172364.390,370.870
-443827.020,-1172360.410,371.010
-443839.870,-1172342.700,362.780
-443839.920,-1172341.310,368.700
-443826.880,-1172352.730,370.920
-443839.710,-1172340.630,360.000
-443839.900,-1172339.910,365.510
-443826.820,-1172350.390,370.840
-443839.740,-1172333.340,365.490
-443839.750,-1172333.320,362.700
-443826.470,-1172334.450,370.720
-443775.900,-1172315.320,360.590
-443742.400,-1172294.480,357.640
-443716.940,-1172298.610,357.080
-443785.090,-1172419.040,350.300
-443850.530,-1172381.170,373.390
-443841.000,-1172382.690,383.560
-443826.840,-1172350.560,370.750
-443734.350,-1172430.510,361.530
-443775.820,-1172315.440,360.620
-443749.630,-1172314.240,358.730
-443722.100,-1172317.640,357.440
-443759.960,-1172335.080,352.660
-443851.590,-1172387.950,374.500
-443835.090,-1172400.090,360.020
-443841.320,-1172383.560,383.450
-443841.100,-1172382.890,383.470
-443841.320,-1172382.710,383.620
-443734.450,-1172432.950,361.690
-443826.250,-1172332.850,370.950
