-443852.110,-1172392.350,374.450
-443851.390,-1172376.950,372.670
-443851.720,-1172425.240,349.730
-443770.660,-1172434.570,354.500
-443801.610,-1172325.240,350.210
-443851.410,-1172377.040,372.720
-443770.880,-1172434.580,354.450
-443839.890,-1172336.980,351.540
-443840.460,-1172351.660,351.570
-443839.830,-1172333.830,354.320
-443839.940,-1172331.810,348.660
-443727.130,-1172323.380,351.390
-443852.080,-1172424.700,358.020
-443850.490,-1172385.270,374.320
-443851.570,-1172377.110,373.170
-443840.820,-1172359.110,365.530
-443840.130,-1172351.580,368.350
-443840.280,-1172340.620,357.090
-443840.160,-1172340.940,357.100
-443840.210,-1172332.900,359.780
-443750.040,-1172313.710,355.550
-443714.830,-1172317.300,360.010
-443851.670,-1172424.990,349.830
-443826.970,-1172433.160,350.070
-443839.600,-1172337.080,351.640
-443839.920,-1172337.330,351.510
-443840.340,-1172351.630,351.590
-443711.800,-1172397.560,353.190
-443839.530,-1172333.520,354.430
-443839.850,-1172331.870,348.650
-443746.660,-1172334.230,352.660
-443746.810,-1172334.100,352.250
-443851.970,-1172395.370,373.710
-443851.480,-1172380.540,370.920
-443851.510,-1172377.050,372.940
-443840.070,-1172340.800,357.030
-443839.700,-1172340.640,357.210
-443839.660,-1172337.570,360.060
-443839.520,-1172333.530,362.770
-443749.810,-1172314.340,355.570
-443761.600,-1172293.020,358.730
-443835.060,-1172409.160,352.430
-443834.960,-1172416.390,371.130
-443834.760,-1172408.830,360.070
