-443697.880,-1172346.400,353.000
-443810.410,-1172315.510,352.550
-443837.820,-1172371.000,374.670
-443730.710,-1172297.430,356.250
-443804.080,-1172433.190,347.330
-443825.870,-1172352.220,351.640
-443698.470,-1172298.380,355.210
-443721.950,-1172298.030,356.460
-443703.970,-1172295.090,356.180
-443707.260,-1172292.730,352.800
-443774.450,-1172318.020,358.950
-443743.070,-1172293.300,358.120
-443796.800,-1172331.670,350.830
-443721.960,-1172297.960,356.680
-443841.240,-1172432.630,354.960
-443830.480,-1172421.680,354.180
-443734.780,-1172437.410,354.170
-443734.690,-1172437.650,353.780
-443825.570,-1172352.300,351.510
-443737.430,-1172297.250,352.020
-443699.900,-1172299.670,350.650
-443840.800,-1172432.690,368.990
-443840.170,-1172414.450,375.090
-443832.730,-1172421.470,369.260
-443830.530,-1172421.710,371.010
-443830.620,-1172421.390,362.640
-443768.330,-1172436.660,360.870
-443752.980,-1172437.310,360.830
-443730.460,-1172296.090,357.340
-443830.450,-1172421.590,354.210
-443761.260,-1172436.140,347.600
-443699.830,-1172299.710,350.730
-443698.710,-1172298.490,355.190
-443830.640,-1172421.670,362.570
-443830.680,-1172421.390,362.760
-443748.420,-1172437.670,360.980
-443743.220,-1172293.400,358.160
-443735.550,-1172295.060,357.400
-443721.970,-1172298.000,356.420
