-443777.120,-1172422.550,354.040
-443825.410,-1172346.750,346.890
-443770.290,-1172429.990,361.730
-443849.670,-1172394.500,374.720
-443849.560,-1172392.890,374.340
-443849.370,-1172390.730,374.690
-443849.260,-1172388.950,374.720
-443849.140,-1172389.240,374.690
-443849.120,-1172387.530,374.650
-443849.230,-1172387.260,374.720
-443848.970,-1172375.630,374.650
-443848.970,-1172374.530,374.680
-443848.820,-1172374.130,374.580
-443848.790,-1172371.340,374.320
-443833.760,-1172390.890,365.170
-443838.800,-1172356.210,370.990
-443838.740,-1172352.390,370.990
-443838.620,-1172346.320,370.840
-443838.510,-1172342.510,370.790
-443838.470,-1172341.220,371.030
-443826.700,-1172365.370,368.140
-443826.810,-1172365.070,368.160
-443774.820,-1172291.860,359.100
-443774.720,-1172290.950,359.100
-443709.990,-1172292.550,356.090
-443825.440,-1172346.690,346.830
-443765.150,-1172315.460,355.170
-443838.240,-1172334.810,370.990
-443838.330,-1172337.490,370.980
-443826.030,-1172350.330,359.750
-443838.410,-1172341.210,371.000
-443826.750,-1172365.330,368.160
-443833.260,-1172371.420,356.780
-443770.430,-1172432.360,361.560
-443849.790,-1172400.510,374.710
-443849.140,-1172382.680,374.600
-443849.090,-1172378.590,374.620
-443852.350,-1172429.340,368.330
-443851.130,-1172411.360,359.760
-443849.820,-1172395.930,374.600
-443849.310,-1172384.130,374.230
-443849.300,-1172381.940,374.270
-443848.990,-1172374.620,374.680
-443839.050,-1172360.920,370.970
-443838.810,-1172352.160,370.710
-443775.070,-1172292.430,358.790
-443845.070,-1172416.870,350.430
-443845.130,-1172416.160,350.510
-443844.810,-1172415.050,349.980
-443850.820,-1172406.320,348.500
-443851.630,-1172418.070,360.120
-443851.740,-1172417.630,359.710
-443851.280,-1172408.210,357.830
-443851.000,-1172380.960,369.370
-443839.080,-1172362.630,370.840
-443838.630,-1172348.600,370.790
-443838.460,-1172341.210,370.790
-443838.280,-1172332.800,370.930
-443802.310,-1172438.090,347.520
-443802.210,-1172435.710,347.560
-443770.130,-1172418.260,352.980
-443776.980,-1172421.270,354.000
-443834.210,-1172392.260,353.930
-443833.670,-1172386.870,353.900
-443826.790,-1172357.500,349.620
-443826.460,-1172347.720,351.350
-443826.170,-1172354.570,354.080
-443826.480,-1172354.640,351.360
-443769.140,-1172402.040,349.690
-443828.320,-1172306.860,355.220
-443743.110,-1172336.830,353.000
-443765.000,-1172315.730,355.580
-443850.120,-1172409.650,374.260
-443849.810,-1172397.060,374.630
-443849.900,-1172396.050,374.750
-443849.730,-1172394.650,374.700
-443849.530,-1172392.540,374.700
-443835.620,-1172425.700,358.160
-443835.400,-1172425.020,358.100
-443835.150,-1172425.670,358.060
-443834.970,-1172423.720,358.000
-443849.120,-1172380.600,374.650
-443849.020,-1172376.760,374.660
-443848.890,-1172377.120,374.650
-443848.890,-1172375.470,374.590
-443835.090,-1172410.960,366.370
-443834.960,-1172411.310,366.480
-443834.650,-1172406.500,371.770
-443834.470,-1172405.970,356.710
-443835.180,-1172402.540,374.570
-443834.370,-1172404.570,363.600
-443835.100,-1172402.120,366.640
-443834.730,-1172401.470,363.680
-443834.540,-1172394.520,369.370
-443834.140,-1172388.120,369.270
-443839.020,-1172363.010,370.790
-443838.820,-1172356.130,370.950
-443838.900,-1172355.020,370.960
-443838.700,-1172346.150,370.910
-443838.430,-1172339.270,371.030
-443838.320,-1172339.550,370.920
-443826.730,-1172364.990,362.590
-443826.250,-1172347.870,369.960
-443826.260,-1172343.200,370.230
-443826.160,-1172343.470,369.990
-443826.150,-1172341.030,370.110
-443825.970,-1172332.110,369.970
-443765.200,-1172290.870,358.320
-443736.760,-1172295.480,358.340
-443835.110,-1172423.870,354.210
-443802.240,-1172437.530,350.500
-443802.390,-1172435.840,347.580
-443802.160,-1172435.730,346.970
-443802.270,-1172435.640,347.550
-443802.170,-1172435.540,347.500
-443769.700,-1172414.410,353.160
-443834.030,-1172391.800,353.930
-443834.030,-1172392.170,353.890
-443834.040,-1172390.090,353.990
-443826.230,-1172347.070,346.650
-443826.270,-1172353.520,347.610
-443826.610,-1172358.150,349.640
-443827.990,-1172382.810,350.590
-443742.680,-1172333.240,352.910
-443850.370,-1172417.430,374.490
-443835.680,-1172425.660,358.180
-443835.300,-1172425.580,358.050
-443835.440,-1172423.590,358.310
-443835.290,-1172412.110,366.690
-443835.250,-1172411.670,366.550
-443849.790,-1172397.860,374.460
-443834.980,-1172410.090,363.700
-443834.810,-1172410.230,365.370
-443834.620,-1172410.040,365.130
-443834.770,-1172408.830,357.960
-443843.700,-1172400.150,374.520
-443834.470,-1172405.620,356.750
-443834.540,-1172405.070,356.790
-443834.470,-1172404.660,356.770
-443834.820,-1172403.950,363.720
-443849.630,-1172390.070,374.750
-443834.440,-1172394.330,369.330
-443834.350,-1172394.010,369.290
-443833.970,-1172390.140,365.150
-443834.270,-1172388.100,369.250
-443848.960,-1172374.390,374.510
-443849.160,-1172374.220,374.780
-443848.910,-1172374.020,374.430
-443848.830,-1172372.400,374.360
-443827.050,-1172364.990,362.690
-443826.860,-1172365.130,368.200
-443826.440,-1172357.700,369.930
-443734.000,-1172431.890,360.790
-443826.280,-1172351.040,370.140
-443826.250,-1172349.940,370.170
-443826.060,-1172343.780,370.120
-443826.010,-1172343.350,369.950
-443825.830,-1172335.030,370.300
-443825.850,-1172335.990,370.050
-443765.530,-1172293.020,358.270
-443735.770,-1172295.520,357.680
