-443800.430,-1172422.730,353.150
-443802.340,-1172434.950,351.550
-443802.300,-1172435.620,351.570
-443802.530,-1172435.010,351.500
-443802.770,-1172434.420,351.560
-443802.530,-1172441.010,351.500
-443802.650,-1172440.680,351.500
-443804.070,-1172440.320,351.500
-443814.580,-1172433.840,350.470
-443821.340,-1172433.550,351.550
-443799.820,-1172422.270,353.340
-443798.940,-1172421.430,353.590
-443798.040,-1172420.620,353.920
-443797.690,-1172420.270,354.030
-443797.150,-1172418.780,354.260
-443797.040,-1172418.090,354.250
-443797.040,-1172417.370,354.250
-443796.890,-1172415.460,354.280
-443797.010,-1172415.150,354.240
-443797.300,-1172404.750,351.930
-443733.440,-1172413.410,348.960
-443733.560,-1172413.110,348.920
-443733.370,-1172414.630,349.020
-443769.590,-1172411.630,354.070
-443770.480,-1172415.660,353.800
-443771.430,-1172413.240,353.720
-443771.730,-1172417.040,353.730
-443770.590,-1172421.230,353.790
-443774.970,-1172414.270,353.540
-443770.820,-1172427.770,347.990
-443773.970,-1172421.870,353.560
-443774.800,-1172419.750,353.570
-443777.450,-1172420.690,354.080
-443777.580,-1172421.370,354.040
-443777.720,-1172424.630,354.050
-443790.720,-1172423.480,350.120
-443790.610,-1172411.620,352.950
-443790.730,-1172411.320,352.940
-443790.850,-1172411.010,352.930
-443790.360,-1172411.410,352.980
-443790.470,-1172411.120,352.950
-443784.910,-1172421.960,350.240
-443785.380,-1172420.760,349.980
-443784.710,-1172420.630,350.270
-443785.430,-1172418.790,349.900
-443795.020,-1172378.720,351.860
-443828.040,-1172397.640,348.350
-443830.170,-1172396.190,347.250
-443825.420,-1172353.950,347.230
-443815.900,-1172377.520,348.180
-443812.380,-1172379.990,348.170
-443812.610,-1172379.380,348.190
-443812.610,-1172378.400,348.210
-443812.320,-1172377.150,348.230
-443812.230,-1172376.370,348.280
-443808.820,-1172377.270,348.330
-443808.450,-1172377.150,348.400
-443807.440,-1172378.890,348.300
-443807.800,-1172377.970,348.280
-443807.000,-1172378.040,348.400
-443806.670,-1172377.940,348.480
-443804.460,-1172379.580,348.280
-443802.450,-1172382.390,348.220
-443796.350,-1172394.790,351.910
-443733.300,-1172397.760,350.520
-443732.830,-1172406.010,350.580
-443733.520,-1172405.080,350.520
-443738.380,-1172398.640,350.450
-443738.730,-1172397.740,350.500
-443736.920,-1172404.570,350.410
-443739.950,-1172398.820,350.440
-443741.690,-1172397.390,350.490
-443744.900,-1172397.100,350.510
-443747.150,-1172404.650,350.400
-443754.060,-1172397.000,349.770
-443754.460,-1172404.830,349.490
-443773.760,-1172404.280,350.250
-443708.020,-1172401.950,352.160
-443707.920,-1172401.300,352.130
-443706.530,-1172403.770,352.430
-443706.650,-1172403.470,352.500
-443707.140,-1172402.230,352.290
-443707.270,-1172401.920,352.260
-443707.490,-1172401.360,352.240
-443706.530,-1172402.550,352.430
-443707.020,-1172401.330,352.310
-443698.610,-1172346.440,352.580
-443838.870,-1172320.640,348.940
-443838.340,-1172321.000,349.090
-443838.740,-1172319.260,348.960
-443837.660,-1172318.380,349.060
-443836.410,-1172320.690,349.250
-443837.000,-1172319.190,349.110
-443837.120,-1172318.880,349.130
-443837.240,-1172318.580,349.110
-443836.600,-1172318.970,349.150
-443836.170,-1172319.280,349.240
-443836.290,-1172318.990,349.290
-443835.000,-1172321.300,349.370
-443834.840,-1172320.970,349.480
-443835.550,-1172319.160,349.340
-443835.430,-1172318.200,349.370
-443834.510,-1172317.820,349.410
-443808.010,-1172319.880,351.420
-443804.890,-1172318.490,351.140
-443729.910,-1172291.870,354.750
-443721.590,-1172329.330,352.630
-443721.380,-1172330.930,352.640
-443721.860,-1172329.720,352.550
-443722.230,-1172328.800,352.510
-443721.610,-1172331.070,352.620
-443721.990,-1172331.380,352.570
-443722.230,-1172330.800,352.510
-443722.600,-1172329.870,352.450
-443722.720,-1172329.570,352.440
-443722.850,-1172329.260,352.430
-443722.400,-1172331.360,352.460
-443722.510,-1172331.070,352.420
-443723.040,-1172331.030,352.450
-443723.270,-1172330.460,352.340
-443748.470,-1172323.840,354.610
-443744.150,-1172336.510,353.130
-443748.200,-1172326.340,351.080
-443749.400,-1172324.450,354.620
-443744.620,-1172337.660,353.080
-443746.830,-1172335.390,352.910
-443747.070,-1172336.370,352.900
-443747.290,-1172336.930,352.880
-443747.350,-1172337.940,352.900
-443748.440,-1172336.150,352.660
-443748.560,-1172335.860,352.740
-443749.880,-1172335.660,352.560
-443750.820,-1172337.460,352.220
-443754.540,-1172331.060,354.890
-443780.200,-1172308.140,353.740
-443772.890,-1172323.270,352.230
-443772.750,-1172322.710,352.140
-443764.810,-1172322.710,352.690
-443719.610,-1172342.190,352.970
-443719.730,-1172341.880,353.010
-443719.320,-1172342.160,353.070
-443719.440,-1172341.870,353.090
-443719.560,-1172341.570,353.050
-443719.920,-1172340.660,352.970
-443720.050,-1172340.360,352.940
-443718.740,-1172339.470,353.150
-443721.270,-1172333.180,352.730
-443721.390,-1172332.890,352.720
-443720.760,-1172333.190,352.720
-443721.570,-1172341.160,352.710
-443721.680,-1172340.880,352.660
-443721.230,-1172341.160,352.790
-443720.200,-1172342.380,352.930
-443720.440,-1172341.790,352.830
-443720.560,-1172341.490,352.810
-443720.800,-1172340.890,352.730
-443721.220,-1172330.240,352.650
-443719.600,-1172340.230,352.960
-443719.720,-1172339.910,353.060
-443719.420,-1172340.040,353.060
-443720.530,-1172333.040,352.830
-443721.260,-1172331.220,352.690
-443719.890,-1172333.540,352.890
-443720.020,-1172333.220,352.890
-443720.650,-1172330.800,352.760
-443720.900,-1172330.180,352.740
-443721.130,-1172329.620,352.670
-443717.830,-1172332.830,353.160
-443717.950,-1172332.530,353.150
-443718.180,-1172334.810,353.190
-443719.380,-1172331.840,352.950
-443719.500,-1172331.530,352.930
-443718.390,-1172332.480,353.090
-443717.690,-1172332.780,353.190
-443717.710,-1172329.810,353.090
-443717.830,-1172329.500,353.080
-443699.510,-1172343.210,353.170
-443700.840,-1172318.850,351.410
-443733.800,-1172423.640,361.790
-443734.040,-1172423.020,361.730
-443734.190,-1172424.180,361.690
-443734.310,-1172425.940,361.630
-443734.430,-1172425.640,361.620
-443734.350,-1172426.600,361.590
-443734.610,-1172429.570,361.490
-443734.550,-1172431.800,361.420
-443737.200,-1172428.800,361.500
-443734.380,-1172434.720,361.810
-443734.600,-1172434.170,361.330
-443734.730,-1172433.830,361.340
-443734.050,-1172434.610,361.800
-443740.580,-1172422.620,361.770
-443734.690,-1172435.180,361.300
-443737.780,-1172431.870,361.390
-443755.700,-1172430.070,361.460
-443756.390,-1172428.300,361.510
-443767.970,-1172426.550,361.550
-443769.240,-1172427.840,361.500
-443826.070,-1172339.070,371.110
-443826.510,-1172336.060,370.700
-443826.870,-1172339.790,370.670
-443826.780,-1172341.280,370.700
-443826.860,-1172343.560,370.690
-443826.990,-1172346.530,370.690
-443827.030,-1172348.860,370.690
-443827.050,-1172350.520,370.680
-443832.520,-1172338.660,370.540
-443830.920,-1172343.530,370.820
-443826.560,-1172353.830,371.120
-443852.100,-1172427.490,357.970
-443851.330,-1172430.380,373.820
-443851.070,-1172427.940,374.610
-443851.000,-1172429.210,374.640
-443851.760,-1172427.470,358.020
-443851.000,-1172426.540,373.790
-443851.120,-1172426.220,374.680
-443850.920,-1172423.530,374.730
-443849.390,-1172425.450,374.140
-443850.380,-1172421.120,374.160
-443850.680,-1172418.540,373.780
-443850.790,-1172418.260,373.780
-443850.980,-1172418.630,373.770
-443850.280,-1172418.350,374.210
-443849.910,-1172418.590,374.300
-443850.020,-1172418.310,374.190
-443850.130,-1172418.030,374.230
-443850.490,-1172417.110,374.710
-443851.370,-1172412.890,373.740
-443851.490,-1172412.590,373.740
-443849.670,-1172415.550,374.190
-443850.680,-1172412.010,374.670
-443850.920,-1172411.420,373.750
-443851.390,-1172410.230,373.770
-443842.750,-1172431.150,374.190
-443849.440,-1172412.790,374.130
-443849.670,-1172412.210,374.160
-443851.180,-1172408.370,373.760
-443849.510,-1172411.770,374.160
-443850.610,-1172407.250,374.700
-443850.720,-1172406.980,374.700
-443851.170,-1172405.820,373.770
-443846.520,-1172417.650,374.120
-443846.760,-1172417.050,374.110
-443849.310,-1172409.700,374.130
-443850.450,-1172406.790,373.790
-443849.380,-1172408.780,374.170
-443841.580,-1172428.620,374.180
-443850.370,-1172404.150,373.770
-443848.430,-1172407.810,374.300
-443849.150,-1172405.990,374.120
-443850.040,-1172402.710,374.690
-443850.140,-1172402.440,374.680
-443842.570,-1172421.710,374.180
-443843.520,-1172419.300,374.140
-443851.490,-1172398.020,373.740
-443845.150,-1172415.140,374.220
-443843.440,-1172418.480,374.220
-443844.160,-1172416.640,376.940
-443844.390,-1172416.050,376.950
-443845.080,-1172414.320,374.780
-443847.420,-1172408.380,374.110
-443847.530,-1172408.090,374.130
-443851.890,-1172395.860,373.940
-443849.070,-1172401.010,374.210
-443845.200,-1172411.800,374.100
-443839.740,-1172424.750,374.150
-443844.650,-1172412.250,374.130
-443840.230,-1172422.550,374.290
-443840.130,-1172421.670,374.250
-443836.590,-1172429.570,374.720
-443840.090,-1172420.620,377.390
-443840.330,-1172420.020,377.380
-443836.840,-1172427.970,374.760
-443840.000,-1172419.050,377.440
-443842.900,-1172411.720,374.110
-443844.530,-1172407.560,374.760
-443851.400,-1172390.920,373.610
-443840.580,-1172418.430,377.390
-443840.700,-1172418.130,377.430
-443840.820,-1172417.820,377.460
-443836.840,-1172427.130,374.220
-443839.290,-1172420.850,377.390
-443839.890,-1172419.340,377.390
-443836.470,-1172427.060,374.760
-443836.740,-1172425.520,374.230
-443848.820,-1172395.640,374.250
-443840.940,-1172414.050,374.110
-443840.440,-1172414.560,374.130
-443836.500,-1172425.340,374.730
-443839.540,-1172417.590,377.400
-443848.690,-1172393.570,374.240
-443839.170,-1172417.750,377.590
-443839.510,-1172416.900,377.450
-443836.790,-1172422.760,374.190
-443848.800,-1172392.200,374.230
-443839.500,-1172415.840,377.440
-443839.680,-1172414.300,374.170
-443842.260,-1172407.730,374.790
-443842.370,-1172407.440,374.060
-443843.910,-1172402.570,374.100
-443851.020,-1172383.740,373.970
-443846.930,-1172394.870,374.210
-443848.690,-1172390.410,374.230
-443851.370,-1172382.860,373.390
-443836.550,-1172419.500,377.570
-443839.450,-1172412.150,374.080
-443835.410,-1172420.660,377.470
-443848.430,-1172386.710,374.360
-443848.550,-1172386.420,374.350
-443848.660,-1172386.130,374.300
-443850.700,-1172381.050,365.360
-443851.120,-1172379.880,373.360
-443835.980,-1172418.350,377.550
-443836.100,-1172418.050,377.560
-443838.170,-1172412.820,374.090
-443842.880,-1172399.650,374.370
-443848.680,-1172384.890,374.260
-443850.450,-1172380.390,373.770
-443845.790,-1172391.170,374.200
-443848.230,-1172384.940,375.840
-443836.340,-1172415.220,374.730
-443836.340,-1172415.230,374.090
-443836.460,-1172414.920,374.140
-443836.920,-1172413.740,374.130
-443836.220,-1172414.520,374.710
-443849.530,-1172381.670,373.750
-443839.840,-1172406.320,374.060
-443849.500,-1172380.730,373.780
-443836.330,-1172413.320,374.170
-443837.040,-1172411.520,374.130
-443836.100,-1172412.740,374.740
-443836.220,-1172412.430,374.160
-443836.560,-1172411.580,374.190
-443839.470,-1172404.150,374.080
-443842.380,-1172396.740,374.240
-443836.080,-1172411.080,374.190
-443831.960,-1172420.920,377.490
-443836.140,-1172410.330,374.170
-443850.830,-1172372.960,373.460
-443836.270,-1172407.970,374.180
-443836.040,-1172408.540,374.190
-443841.980,-1172393.420,374.270
-443849.550,-1172373.060,374.910
-443841.480,-1172392.790,374.740
-443836.010,-1172404.750,374.170
-443836.240,-1172404.170,374.170
-443835.500,-1172403.200,374.730
-443844.360,-1172378.450,374.180
-443843.950,-1172378.690,374.210
-443841.650,-1172383.310,377.420
-443835.730,-1172398.410,374.780
-443841.940,-1172381.720,377.390
-443841.600,-1172381.650,377.460
-443835.550,-1172397.090,374.740
-443841.600,-1172380.990,377.450
-443841.730,-1172380.700,374.160
-443841.850,-1172380.410,374.210
-443840.200,-1172385.230,377.390
-443835.690,-1172396.090,374.310
-443839.870,-1172385.430,374.280
-443839.990,-1172385.130,374.290
-443840.210,-1172384.530,377.410
-443839.510,-1172385.090,377.510
-443840.080,-1172383.620,377.440
-443840.200,-1172383.330,377.450
-443843.710,-1172374.430,374.220
-443841.570,-1172378.870,377.500
-443835.640,-1172392.970,374.290
-443835.770,-1172391.890,374.310
-443841.480,-1172378.100,374.210
-443835.750,-1172390.720,374.320
-443835.010,-1172391.030,373.830
-443837.350,-1172381.610,377.570
-443833.920,-1172386.470,362.830
-443834.040,-1172386.150,362.810
-443840.660,-1172365.230,370.400
-443834.870,-1172380.670,374.740
-443835.330,-1172379.500,374.320
-443840.900,-1172362.280,370.380
-443833.390,-1172382.220,377.600
-443833.500,-1172381.950,377.600
-443832.620,-1172381.970,377.650
-443835.050,-1172377.130,374.300
-443834.830,-1172375.670,374.730
-443835.180,-1172374.780,374.310
-443835.140,-1172373.310,374.290
-443839.520,-1172363.760,371.130
-443840.710,-1172360.750,370.390
-443835.100,-1172372.540,374.330
-443839.660,-1172360.980,370.410
-443839.520,-1172360.060,370.420
-443839.630,-1172359.800,370.420
-443840.690,-1172357.100,370.330
-443840.400,-1172357.180,370.390
-443834.640,-1172371.800,374.750
-443834.760,-1172371.490,374.740
-443840.410,-1172355.780,370.380
-443839.270,-1172357.960,371.130
-443839.390,-1172357.680,371.140
-443840.550,-1172354.710,370.380
-443839.390,-1172352.650,371.100
-443840.480,-1172349.890,370.360
-443839.320,-1172354.020,370.410
-443839.430,-1172353.720,370.380
-443839.430,-1172351.920,370.430
-443840.380,-1172347.540,370.380
-443840.120,-1172347.070,370.390
-443839.230,-1172347.250,371.090
-443840.290,-1172344.560,370.390
-443839.310,-1172345.140,370.410
-443839.300,-1172343.200,370.410
-443840.130,-1172341.100,370.380
-443831.950,-1172361.930,370.590
-443839.080,-1172345.130,370.470
-443839.330,-1172344.510,370.420
-443840.030,-1172342.720,370.410
-443838.830,-1172342.290,371.120
-443839.180,-1172341.380,370.410
-443839.100,-1172342.840,370.430
-443838.870,-1172341.610,370.450
-443831.630,-1172360.030,370.580
-443838.790,-1172339.570,371.140
-443839.720,-1172337.210,370.420
-443838.780,-1172338.460,371.130
-443839.100,-1172337.000,370.440
-443840.040,-1172334.610,370.370
-443826.960,-1172366.670,371.130
-443827.550,-1172365.170,370.720
-443838.630,-1172338.190,370.450
-443838.880,-1172335.650,370.430
-443826.850,-1172366.290,371.130
-443827.310,-1172365.120,370.700
-443839.580,-1172334.530,370.400
-443838.870,-1172334.790,370.430
-443827.550,-1172363.630,370.710
-443826.790,-1172365.090,371.130
-443827.300,-1172360.620,370.730
-443826.690,-1172357.870,371.130
-443827.260,-1172356.420,370.720
-443826.720,-1172358.540,371.120
-443827.310,-1172357.030,370.700
-443826.620,-1172356.680,371.110
-443826.730,-1172356.390,371.120
-443827.210,-1172355.190,370.650
-443827.320,-1172354.900,370.680
-443827.440,-1172354.600,370.660
-443832.050,-1172341.830,373.180
-443832.080,-1172341.770,370.500
-443832.650,-1172340.320,370.510
-443832.770,-1172340.020,370.540
-443721.140,-1172292.500,357.860
-443721.360,-1172292.910,357.870
-443721.560,-1172294.950,357.880
-443724.610,-1172293.240,356.690
-443724.550,-1172294.000,356.610
-443725.450,-1172293.660,357.970
-443734.490,-1172292.360,359.690
-443724.350,-1172322.370,359.380
-443740.310,-1172291.580,359.670
-443743.590,-1172291.410,358.910
-443743.470,-1172293.620,358.750
-443743.590,-1172293.330,358.690
-443743.810,-1172292.760,358.680
-443745.080,-1172290.810,360.300
-443744.070,-1172294.150,358.420
-443743.760,-1172296.290,358.210
-443743.880,-1172295.990,358.260
-443744.480,-1172294.490,358.320
-443744.120,-1172296.130,358.100
-443747.560,-1172291.160,358.900
-443748.780,-1172291.160,359.280
-443749.670,-1172290.920,358.880
-443741.830,-1172324.960,357.290
-443741.950,-1172324.670,357.150
-443756.540,-1172295.170,359.280
-443748.190,-1172325.310,357.000
-443764.040,-1172293.550,357.200
-443765.650,-1172293.630,359.130
-443789.730,-1172314.840,361.500
-443790.190,-1172313.670,361.750
-443793.700,-1172313.100,361.100
-443810.650,-1172311.060,359.150
-443812.130,-1172309.270,358.730
-443812.890,-1172309.100,358.780
-443833.050,-1172306.520,357.530
-443832.340,-1172306.750,357.400
-443826.190,-1172330.790,371.110
-443826.550,-1172334.990,370.680
-443838.390,-1172307.830,356.180
-443839.800,-1172333.960,370.420
-443838.620,-1172331.090,370.410
-443838.570,-1172332.970,370.460
-443838.880,-1172333.050,370.430
-443837.640,-1172329.960,371.150
-443701.250,-1172298.420,358.180
-443701.730,-1172297.220,358.150
-443698.830,-1172319.170,361.140
-443696.780,-1172328.790,360.490
-443715.330,-1172295.770,358.050
-443710.470,-1172320.780,362.710
-443706.160,-1172334.030,360.800
-443710.420,-1172326.480,360.620
-443710.530,-1172326.210,360.610
-443710.300,-1172327.720,361.040
-443710.420,-1172327.430,361.070
-443710.680,-1172330.310,361.010
-443711.520,-1172329.320,360.940
-443711.640,-1172329.030,360.950
-443710.840,-1172333.300,361.010
-443711.190,-1172333.520,360.990
-443711.660,-1172332.350,360.970
-443712.370,-1172330.590,360.900
-443714.170,-1172327.190,360.810
-443712.200,-1172332.660,360.910
-443713.160,-1172330.280,360.870
-443713.870,-1172328.510,360.790
-443713.670,-1172330.990,360.840
-443713.800,-1172330.690,360.830
-443715.230,-1172327.120,360.710
-443715.350,-1172326.830,360.710
-443716.800,-1172323.230,360.930
-443711.460,-1172335.600,361.040
-443711.940,-1172334.410,360.960
-443712.480,-1172335.100,360.920
-443714.630,-1172329.750,360.750
-443715.370,-1172327.910,360.720
-443711.900,-1172337.240,361.100
-443712.510,-1172335.730,360.910
-443717.190,-1172326.060,360.610
-443714.900,-1172333.090,360.770
-443714.710,-1172333.060,360.790
-443714.830,-1172332.760,360.780
-443715.190,-1172331.850,360.780
-443715.120,-1172338.180,360.000
-443716.080,-1172335.790,360.710
-443716.200,-1172335.490,360.700
-443798.140,-1172415.370,354.010
-443797.070,-1172416.650,354.280
-443799.890,-1172416.630,353.290
-443799.290,-1172418.160,353.490
-443798.640,-1172418.120,353.700
-443800.700,-1172417.820,353.150
-443797.760,-1172420.310,354.050
-443798.490,-1172421.030,353.770
-443799.000,-1172421.420,353.640
-443800.570,-1172422.900,353.150
-443800.830,-1172423.110,353.050
-443802.400,-1172435.090,351.550
-443802.280,-1172435.740,351.550
-443802.280,-1172437.630,351.560
-443802.110,-1172438.630,351.580
-443802.330,-1172438.840,351.560
-443802.860,-1172440.620,351.510
-443802.620,-1172440.830,351.530
-443816.130,-1172433.790,350.490
-443797.120,-1172403.660,351.960
-443733.420,-1172414.130,348.970
-443733.280,-1172413.340,349.040
-443739.410,-1172409.610,350.470
-443733.420,-1172414.700,349.020
-443776.090,-1172411.620,353.590
-443769.820,-1172417.470,354.070
-443770.350,-1172417.460,353.820
-443770.760,-1172421.670,353.800
-443771.260,-1172422.200,353.790
-443789.570,-1172425.360,347.510
-443785.310,-1172422.660,350.100
-443785.450,-1172420.460,350.040
-443784.670,-1172420.670,350.280
-443785.460,-1172418.710,349.950
-443784.840,-1172418.820,350.260
-443775.380,-1172424.620,353.620
-443790.900,-1172411.010,352.960
-443790.650,-1172411.220,353.000
-443775.880,-1172419.190,353.530
-443794.710,-1172377.880,351.960
-443825.430,-1172354.070,347.240
-443802.240,-1172380.560,348.270
-443804.550,-1172379.140,348.300
-443806.710,-1172377.760,348.460
-443804.710,-1172379.450,348.290
-443804.470,-1172379.660,348.490
-443804.760,-1172379.750,348.240
-443807.140,-1172378.160,348.340
-443802.190,-1172382.370,348.300
-443807.700,-1172378.100,348.330
-443802.490,-1172382.520,348.230
-443807.370,-1172378.810,348.350
-443795.860,-1172390.580,351.940
-443812.280,-1172377.100,348.300
-443796.120,-1172391.300,351.930
-443815.660,-1172376.100,348.320
-443796.210,-1172393.150,351.950
-443812.620,-1172379.240,348.180
-443796.170,-1172393.620,351.950
-443812.370,-1172379.880,348.210
-443796.680,-1172399.210,352.010
-443796.970,-1172401.310,351.960
-443744.490,-1172389.790,349.280
-443733.360,-1172403.630,350.540
-443743.810,-1172400.140,350.470
-443751.990,-1172396.940,350.510
-443759.690,-1172396.600,349.820
-443698.760,-1172346.410,352.500
-443706.660,-1172403.440,352.500
-443706.420,-1172403.640,352.530
-443708.140,-1172401.180,352.140
-443706.710,-1172402.390,352.460
-443707.130,-1172400.860,352.350
-443706.900,-1172401.060,352.420
-443707.680,-1172400.990,352.240
-443707.430,-1172401.200,352.290
-443707.200,-1172401.400,352.350
-443706.450,-1172402.040,352.520
-443706.700,-1172400.810,352.510
-443838.960,-1172321.750,349.040
-443838.710,-1172321.000,349.020
-443838.440,-1172321.230,349.070
-443838.150,-1172319.180,349.050
-443836.410,-1172320.660,349.270
-443835.400,-1172321.520,349.420
-443837.310,-1172319.020,349.140
-443835.840,-1172320.260,349.320
-443834.840,-1172321.110,349.450
-443837.530,-1172318.360,349.120
-443837.270,-1172318.570,349.160
-443836.010,-1172319.640,349.300
-443834.550,-1172320.890,349.510
-443838.330,-1172317.270,349.070
-443838.090,-1172317.470,349.090
-443835.540,-1172318.210,349.360
-443834.780,-1172318.850,349.460
-443834.760,-1172318.440,349.440
-443801.700,-1172327.360,351.510
-443801.360,-1172325.460,351.400
-443807.990,-1172319.830,351.500
-443809.930,-1172317.670,351.970
-443819.520,-1172303.670,348.170
-443755.100,-1172334.260,354.930
-443750.930,-1172337.780,352.230
-443751.340,-1172335.990,352.300
-443749.330,-1172336.670,352.650
-443750.700,-1172335.870,352.360
-443747.400,-1172337.800,353.040
-443748.130,-1172337.180,352.810
-443748.560,-1172335.860,352.760
-443747.590,-1172336.690,352.790
-443754.470,-1172330.880,355.030
-443747.400,-1172336.000,352.860
-443747.160,-1172336.200,352.890
-443746.920,-1172336.400,352.940
-443745.710,-1172337.430,353.050
-443780.570,-1172307.990,353.760
-443780.330,-1172308.190,353.770
-443780.150,-1172307.900,353.820
-443744.310,-1172338.160,353.180
-443743.580,-1172336.740,353.230
-443746.350,-1172333.860,352.950
-443749.470,-1172324.020,354.670
-443759.870,-1172311.160,354.750
-443751.190,-1172314.710,351.810
-443723.030,-1172333.050,352.430
-443722.790,-1172333.250,352.430
-443722.920,-1172331.180,352.400
-443723.180,-1172330.300,352.310
-443721.980,-1172331.300,352.580
-443722.740,-1172329.800,352.440
-443722.500,-1172330.000,352.470
-443722.250,-1172330.220,352.500
-443721.990,-1172330.430,352.540
-443722.910,-1172329.320,352.460
-443721.700,-1172329.590,352.570
-443722.030,-1172328.830,352.540
-443726.940,-1172320.080,354.620
-443721.940,-1172340.890,352.640
-443721.690,-1172341.100,352.670
-443721.220,-1172340.940,352.780
-443720.750,-1172341.340,352.860
-443720.510,-1172341.530,352.900
-443720.160,-1172340.430,352.950
-443719.900,-1172340.650,352.980
-443719.170,-1172341.260,353.120
-443719.660,-1172340.270,353.020
-443719.410,-1172340.490,353.060
-443718.790,-1172339.790,353.160
-443720.270,-1172341.740,352.920
-443719.300,-1172342.550,353.060
-443720.910,-1172340.780,352.830
-443719.700,-1172341.800,352.990
-443719.440,-1172342.010,353.070
-443719.220,-1172342.200,353.120
-443719.730,-1172339.840,353.020
-443719.470,-1172340.050,353.020
-443719.640,-1172334.420,353.000
-443719.400,-1172334.620,353.020
-443720.500,-1172332.540,352.820
-443720.970,-1172330.200,352.710
-443720.720,-1172330.410,352.780
-443720.460,-1172330.630,352.800
-443719.510,-1172331.430,352.950
-443719.270,-1172331.630,352.980
-443717.780,-1172332.880,353.200
-443721.270,-1172331.040,352.710
-443721.010,-1172331.250,352.710
-443720.020,-1172332.090,352.890
-443718.790,-1172333.120,353.070
-443718.540,-1172333.330,353.120
-443718.610,-1172331.700,353.050
-443720.890,-1172330.510,352.750
-443720.630,-1172330.730,352.790
-443720.380,-1172330.940,352.820
-443719.630,-1172331.570,352.930
-443719.400,-1172331.760,352.960
-443719.150,-1172331.970,353.020
-443721.270,-1172329.460,352.650
-443720.810,-1172329.850,352.730
-443719.850,-1172330.660,352.880
-443719.610,-1172330.860,352.920
-443717.300,-1172329.930,353.180
-443699.350,-1172343.180,353.200
-443700.960,-1172319.050,351.320
-443700.850,-1172318.350,351.470
-443826.200,-1172337.670,371.130
-443826.670,-1172338.710,370.690
-443826.190,-1172339.120,371.130
-443831.200,-1172336.660,370.590
-443828.530,-1172338.930,373.240
-443826.800,-1172341.430,370.720
-443826.660,-1172342.470,370.720
-443826.340,-1172344.060,371.110
-443832.680,-1172338.280,370.570
-443734.090,-1172422.740,361.810
-443832.640,-1172338.710,370.560
-443734.010,-1172423.310,361.740
-443733.790,-1172423.500,361.830
-443734.210,-1172424.150,361.700
-443734.130,-1172423.730,361.710
-443734.240,-1172424.510,361.680
-443832.850,-1172340.390,370.530
-443733.860,-1172425.330,361.830
-443836.040,-1172338.080,370.970
-443832.380,-1172341.190,373.130
-443832.200,-1172341.350,370.520
-443734.360,-1172425.750,361.650
-443836.550,-1172338.580,370.630
-443830.980,-1172343.300,370.860
-443840.050,-1172336.020,370.440
-443733.840,-1172427.170,361.850
-443826.380,-1172348.050,371.140
-443734.430,-1172427.200,361.580
-443839.760,-1172337.250,370.430
-443734.460,-1172427.690,361.560
-443826.350,-1172349.680,371.160
-443734.480,-1172428.050,361.570
-443839.800,-1172339.160,370.460
-443827.150,-1172350.350,370.690
-443734.560,-1172430.760,361.470
-443827.130,-1172351.710,370.710
-443734.720,-1172431.980,361.420
-443838.980,-1172342.980,370.530
-443826.650,-1172353.950,371.120
-443826.410,-1172354.160,371.160
-443839.980,-1172342.630,370.420
-443827.090,-1172354.070,370.710
-443827.380,-1172354.770,370.700
-443827.130,-1172354.980,370.690
-443734.620,-1172434.100,361.370
-443839.170,-1172345.380,370.480
-443826.580,-1172356.070,371.150
-443736.600,-1172433.400,361.380
-443827.300,-1172356.440,370.720
-443839.390,-1172346.580,370.450
-443827.300,-1172357.330,370.720
-443840.230,-1172346.840,370.410
-443839.240,-1172348.150,370.460
-443831.770,-1172354.940,370.620
-443840.260,-1172347.740,370.390
-443826.780,-1172360.280,371.170
-443827.420,-1172360.190,370.740
-443826.890,-1172362.250,371.120
-443839.380,-1172352.010,370.470
-443827.510,-1172362.570,370.720
-443827.520,-1172363.020,370.730
-443833.490,-1172358.320,370.600
-443760.260,-1172426.460,361.560
-443840.230,-1172359.150,370.440
-443839.480,-1172359.780,370.490
-443839.570,-1172360.210,370.470
-443839.490,-1172361.080,370.520
-443840.580,-1172360.610,370.410
-443840.670,-1172361.920,370.420
-443839.810,-1172363.130,370.450
-443839.570,-1172363.340,370.440
-443839.660,-1172364.670,370.460
-443839.750,-1172365.030,370.450
-443840.740,-1172364.720,370.420
-443840.700,-1172365.110,370.400
-443770.500,-1172424.630,361.840
-443834.970,-1172372.570,374.330
-443835.190,-1172374.420,374.320
-443834.850,-1172378.150,374.730
-443835.200,-1172379.440,374.320
-443835.330,-1172380.660,374.330
-443849.920,-1172432.180,374.780
-443851.440,-1172430.330,373.850
-443852.060,-1172427.200,358.050
-443851.820,-1172427.400,358.060
-443851.840,-1172425.140,358.060
-443850.900,-1172423.430,374.670
-443850.970,-1172421.490,373.890
-443841.460,-1172428.400,374.250
-443841.060,-1172428.210,374.870
-443851.030,-1172418.660,373.780
-443840.030,-1172427.040,374.180
-443850.930,-1172418.290,373.790
-443850.070,-1172418.000,374.200
-443847.890,-1172419.840,373.880
-443849.970,-1172418.630,374.180
-443850.630,-1172416.970,374.610
-443849.780,-1172415.610,374.150
-443836.760,-1172427.150,374.220
-443848.410,-1172415.950,374.160
-443836.820,-1172425.750,374.210
-443843.670,-1172419.480,374.170
-443843.920,-1172418.340,374.140
-443843.690,-1172418.550,374.150
-443843.430,-1172418.760,374.170
-443849.520,-1172413.620,374.170
-443849.650,-1172413.050,374.160
-443845.510,-1172416.550,374.140
-443851.340,-1172410.620,373.790
-443849.540,-1172411.800,374.180
-443849.280,-1172412.020,374.200
-443840.250,-1172420.000,377.350
-443840.000,-1172420.210,377.490
-443846.690,-1172413.290,374.160
-443849.240,-1172409.680,374.200
-443839.470,-1172416.860,377.420
-443836.850,-1172419.070,377.500
-443849.350,-1172409.030,374.150
-443844.760,-1172412.370,373.840
-443849.100,-1172407.840,374.180
-443839.730,-1172415.760,377.420
-443848.910,-1172407.480,374.380
-443836.130,-1172418.290,377.490
-443832.280,-1172421.060,377.550
-443832.050,-1172421.250,377.570
-443831.810,-1172421.450,377.580
-443849.390,-1172406.580,374.100
-443847.470,-1172408.200,374.170
-443832.230,-1172420.650,377.550
-443847.330,-1172407.400,374.320
-443836.680,-1172416.420,374.180
-443836.430,-1172416.620,374.160
-443850.320,-1172404.320,374.680
-443849.060,-1172404.110,374.150
-443844.980,-1172407.570,374.720
-443839.400,-1172412.280,374.110
-443835.150,-1172415.290,373.870
-443850.170,-1172402.580,374.730
-443838.330,-1172412.600,374.130
-443836.140,-1172414.450,374.670
-443835.900,-1172414.650,374.770
-443829.720,-1172418.820,377.570
-443851.410,-1172400.480,374.000
-443848.940,-1172403.060,373.970
-443851.520,-1172399.980,374.130
-443836.230,-1172412.410,374.180
-443849.050,-1172400.330,374.150
-443836.340,-1172410.080,374.190
-443851.370,-1172396.960,373.920
-443839.890,-1172406.310,374.080
-443851.510,-1172396.470,373.950
-443839.420,-1172404.320,374.100
-443848.840,-1172396.340,374.250
-443848.610,-1172396.550,374.350
-443844.250,-1172400.230,375.210
-443848.620,-1172394.580,374.270
-443836.320,-1172404.090,374.170
-443851.400,-1172390.910,373.600
-443842.810,-1172396.960,374.270
-443835.940,-1172402.240,374.160
-443851.420,-1172388.780,374.290
-443848.740,-1172390.120,374.260
-443849.950,-1172387.700,374.950
-443848.520,-1172388.910,374.250
-443848.520,-1172388.020,374.260
-443848.600,-1172387.620,374.270
-443835.840,-1172396.920,374.330
-443851.070,-1172384.030,373.890
-443848.870,-1172385.890,374.290
-443848.650,-1172386.080,374.330
-443849.810,-1172384.680,375.070
-443848.850,-1172385.490,374.260
-443848.810,-1172384.430,375.840
-443848.570,-1172384.630,375.810
-443848.310,-1172384.850,375.810
-443850.350,-1172381.660,373.800
-443835.780,-1172391.680,374.320
-443849.350,-1172380.180,374.710
-443835.540,-1172390.060,374.340
-443839.610,-1172385.320,377.460
-443850.950,-1172375.710,373.520
-443841.680,-1172383.120,377.460
-443841.680,-1172382.260,377.510
-443840.000,-1172383.680,377.490
-443836.640,-1172386.520,374.330
-443841.760,-1172381.600,377.430
-443841.660,-1172380.820,377.490
-443841.460,-1172378.670,377.570
-443841.430,-1172378.190,374.230
-443837.570,-1172381.470,377.550
-443837.500,-1172381.090,377.570
-443840.990,-1172377.740,374.670
-443843.690,-1172374.510,374.230
-443721.280,-1172292.390,357.920
-443722.430,-1172292.490,357.470
-443724.460,-1172293.980,356.720
-443738.830,-1172292.580,360.320
-443743.800,-1172291.500,358.960
-443743.800,-1172292.420,358.730
-443743.550,-1172292.630,358.810
-443743.480,-1172293.640,358.750
-443747.510,-1172291.160,358.920
-443744.070,-1172294.030,358.480
-443744.060,-1172294.490,358.390
-443743.810,-1172294.690,358.430
-443744.140,-1172295.280,358.250
-443748.710,-1172291.080,359.360
-443743.960,-1172296.040,358.260
-443743.720,-1172296.240,358.250
-443743.820,-1172296.620,358.190
-443756.470,-1172291.900,359.190
-443724.250,-1172322.330,359.370
-443756.880,-1172295.000,359.250
-443756.640,-1172295.200,359.310
-443764.530,-1172290.360,357.350
-443765.920,-1172291.000,358.630
-443765.670,-1172291.200,358.630
-443765.790,-1172292.140,358.710
-443741.790,-1172324.490,357.330
-443741.970,-1172324.960,357.240
-443741.730,-1172325.160,357.220
-443742.110,-1172325.240,357.190
-443769.210,-1172315.610,361.740
-443789.810,-1172312.950,361.750
-443826.630,-1172334.060,370.720
-443826.530,-1172333.640,370.720
-443837.540,-1172329.990,371.160
-443838.920,-1172330.620,370.450
-443839.810,-1172334.010,370.440
-443838.780,-1172333.110,370.460
-443839.790,-1172331.320,370.410
-443839.910,-1172330.790,370.470
-443701.070,-1172295.350,358.640
-443710.540,-1172294.200,357.370
-443713.370,-1172295.260,358.210
-443699.690,-1172318.450,360.810
-443710.360,-1172326.150,360.640
-443710.320,-1172325.790,360.700
-443710.590,-1172326.490,360.590
-443710.230,-1172327.720,361.040
-443711.100,-1172328.750,361.040
-443715.760,-1172326.590,360.450
-443715.260,-1172327.010,360.770
-443714.070,-1172328.010,360.870
-443716.000,-1172326.820,360.530
-443714.500,-1172328.830,360.750
-443712.270,-1172330.700,360.910
-443711.330,-1172332.840,360.790
-443715.120,-1172329.220,360.800
-443712.180,-1172331.670,361.560
-443713.280,-1172331.520,360.870
-443715.490,-1172331.190,360.780
-443715.050,-1172332.400,360.820
-443711.610,-1172335.270,361.020
-443715.620,-1172333.170,360.770
-443715.390,-1172333.360,360.810
-443714.420,-1172334.180,360.810
-443711.490,-1172335.740,361.050
-443713.980,-1172335.180,360.860
-443716.400,-1172335.610,360.710
-443797.840,-1172410.290,351.970
-443797.610,-1172419.870,354.150
-443797.140,-1172419.470,354.220
-443799.170,-1172421.740,353.610
-443800.630,-1172423.040,353.170
-443802.710,-1172434.180,351.490
-443802.450,-1172434.890,351.510
-443802.430,-1172439.720,351.600
-443804.070,-1172440.210,351.580
-443814.600,-1172433.760,350.540
-443814.870,-1172440.020,351.570
-443816.000,-1172438.710,352.040
-443821.360,-1172433.500,351.540
-443823.430,-1172433.370,351.540
-443825.110,-1172433.260,351.530
-443735.730,-1172413.690,348.830
-443735.590,-1172414.030,348.820
-443754.830,-1172407.160,350.490
-443754.740,-1172408.960,350.480
-443771.360,-1172413.230,353.770
-443770.380,-1172415.660,353.870
-443770.910,-1172423.360,353.790
-443774.490,-1172418.400,353.600
-443776.310,-1172419.680,353.460
-443777.670,-1172420.430,353.990
-443777.540,-1172420.760,354.050
-443784.970,-1172422.210,350.300
-443790.840,-1172411.300,352.960
-443795.110,-1172381.490,351.920
-443795.280,-1172382.420,351.910
-443795.740,-1172389.030,351.920
-443796.310,-1172395.000,351.900
-443802.270,-1172382.260,348.330
-443807.630,-1172378.090,348.310
-443807.340,-1172378.820,348.270
-443812.620,-1172379.630,348.170
-443812.470,-1172380.010,348.130
-443819.720,-1172380.770,348.000
-443733.450,-1172405.240,350.480
-443754.240,-1172396.980,349.910
-443754.520,-1172397.510,350.430
-443773.900,-1172399.430,350.350
-443773.980,-1172404.160,350.220
-443708.640,-1172396.700,352.430
-443838.860,-1172320.550,349.000
-443838.730,-1172320.880,349.000
-443838.680,-1172319.700,349.000
-443837.530,-1172318.580,349.090
-443834.840,-1172321.260,349.460
-443819.840,-1172303.680,348.020
-443811.000,-1172318.340,351.220
-443801.610,-1172324.520,351.380
-443722.000,-1172329.470,352.540
-443727.270,-1172318.530,354.590
-443722.880,-1172329.150,352.450
-443722.750,-1172329.460,352.490
-443722.710,-1172330.680,352.410
-443722.570,-1172331.030,352.430
-443722.740,-1172332.210,352.420
-443722.330,-1172333.210,352.560
-443723.120,-1172333.100,352.410
-443722.970,-1172333.450,352.420
-443744.600,-1172337.730,353.150
-443747.310,-1172337.790,352.880
-443747.160,-1172338.150,352.930
-443721.190,-1172333.260,352.740
-443721.060,-1172333.570,352.790
-443721.750,-1172333.010,352.620
-443721.610,-1172333.360,352.630
-443719.470,-1172342.650,353.040
-443721.470,-1172329.530,352.650
-443721.200,-1172330.180,352.700
-443719.950,-1172333.220,352.930
-443719.370,-1172334.630,353.030
-443719.230,-1172334.980,353.080
-443721.300,-1172331.190,352.620
-443720.580,-1172332.910,352.810
-443720.120,-1172334.680,352.930
-443718.320,-1172334.640,353.160
-443721.240,-1172329.440,352.660
-443720.830,-1172330.440,352.730
-443719.030,-1172334.830,353.060
-443718.560,-1172332.350,353.050
-443852.020,-1172431.000,360.910
-443851.850,-1172431.610,373.880
-443852.400,-1172431.260,360.780
-443852.420,-1172429.210,373.730
-443852.280,-1172429.570,373.740
-443852.130,-1172427.240,358.010
-443852.000,-1172427.610,358.040
-443850.860,-1172423.830,374.750
-443850.760,-1172425.530,374.100
-443850.640,-1172425.880,374.100
-443852.100,-1172419.410,373.610
-443851.990,-1172419.730,373.720
-443851.020,-1172420.780,373.860
-443850.610,-1172419.090,374.760
-443851.780,-1172414.730,373.710
-443851.010,-1172416.860,374.590
-443849.530,-1172418.000,374.320
-443850.790,-1172415.740,373.870
-443849.960,-1172418.040,374.290
-443849.830,-1172418.400,374.340
-443851.470,-1172412.650,373.690
-443849.630,-1172415.670,374.250
-443851.600,-1172410.230,373.680
-443851.470,-1172410.590,373.710
-443851.090,-1172411.650,374.550
-443850.960,-1172412.000,374.600
-443849.560,-1172411.930,374.250
-443848.170,-1172415.750,374.260
-443851.400,-1172408.260,373.700
-443845.710,-1172421.410,374.780
-443849.120,-1172410.430,374.410
-443851.440,-1172405.630,373.710
-443849.460,-1172408.240,374.210
-443841.280,-1172428.340,374.920
-443849.280,-1172406.380,374.260
-443843.670,-1172418.650,374.170
-443850.290,-1172401.990,374.730
-443850.150,-1172402.360,374.720
-443850.030,-1172402.710,374.720
-443843.110,-1172418.680,377.490
-443848.940,-1172404.200,374.210
-443843.210,-1172417.060,377.410
-443840.670,-1172422.360,374.240
-443840.260,-1172420.660,377.510
-443840.840,-1172417.840,377.470
-443840.730,-1172418.170,377.500
-443836.530,-1172429.580,374.770
-443848.740,-1172397.450,374.340
-443836.840,-1172426.980,374.240
-443849.920,-1172393.030,374.690
-443848.720,-1172396.310,374.330
-443848.560,-1172396.730,374.170
-443848.710,-1172394.590,374.370
-443839.700,-1172417.660,377.420
-443839.580,-1172417.970,377.490
-443839.490,-1172416.580,377.560
-443838.960,-1172418.020,377.480
-443848.690,-1172390.180,374.270
-443847.020,-1172394.750,374.160
-443842.250,-1172407.750,374.770
-443848.840,-1172386.630,374.290
-443848.690,-1172385.820,374.330
-443848.560,-1172386.180,374.390
-443836.540,-1172416.580,374.190
-443838.720,-1172409.370,374.100
-443836.220,-1172416.150,374.660
-443849.610,-1172381.080,373.830
-443836.240,-1172414.610,374.730
-443849.460,-1172380.200,374.670
-443831.750,-1172420.100,377.610
-443849.410,-1172373.490,375.050
-443835.890,-1172407.300,374.720
-443835.850,-1172403.340,374.720
-443841.740,-1172380.430,374.270
-443841.840,-1172380.220,377.510
-443841.200,-1172381.920,377.590
-443840.170,-1172384.690,377.460
-443835.930,-1172396.030,374.330
-443841.520,-1172379.720,377.530
-443839.460,-1172385.250,377.540
-443839.050,-1172381.980,377.610
-443835.250,-1172392.140,374.800
-443835.010,-1172391.100,373.780
-443837.560,-1172381.450,377.610
-443834.880,-1172383.490,377.610
-443835.300,-1172379.030,374.370
-443835.250,-1172376.580,374.360
-443839.600,-1172364.970,370.540
-443840.670,-1172358.030,370.340
-443839.540,-1172361.030,370.490
-443829.240,-1172385.660,377.720
-443840.630,-1172356.720,370.410
-443840.500,-1172355.780,370.360
-443834.800,-1172370.920,374.730
-443840.530,-1172352.850,370.290
-443839.480,-1172355.620,371.090
-443833.640,-1172371.080,373.810
-443839.510,-1172354.390,371.070
-443840.260,-1172349.870,370.390
-443839.490,-1172351.910,370.490
-443839.250,-1172351.000,371.090
-443840.260,-1172346.870,370.400
-443839.290,-1172347.920,371.060
-443839.190,-1172348.170,370.380
-443840.120,-1172342.500,370.360
-443839.360,-1172344.490,370.420
-443839.130,-1172345.090,370.580
-443833.430,-1172357.460,370.620
-443839.860,-1172341.900,370.450
-443839.970,-1172338.650,362.720
-443839.980,-1172338.650,365.550
-443838.920,-1172339.760,371.110
-443838.780,-1172338.440,371.140
-443827.510,-1172364.530,370.760
-443826.880,-1172364.700,371.150
-443826.740,-1172365.070,371.120
-443838.950,-1172334.670,371.070
-443838.870,-1172334.880,370.480
-443836.510,-1172338.450,370.770
-443826.890,-1172360.980,371.140
-443826.730,-1172358.480,371.150
-443826.710,-1172355.720,371.150
-443826.580,-1172356.070,371.160
-443832.860,-1172338.420,370.570
-443832.730,-1172338.750,370.600
-443830.910,-1172343.460,370.800
-443827.010,-1172348.570,370.710
-443826.890,-1172344.730,370.750
-443826.110,-1172336.580,371.150
-443770.920,-1172430.710,361.780
-443770.790,-1172433.580,361.230
-443769.110,-1172427.930,361.460
-443734.290,-1172425.500,361.700
-443734.480,-1172427.220,361.610
-443733.790,-1172423.650,361.800
-443733.900,-1172425.690,361.810
-443838.800,-1172331.400,371.050
-443839.850,-1172330.870,370.370
-443839.730,-1172331.200,370.370
-443835.190,-1172330.280,371.110
-443826.660,-1172333.640,370.700
-443826.250,-1172330.820,371.100
-443825.990,-1172331.470,371.120
-443797.040,-1172312.770,361.110
-443790.110,-1172315.390,361.560
-443765.680,-1172292.540,359.130
-443744.180,-1172296.340,358.190
-443744.270,-1172295.340,358.220
-443744.080,-1172294.500,358.440
-443743.940,-1172294.840,358.470
-443744.040,-1172293.890,358.530
-443743.770,-1172291.780,358.960
-443739.370,-1172297.550,360.000
-443739.310,-1172296.050,359.720
-443740.290,-1172291.580,359.740
-443722.070,-1172296.650,357.850
-443721.570,-1172295.130,357.960
-443722.440,-1172292.690,357.450
-443721.470,-1172293.450,357.740
-443715.900,-1172332.720,360.690
-443712.970,-1172334.330,360.850
-443712.590,-1172335.730,360.970
-443715.830,-1172326.410,360.540
-443712.990,-1172331.530,360.930
-443715.380,-1172326.950,360.700
-443712.020,-1172331.510,361.490
-443711.210,-1172333.490,360.960
-443713.010,-1172327.730,360.850
-443710.370,-1172327.440,361.000
-443706.510,-1172325.260,360.810
-443706.360,-1172325.640,360.800
-443713.380,-1172295.260,358.200
-443697.040,-1172328.740,360.580
-443696.880,-1172329.120,360.470
-443706.110,-1172293.080,356.900
-443825.090,-1172433.410,351.570
-443802.640,-1172441.010,351.500
-443802.500,-1172440.810,351.540
-443802.790,-1172440.550,351.500
-443802.390,-1172436.520,351.500
-443802.400,-1172434.850,351.480
-443801.170,-1172423.510,352.920
-443801.670,-1172423.070,352.730
-443800.860,-1172423.290,353.010
-443799.490,-1172421.850,353.460
-443800.960,-1172419.770,352.930
-443798.540,-1172421.000,353.770
-443798.150,-1172420.800,353.920
-443800.390,-1172417.880,353.110
-443797.060,-1172417.990,354.300
-443800.940,-1172413.800,352.840
-443807.600,-1172406.690,348.000
-443796.870,-1172415.580,354.230
-443797.400,-1172406.600,351.940
-443797.620,-1172408.880,351.910
-443784.990,-1172423.790,350.250
-443735.430,-1172414.110,348.870
-443771.150,-1172411.880,353.730
-443770.580,-1172415.480,353.760
-443770.510,-1172416.110,353.790
-443771.520,-1172417.120,353.720
-443777.410,-1172420.640,353.940
-443790.750,-1172411.140,352.940
-443791.030,-1172411.290,352.940
-443777.540,-1172424.450,354.000
-443850.750,-1172378.750,355.370
-443794.800,-1172378.840,351.920
-443802.280,-1172380.130,348.370
-443802.280,-1172380.510,348.270
-443802.190,-1172380.990,348.290
-443806.830,-1172377.810,348.480
-443806.690,-1172378.300,348.470
-443806.960,-1172378.060,348.440
-443807.760,-1172377.340,348.340
-443802.190,-1172382.370,348.320
-443802.520,-1172382.500,348.190
-443807.600,-1172377.920,348.410
-443807.820,-1172377.720,348.240
-443808.460,-1172377.150,348.470
-443808.710,-1172376.920,348.370
-443807.300,-1172378.710,348.330
-443795.840,-1172390.590,351.930
-443812.340,-1172377.320,348.120
-443839.950,-1172352.940,348.750
-443812.440,-1172379.720,348.120
-443812.700,-1172379.480,348.030
-443812.380,-1172380.310,348.160
-443796.890,-1172401.120,351.950
-443797.010,-1172402.070,351.940
-443797.120,-1172402.390,351.930
-443733.400,-1172403.530,350.490
-443747.250,-1172397.310,350.450
-443749.190,-1172397.190,350.400
-443754.220,-1172397.070,349.960
-443754.390,-1172397.900,350.270
-443773.800,-1172404.150,350.210
-443708.480,-1172396.540,352.300
-443708.220,-1172396.780,349.070
-443708.480,-1172396.540,348.970
-443838.430,-1172321.240,349.020
-443838.690,-1172321.000,348.980
-443838.960,-1172320.750,348.950
-443834.730,-1172322.660,349.470
-443834.580,-1172322.170,349.540
-443838.230,-1172318.870,349.020
-443838.740,-1172318.400,348.930
-443834.660,-1172321.070,349.480
-443837.240,-1172318.720,349.140
-443838.130,-1172317.380,349.050
-443836.310,-1172319.030,349.250
-443835.930,-1172318.150,349.280
-443836.190,-1172317.920,349.270
-443834.710,-1172318.830,349.430
-443835.520,-1172318.100,349.340
-443801.560,-1172327.340,351.390
-443808.270,-1172319.940,351.360
-443819.590,-1172303.690,348.030
-443809.420,-1172304.990,352.450
-443750.080,-1172337.750,352.600
-443750.790,-1172337.100,352.190
-443751.620,-1172336.010,352.230
-443746.920,-1172338.310,352.920
-443747.190,-1172338.060,352.870
-443747.460,-1172337.820,352.840
-443748.790,-1172336.600,352.690
-443749.850,-1172335.640,352.610
-443749.290,-1172335.560,352.630
-443747.550,-1172336.810,352.770
-443748.620,-1172335.840,352.720
-443746.810,-1172336.520,352.900
-443747.090,-1172336.260,352.860
-443747.340,-1172336.030,352.830
-443746.400,-1172334.700,352.910
-443744.320,-1172336.370,353.130
-443744.590,-1172336.120,353.080
-443745.390,-1172335.390,353.000
-443746.530,-1172333.540,352.850
-443727.440,-1172318.510,354.450
-443726.400,-1172320.950,354.710
-443721.700,-1172329.330,352.580
-443722.200,-1172328.870,352.470
-443721.760,-1172329.610,352.550
-443721.470,-1172330.280,352.610
-443722.340,-1172330.010,352.470
-443722.640,-1172329.740,352.470
-443722.870,-1172329.520,352.400
-443722.410,-1172330.920,352.470
-443723.450,-1172329.970,352.230
-443722.040,-1172331.610,352.520
-443723.060,-1172331.070,352.350
-443721.730,-1172332.760,352.610
-443722.780,-1172331.790,352.420
-443721.720,-1172333.130,352.600
-443722.770,-1172332.170,352.380
-443722.300,-1172333.620,352.540
-443722.570,-1172333.370,352.510
-443722.820,-1172333.140,352.440
-443723.070,-1172333.500,352.390
-443723.360,-1172333.240,352.360
-443719.440,-1172342.160,353.050
-443719.540,-1172342.540,353.030
-443718.570,-1172335.650,353.130
-443719.650,-1172334.660,352.950
-443721.480,-1172332.990,352.670
-443721.470,-1172333.360,352.650
-443720.180,-1172333.310,352.860
-443720.450,-1172333.070,352.820
-443720.740,-1172333.200,352.770
-443720.640,-1172332.130,352.760
-443720.910,-1172331.880,352.720
-443718.160,-1172334.820,353.200
-443719.150,-1172332.010,352.950
-443719.450,-1172331.740,352.930
-443719.690,-1172331.510,352.880
-443720.220,-1172331.030,352.830
-443720.480,-1172330.790,352.770
-443720.740,-1172330.550,352.760
-443720.990,-1172330.320,352.730
-443718.380,-1172333.650,353.120
-443718.650,-1172333.400,353.080
-443719.950,-1172332.210,352.890
-443721.010,-1172331.230,352.740
-443721.260,-1172331.000,352.670
-443717.980,-1172332.340,353.160
-443719.580,-1172330.870,352.910
-443719.840,-1172330.630,352.850
-443718.000,-1172332.720,353.150
-443720.680,-1172330.270,352.780
-443717.680,-1172329.800,353.140
-443698.990,-1172342.450,353.180
-443699.440,-1172343.240,352.930
-443852.160,-1172431.310,373.680
-443852.140,-1172429.580,373.740
-443851.690,-1172427.560,358.070
-443851.960,-1172427.330,358.020
-443849.090,-1172430.440,374.140
-443850.970,-1172424.390,374.650
-443850.850,-1172423.800,374.700
-443849.500,-1172425.230,374.100
-443851.100,-1172421.780,373.800
-443850.660,-1172421.640,374.720
-443840.410,-1172430.260,374.160
-443841.580,-1172428.460,374.180
-443841.160,-1172428.290,374.830
-443850.790,-1172418.820,374.610
-443850.840,-1172418.770,373.890
-443850.750,-1172418.510,374.660
-443851.030,-1172418.270,373.770
-443850.180,-1172418.080,374.190
-443850.140,-1172418.530,374.210
-443850.590,-1172418.130,374.720
-443845.250,-1172422.000,374.800
-443840.280,-1172426.050,374.100
-443841.380,-1172425.080,374.110
-443849.600,-1172417.840,374.320
-443850.540,-1172417.010,374.700
-443850.790,-1172416.790,374.580
-443836.510,-1172429.700,374.770
-443843.200,-1172422.410,374.100
-443842.620,-1172421.670,374.170
-443845.110,-1172419.470,374.090
-443836.860,-1172427.230,374.220
-443842.020,-1172421.870,375.200
-443848.360,-1172416.280,374.100
-443843.650,-1172419.870,374.090
-443844.500,-1172419.120,374.060
-443849.830,-1172414.410,374.110
-443836.520,-1172425.270,374.720
-443845.000,-1172417.790,374.080
-443849.510,-1172413.820,374.150
-443850.660,-1172411.950,374.500
-443843.210,-1172418.840,377.420
-443843.560,-1172418.540,374.180
-443843.790,-1172418.330,374.100
-443850.910,-1172412.050,374.540
-443851.540,-1172410.510,373.660
-443842.990,-1172418.710,377.480
-443845.520,-1172416.480,374.100
-443849.580,-1172411.810,374.120
-443851.380,-1172410.220,373.710
-443836.730,-1172423.150,374.180
-443849.450,-1172410.330,374.100
-443840.070,-1172419.250,377.400
-443849.560,-1172409.740,374.130
-443850.560,-1172408.860,374.610
-443851.360,-1172408.150,373.580
-443840.510,-1172418.220,377.510
-443840.770,-1172417.990,377.430
-443849.160,-1172409.500,374.200
-443839.330,-1172417.850,377.550
-443840.940,-1172416.430,377.420
-443841.220,-1172416.180,377.390
-443842.540,-1172415.010,376.280
-443849.340,-1172409.000,374.130
-443850.380,-1172407.530,374.670
-443839.480,-1172416.780,377.410
-443844.530,-1172412.320,374.090
-443844.800,-1172412.070,374.080
-443851.390,-1172405.570,373.730
-443847.300,-1172408.350,374.260
-443847.530,-1172408.140,374.120
-443850.460,-1172405.550,374.570
-443839.310,-1172415.780,377.550
-443850.350,-1172404.210,374.500
-443836.340,-1172416.600,374.250
-443831.740,-1172420.220,377.560
-443831.980,-1172419.690,377.720
-443850.230,-1172403.540,374.680
-443844.850,-1172407.840,374.700
-443849.110,-1172404.070,374.100
-443844.840,-1172407.430,374.720
-443850.110,-1172402.770,374.710
-443836.320,-1172414.970,374.220
-443835.910,-1172414.600,374.790
-443836.180,-1172414.360,374.730
-443851.610,-1172400.200,374.050
-443836.280,-1172413.300,374.200
-443842.190,-1172407.690,374.750
-443842.290,-1172407.600,374.150
-443836.010,-1172413.160,374.700
-443848.800,-1172400.480,374.280
-443848.940,-1172400.000,374.130
-443841.580,-1172406.190,374.070
-443848.820,-1172397.730,374.210
-443836.280,-1172409.270,374.140
-443836.160,-1172408.170,374.180
-443844.310,-1172400.170,375.160
-443836.070,-1172407.020,374.180
-443836.130,-1172406.570,374.130
-443848.630,-1172394.610,374.230
-443835.790,-1172405.550,374.740
-443848.780,-1172393.330,374.200
-443851.260,-1172391.120,373.480
-443848.620,-1172392.140,374.200
-443838.150,-1172401.100,374.140
-443848.590,-1172390.380,374.250
-443850.110,-1172388.640,374.670
-443835.920,-1172400.410,374.180
-443835.520,-1172400.420,374.720
-443848.570,-1172388.800,374.220
-443848.350,-1172388.120,374.260
-443848.480,-1172386.930,374.220
-443848.790,-1172386.660,374.290
-443848.580,-1172386.520,374.320
-443848.840,-1172386.290,374.250
-443835.830,-1172398.200,374.300
-443848.660,-1172386.020,374.320
-443851.020,-1172383.920,373.960
-443841.330,-1172392.990,374.810
-443848.510,-1172385.560,374.350
-443848.760,-1172385.340,374.300
-443848.840,-1172384.830,374.260
-443835.860,-1172396.840,374.290
-443835.770,-1172395.530,374.290
-443850.450,-1172381.970,373.700
-443835.370,-1172394.900,374.690
-443851.070,-1172379.880,373.350
-443851.460,-1172378.630,369.170
-443836.200,-1172392.690,374.270
-443835.320,-1172392.230,374.760
-443835.700,-1172391.880,374.290
-443851.170,-1172377.750,373.470
-443840.040,-1172385.160,374.310
-443839.450,-1172385.360,377.540
-443835.560,-1172388.420,374.330
-443841.160,-1172381.870,377.500
-443839.960,-1172383.400,377.480
-443841.850,-1172381.710,377.380
-443841.590,-1172380.450,377.490
-443841.700,-1172380.350,374.410
-443841.790,-1172379.750,377.360
-443841.630,-1172379.490,377.500
-443841.770,-1172378.950,374.190
-443838.420,-1172381.950,377.590
-443837.280,-1172381.630,377.580
-443837.540,-1172381.400,377.530
-443834.730,-1172378.410,374.750
-443834.870,-1172377.810,374.740
-443835.050,-1172377.160,374.310
-443835.100,-1172376.690,374.300
-443834.830,-1172376.510,374.740
-443834.690,-1172376.100,374.770
-443834.770,-1172375.540,374.740
-443835.180,-1172375.170,374.290
-443836.840,-1172370.670,374.720
-443839.460,-1172366.560,371.130
-443840.810,-1172365.340,370.170
-443838.460,-1172366.220,370.700
-443840.790,-1172362.210,370.140
-443839.830,-1172362.500,370.400
-443839.560,-1172360.940,370.460
-443839.610,-1172360.020,370.420
-443840.440,-1172358.390,357.280
-443840.420,-1172357.210,370.390
-443840.560,-1172356.630,370.160
-443827.470,-1172367.940,371.190
-443832.060,-1172362.040,370.600
-443837.130,-1172356.630,370.600
-443840.530,-1172353.000,370.030
-443839.990,-1172352.910,362.770
-443833.500,-1172358.250,370.540
-443839.300,-1172353.030,370.950
-443833.260,-1172357.420,370.880
-443762.250,-1172421.440,361.620
-443827.530,-1172362.590,370.690
-443839.060,-1172351.090,371.130
-443840.400,-1172349.880,370.200
-443826.850,-1172362.100,371.130
-443833.010,-1172356.090,373.170
-443826.780,-1172360.640,371.130
-443827.480,-1172358.650,370.690
-443757.090,-1172421.690,361.740
-443826.740,-1172358.440,371.160
-443826.720,-1172358.080,371.140
-443827.140,-1172357.700,370.750
-443827.330,-1172357.030,370.670
-443839.200,-1172344.600,370.450
-443752.930,-1172422.000,361.740
-443827.260,-1172354.890,370.650
-443839.040,-1172342.970,370.600
-443734.780,-1172437.130,361.260
-443826.530,-1172354.260,371.140
-443827.210,-1172353.650,370.670
-443838.790,-1172342.330,371.130
-443839.010,-1172342.130,370.930
-443840.110,-1172341.140,370.220
-443734.560,-1172436.870,361.780
-443839.010,-1172341.760,370.960
-443840.160,-1172340.730,370.190
-443839.660,-1172339.260,370.400
-443840.020,-1172337.970,370.170
-443839.980,-1172337.630,370.150
-443734.720,-1172432.780,361.360
-443826.510,-1172349.800,371.100
-443826.870,-1172349.130,370.750
-443831.570,-1172343.840,370.550
-443839.020,-1172337.110,370.410
-443734.660,-1172431.970,361.370
-443827.020,-1172347.950,370.680
-443836.490,-1172338.490,370.640
-443734.280,-1172430.930,361.800
-443734.480,-1172430.210,361.470
-443742.980,-1172422.520,361.740
-443827.050,-1172346.490,370.680
-443832.050,-1172341.550,370.630
-443832.300,-1172341.330,370.510
-443832.770,-1172340.530,370.520
-443838.890,-1172334.990,370.430
-443838.940,-1172334.630,370.430
-443839.740,-1172333.900,370.380
-443734.460,-1172429.150,361.450
-443832.640,-1172338.770,370.770
-443740.520,-1172422.590,361.750
-443826.200,-1172343.350,371.110
-443831.290,-1172336.950,370.530
-443733.790,-1172423.680,361.790
-443734.050,-1172423.440,361.760
-443826.100,-1172340.680,371.150
-443826.140,-1172339.050,371.110
-443734.050,-1172422.940,361.780
-443826.600,-1172336.190,370.690
-443838.800,-1172332.820,370.580
-443838.940,-1172333.070,370.420
-443826.510,-1172331.540,370.730
-443813.160,-1172306.950,357.670
-443789.570,-1172314.780,361.680
-443769.260,-1172315.530,361.820
-443748.240,-1172325.510,356.960
-443741.980,-1172324.750,357.270
-443775.260,-1172293.090,359.080
-443739.100,-1172319.210,361.970
-443735.200,-1172319.520,362.050
-443765.720,-1172291.150,358.580
-443724.910,-1172320.350,359.100
-443751.600,-1172294.470,358.210
-443743.800,-1172296.020,358.290
-443744.290,-1172295.560,358.150
-443743.990,-1172294.760,358.340
-443744.100,-1172294.280,358.390
-443747.530,-1172291.120,358.930
-443743.550,-1172293.420,358.790
-443739.500,-1172296.770,359.740
-443743.580,-1172293.020,358.810
-443743.760,-1172291.360,358.900
-443739.130,-1172294.800,359.820
-443739.040,-1172294.450,359.800
-443725.400,-1172293.720,358.080
-443721.710,-1172295.120,357.870
-443721.400,-1172292.520,357.850
-443716.100,-1172335.730,360.700
-443712.310,-1172335.160,360.910
-443712.860,-1172334.650,360.910
-443715.000,-1172332.690,360.770
-443714.520,-1172333.720,360.780
-443714.210,-1172334.540,360.740
-443713.190,-1172331.610,360.870
-443712.020,-1172331.660,361.550
-443715.050,-1172328.870,360.740
-443713.870,-1172330.500,360.840
-443710.550,-1172331.010,361.000
-443711.420,-1172330.540,360.910
-443715.260,-1172327.010,360.750
-443713.230,-1172326.990,360.960
-443711.600,-1172327.550,360.870
-443710.480,-1172329.090,361.010
-443710.280,-1172326.380,360.650
-443710.520,-1172326.160,360.580
-443706.640,-1172325.570,360.620
-443696.830,-1172328.850,360.470
-443716.870,-1172299.580,357.120
-443716.660,-1172297.470,357.540
-443716.880,-1172297.780,357.380
-443710.610,-1172294.200,357.380
-443834.820,-1172408.140,351.430
-443802.760,-1172441.000,351.410
-443802.550,-1172440.940,351.560
-443802.150,-1172438.570,351.520
-443802.310,-1172437.530,351.500
-443802.790,-1172434.220,351.500
-443802.520,-1172434.930,351.600
-443801.900,-1172423.100,352.780
-443807.510,-1172406.680,348.050
-443797.200,-1172403.530,352.000
-443797.460,-1172405.800,351.950
-443797.650,-1172408.900,351.950
-443796.900,-1172415.670,354.280
-443797.020,-1172415.350,354.320
-443797.120,-1172417.500,354.290
-443797.290,-1172420.010,354.120
-443797.970,-1172420.690,353.910
-443800.450,-1172417.980,353.060
-443800.600,-1172422.850,353.110
-443733.370,-1172414.080,349.020
-443759.180,-1172435.780,351.180
-443770.200,-1172413.590,353.830
-443771.120,-1172413.620,353.830
-443770.360,-1172415.630,353.800
-443770.510,-1172416.010,353.800
-443769.880,-1172417.720,354.000
-443771.650,-1172414.220,353.760
-443770.410,-1172417.540,353.870
-443772.800,-1172411.830,353.670
-443774.550,-1172411.400,353.620
-443775.470,-1172411.370,353.570
-443772.960,-1172418.080,353.680
-443772.030,-1172421.870,353.770
-443774.940,-1172417.530,353.560
-443777.170,-1172413.000,354.120
-443777.280,-1172416.060,354.080
-443777.100,-1172420.940,354.090
-443777.170,-1172424.690,353.380
-443784.720,-1172418.660,350.240
-443784.750,-1172420.660,350.270
-443784.900,-1172421.970,350.300
-443790.320,-1172410.990,352.960
-443790.840,-1172411.280,352.970
-443789.100,-1172421.520,350.050
-443834.450,-1172389.970,348.540
-443834.240,-1172390.020,348.590
-443794.740,-1172377.940,351.970
-443795.170,-1172383.660,351.950
-443795.850,-1172389.120,351.870
-443795.840,-1172390.530,351.980
-443796.170,-1172393.110,351.890
-443802.530,-1172380.230,348.270
-443802.130,-1172381.290,348.310
-443796.560,-1172397.020,351.970
-443804.700,-1172379.470,348.300
-443804.570,-1172379.800,348.300
-443807.090,-1172378.190,348.330
-443807.840,-1172377.720,348.370
-443807.710,-1172378.050,348.350
-443807.590,-1172378.390,348.360
-443807.580,-1172378.990,348.230
-443812.380,-1172377.150,348.310
-443812.400,-1172380.060,348.140
-443812.510,-1172379.240,348.260
-443815.710,-1172376.050,348.290
-443733.590,-1172405.270,350.510
-443744.550,-1172389.430,349.250
-443744.430,-1172389.770,349.240
-443741.660,-1172397.290,350.570
-443748.790,-1172397.060,350.510
-443754.360,-1172397.140,349.750
-443754.190,-1172399.220,349.780
-443754.780,-1172404.740,349.450
-443760.600,-1172396.310,349.880
-443761.210,-1172396.250,349.880
-443707.720,-1172400.930,352.220
-443707.600,-1172401.270,352.190
-443707.340,-1172401.970,352.270
-443707.220,-1172402.300,352.240
-443706.720,-1172403.680,352.420
-443707.400,-1172401.050,352.330
-443707.290,-1172401.360,352.300
-443706.780,-1172400.950,352.470
-443707.060,-1172400.590,352.460
-443706.950,-1172400.890,352.360
-443706.570,-1172400.480,352.500
-443706.450,-1172400.800,352.430
-443706.910,-1172400.620,352.480
-443706.530,-1172398.440,352.510
-443837.200,-1172318.760,349.160
-443837.560,-1172318.420,349.120
-443836.430,-1172319.130,349.180
-443796.620,-1172291.010,350.640
-443801.490,-1172324.740,351.480
-443811.200,-1172318.070,351.190
-443811.060,-1172318.420,351.170
-443721.920,-1172328.700,352.610
-443722.150,-1172328.820,352.530
-443721.910,-1172329.480,352.510
-443722.810,-1172329.330,352.350
-443722.680,-1172329.700,352.420
-443722.550,-1172330.040,352.460
-443744.310,-1172326.470,351.260
-443745.630,-1172325.860,351.260
-443746.960,-1172336.480,352.900
-443747.550,-1172336.480,352.870
-443746.920,-1172338.220,352.900
-443747.260,-1172338.090,352.850
-443748.510,-1172335.860,352.800
-443748.580,-1172336.200,352.770
-443747.820,-1172338.290,352.740
-443749.580,-1172336.410,352.630
-443750.880,-1172337.310,352.270
-443751.590,-1172336.160,352.110
-443754.710,-1172331.670,355.070
-443754.600,-1172331.950,354.900
-443755.120,-1172334.250,354.900
-443721.610,-1172339.840,352.760
-443721.960,-1172339.590,352.650
-443721.340,-1172341.270,352.640
-443719.820,-1172338.750,353.040
-443719.440,-1172339.790,353.140
-443720.040,-1172338.750,352.900
-443719.660,-1172339.800,352.970
-443719.540,-1172340.120,353.010
-443719.400,-1172340.500,353.050
-443719.280,-1172340.840,353.050
-443719.140,-1172341.200,353.090
-443719.970,-1172340.440,352.950
-443719.580,-1172341.500,353.030
-443719.460,-1172341.850,353.090
-443719.320,-1172342.220,353.120
-443719.900,-1172341.520,352.980
-443719.770,-1172341.870,353.030
-443719.650,-1172342.200,353.000
-443720.860,-1172340.050,352.830
-443720.740,-1172340.390,352.870
-443720.610,-1172340.740,352.900
-443720.460,-1172341.150,353.000
-443720.090,-1172342.170,352.990
-443720.770,-1172340.840,352.840
-443720.510,-1172341.550,352.900
-443720.380,-1172341.890,352.860
-443720.270,-1172342.210,352.880
-443721.650,-1172329.430,352.620
-443721.390,-1172330.140,352.680
-443720.750,-1172331.890,352.790
-443720.640,-1172332.210,352.770
-443721.390,-1172330.900,352.690
-443721.280,-1172331.220,352.590
-443718.750,-1172339.580,353.160
-443719.230,-1172339.130,353.080
-443718.520,-1172335.720,353.240
-443718.140,-1172336.750,353.200
-443721.100,-1172329.630,352.620
-443720.840,-1172330.330,352.680
-443720.700,-1172330.720,352.770
-443719.420,-1172330.940,352.940
-443719.050,-1172331.960,353.010
-443718.910,-1172332.330,353.080
-443718.660,-1172333.010,353.130
-443718.540,-1172333.360,353.130
-443718.400,-1172333.720,353.150
-443720.390,-1172329.080,352.810
-443720.030,-1172330.080,352.800
-443719.900,-1172330.420,352.860
-443719.780,-1172330.760,352.830
-443719.520,-1172331.480,352.950
-443717.960,-1172332.500,353.230
-443717.840,-1172332.830,353.200
-443718.730,-1172331.520,353.050
-443717.610,-1172329.840,353.100
-443704.630,-1172329.950,352.270
-443851.870,-1172431.610,373.850
-443852.070,-1172431.470,373.840
-443851.120,-1172429.190,374.740
-443850.070,-1172431.900,374.830
-443850.050,-1172418.000,374.310
-443849.650,-1172419.050,374.380
-443851.020,-1172416.220,373.760
-443850.770,-1172416.900,374.760
-443850.600,-1172414.810,373.730
-443851.450,-1172411.950,373.740
-443851.500,-1172410.220,373.770
-443850.870,-1172411.860,374.630
-443850.470,-1172412.900,374.690
-443850.740,-1172411.850,374.700
-443849.560,-1172413.560,374.220
-443851.350,-1172408.280,373.810
-443849.500,-1172413.110,374.270
-443849.240,-1172413.790,374.280
-443848.470,-1172415.790,374.220
-443842.560,-1172431.190,374.270
-443843.610,-1172426.880,374.110
-443845.540,-1172421.610,374.850
-443845.420,-1172421.920,374.740
-443850.550,-1172407.320,374.680
-443849.440,-1172410.210,374.140
-443850.440,-1172407.210,374.740
-443850.310,-1172407.560,374.740
-443849.460,-1172409.770,374.190
-443845.040,-1172419.340,374.130
-443841.550,-1172428.430,374.260
-443841.430,-1172428.750,374.190
-443840.140,-1172430.350,374.220
-443850.300,-1172404.290,374.620
-443850.290,-1172404.310,373.730
-443843.630,-1172419.780,374.100
-443850.150,-1172402.790,374.640
-443850.080,-1172402.490,374.720
-443848.990,-1172405.340,374.290
-443845.250,-1172415.110,374.260
-443843.710,-1172419.130,374.210
-443843.570,-1172419.480,374.210
-443847.310,-1172408.180,374.150
-443844.120,-1172416.520,376.890
-443848.970,-1172403.860,374.250
-443849.080,-1172402.770,374.170
-443840.610,-1172423.100,374.140
-443840.670,-1172422.330,374.170
-443849.130,-1172400.880,374.130
-443840.300,-1172421.860,374.200
-443844.810,-1172407.480,374.750
-443840.860,-1172417.810,377.490
-443839.960,-1172420.170,377.500
-443840.110,-1172418.850,377.420
-443839.980,-1172419.190,377.490
-443839.240,-1172419.410,377.500
-443839.450,-1172417.990,377.500
-443836.520,-1172425.580,374.200
-443835.580,-1172426.280,359.870
-443848.690,-1172392.200,374.250
-443839.620,-1172415.910,377.400
-443838.960,-1172417.640,377.620
-443839.210,-1172416.530,377.530
-443836.790,-1172422.810,374.210
-443842.140,-1172407.600,374.790
-443842.090,-1172407.720,374.130
-443841.980,-1172408.000,373.970
-443836.870,-1172418.980,377.490
-443850.980,-1172383.810,373.970
-443848.370,-1172388.920,374.270
-443841.460,-1172406.370,374.080
-443850.900,-1172381.700,373.390
-443848.570,-1172386.300,374.300
-443836.780,-1172416.280,374.170
-443836.110,-1172418.050,377.540
-443851.050,-1172379.810,373.390
-443850.670,-1172380.810,373.360
-443850.350,-1172381.640,373.740
-443848.790,-1172384.920,374.360
-443848.520,-1172385.610,374.430
-443836.080,-1172415.980,374.780
-443848.220,-1172384.280,375.880
-443838.600,-1172409.400,374.120
-443836.920,-1172413.770,374.160
-443836.540,-1172414.770,374.190
-443836.330,-1172415.320,374.780
-443836.160,-1172414.430,374.730
-443850.990,-1172375.700,373.510
-443836.480,-1172413.260,374.240
-443839.510,-1172404.080,374.080
-443836.410,-1172412.180,374.140
-443836.050,-1172412.860,374.770
-443836.360,-1172409.820,374.170
-443836.160,-1172410.350,374.710
-443836.230,-1172410.180,374.190
-443836.040,-1172410.680,374.740
-443831.980,-1172421.310,377.570
-443836.080,-1172408.910,374.130
-443842.020,-1172393.400,374.260
-443837.860,-1172403.780,374.150
-443834.950,-1172411.380,373.830
-443841.530,-1172392.990,374.700
-443836.130,-1172406.550,374.230
-443831.610,-1172418.390,377.550
-443836.050,-1172402.870,374.080
-443834.710,-1172406.240,359.730
-443835.590,-1172403.200,374.770
-443835.130,-1172401.940,357.030
-443841.690,-1172383.410,377.400
-443841.830,-1172383.010,374.270
-443834.550,-1172401.200,368.250
-443834.510,-1172401.200,357.000
-443841.540,-1172381.220,377.510
-443840.010,-1172385.190,374.290
-443835.860,-1172396.030,374.280
-443834.590,-1172398.580,356.950
-443839.900,-1172384.890,377.520
-443839.790,-1172385.160,374.430
-443841.590,-1172378.960,377.550
-443835.790,-1172394.080,374.290
-443835.600,-1172394.580,374.810
-443835.480,-1172394.910,374.780
-443835.590,-1172391.810,374.300
-443835.670,-1172390.780,374.330
-443835.030,-1172390.920,373.800
-443834.300,-1172390.440,357.030
-443837.530,-1172382.210,377.570
-443837.450,-1172381.940,377.650
-443835.550,-1172386.870,374.340
-443836.820,-1172379.370,374.270
-443835.250,-1172379.570,374.310
-443840.720,-1172365.200,370.410
-443840.590,-1172365.540,370.370
-443839.590,-1172366.050,370.340
-443834.970,-1172378.200,374.730
-443840.500,-1172363.670,370.370
-443836.910,-1172370.690,374.670
-443840.830,-1172362.020,370.440
-443840.430,-1172363.060,370.430
-443839.780,-1172364.760,370.430
-443839.670,-1172365.060,370.350
-443839.600,-1172363.610,371.140
-443839.850,-1172362.440,370.460
-443839.730,-1172362.750,370.380
-443835.160,-1172374.780,374.340
-443834.840,-1172375.620,374.780
-443834.830,-1172374.040,374.790
-443834.720,-1172374.350,374.740
-443835.050,-1172372.630,374.340
-443833.810,-1172373.550,373.900
-443833.930,-1172371.720,371.060
-443840.440,-1172354.640,370.400
-443833.570,-1172371.750,371.140
-443839.560,-1172354.170,370.370
-443829.090,-1172381.740,377.780
-443840.390,-1172349.620,370.380
-443839.180,-1172348.160,370.420
-443840.200,-1172344.470,370.400
-443839.220,-1172345.400,370.390
-443839.290,-1172344.600,370.450
-443839.190,-1172343.620,370.400
-443839.170,-1172343.000,370.460
-443839.720,-1172339.390,370.400
-443839.730,-1172338.010,370.360
-443839.990,-1172336.610,370.420
-443839.710,-1172337.330,370.450
-443838.680,-1172338.600,371.150
-443839.530,-1172334.620,370.420
-443838.870,-1172335.570,370.430
-443827.480,-1172363.090,370.740
-443826.670,-1172365.210,371.060
-443827.460,-1172361.570,370.720
-443826.890,-1172363.090,371.110
-443826.770,-1172359.950,371.150
-443826.730,-1172358.560,371.130
-443827.310,-1172357.020,370.680
-443827.360,-1172354.640,370.670
-443827.220,-1172355.000,370.690
-443832.400,-1172341.380,373.150
-443832.620,-1172340.770,370.550
-443832.360,-1172341.470,370.530
-443831.440,-1172343.890,370.560
-443832.330,-1172341.030,373.240
-443832.030,-1172341.800,370.610
-443826.550,-1172353.770,371.130
-443826.420,-1172354.090,371.150
-443826.850,-1172351.100,370.670
-443826.520,-1172351.400,371.130
-443831.300,-1172336.850,370.540
-443826.630,-1172349.180,371.160
-443827.020,-1172346.470,370.670
-443826.360,-1172347.600,371.140
-443828.900,-1172338.500,373.230
-443826.810,-1172340.180,370.660
-443826.990,-1172341.290,370.720
-443826.400,-1172342.840,371.160
-443826.270,-1172343.190,371.130
-443826.170,-1172338.530,371.150
-443826.280,-1172340.710,371.150
-443826.660,-1172334.970,370.690
-443757.160,-1172421.790,361.780
-443739.720,-1172434.650,361.280
-443737.730,-1172432.010,361.420
-443740.600,-1172422.600,361.770
-443734.800,-1172435.140,361.300
-443734.550,-1172435.820,361.270
-443734.650,-1172436.270,361.240
-443734.490,-1172433.630,361.410
-443734.810,-1172433.700,361.340
-443734.680,-1172434.040,361.340
-443734.520,-1172434.500,361.840
-443734.630,-1172431.060,361.430
-443734.600,-1172429.840,361.480
-443734.460,-1172430.190,361.490
-443734.200,-1172430.910,361.810
-443734.420,-1172427.160,361.600
-443734.470,-1172427.710,361.580
-443733.970,-1172429.080,361.840
-443734.270,-1172425.510,361.690
-443734.360,-1172425.910,361.620
-443734.010,-1172422.680,361.830
-443733.770,-1172423.340,361.830
-443734.170,-1172423.750,361.740
-443734.040,-1172424.090,361.830
-443734.810,-1172422.520,361.830
-443733.860,-1172425.110,361.800
-443837.610,-1172329.900,371.270
-443839.840,-1172331.270,370.350
-443839.930,-1172333.560,370.420
-443826.520,-1172333.610,370.670
-443826.480,-1172331.500,370.750
-443810.490,-1172311.080,359.140
-443789.880,-1172312.950,361.750
-443765.810,-1172291.070,358.580
-443763.990,-1172293.630,357.220
-443756.870,-1172293.160,359.100
-443747.610,-1172291.120,358.960
-443744.950,-1172296.570,358.000
-443744.210,-1172295.400,358.210
-443743.830,-1172296.440,358.180
-443743.700,-1172296.190,358.250
-443743.610,-1172292.580,358.700
-443739.300,-1172295.930,359.810
-443735.300,-1172292.210,359.760
-443722.350,-1172292.520,357.470
-443721.360,-1172292.550,357.900
-443715.980,-1172334.410,360.730
-443716.350,-1172334.730,360.750
-443716.220,-1172335.070,360.740
-443716.100,-1172335.400,360.770
-443715.060,-1172338.220,359.990
-443715.890,-1172332.220,360.750
-443717.310,-1172326.110,360.620
-443715.180,-1172331.930,360.800
-443714.800,-1172332.970,360.780
-443714.300,-1172334.330,360.830
-443715.630,-1172329.010,360.770
-443715.500,-1172329.350,360.790
-443712.990,-1172334.370,360.910
-443712.870,-1172334.690,360.910
-443712.500,-1172335.700,360.940
-443715.210,-1172327.110,360.720
-443714.870,-1172329.220,360.800
-443714.740,-1172329.570,360.830
-443714.400,-1172328.740,360.830
-443711.920,-1172334.490,360.960
-443711.940,-1172331.540,361.560
-443711.640,-1172332.340,360.960
-443710.840,-1172333.440,361.010
-443711.480,-1172327.810,361.000
-443710.480,-1172326.000,360.640
-443710.360,-1172326.330,360.630
-443709.970,-1172328.200,361.030
-443706.160,-1172333.980,360.760
-443710.530,-1172321.130,362.630
-443710.440,-1172320.740,362.780
-443706.400,-1172325.250,360.770
-443706.270,-1172325.610,360.830
-443706.570,-1172325.210,360.740
-443716.650,-1172297.360,357.560
-443696.770,-1172328.850,360.510
-443696.720,-1172324.030,361.380
-443701.970,-1172296.390,358.220
-443701.220,-1172298.420,358.180
-443698.470,-1172292.000,357.030
-443814.830,-1172439.980,351.560
-443816.100,-1172433.740,350.500
-443835.360,-1172408.340,348.590
-443835.250,-1172408.250,348.580
-443835.200,-1172407.570,348.600
-443835.420,-1172405.290,351.460
-443801.200,-1172423.610,352.950
-443801.810,-1172423.100,352.730
-443800.860,-1172423.180,353.050
-443801.140,-1172422.030,352.940
-443800.130,-1172422.430,353.320
-443797.370,-1172420.070,354.190
-443797.200,-1172419.900,354.290
-443799.320,-1172418.170,353.500
-443797.140,-1172418.820,354.300
-443797.090,-1172418.480,354.320
-443797.870,-1172416.110,353.950
-443807.630,-1172406.790,347.830
-443797.000,-1172415.070,354.310
-443797.150,-1172403.920,351.950
-443797.470,-1172406.620,352.020
-443799.410,-1172412.280,353.400
-443789.210,-1172421.430,350.060
-443733.270,-1172413.130,349.100
-443769.610,-1172411.930,353.950
-443769.780,-1172412.110,354.040
-443770.170,-1172412.580,353.840
-443770.200,-1172413.060,353.840
-443770.400,-1172413.850,353.800
-443772.890,-1172411.810,353.650
-443770.570,-1172415.700,353.800
-443776.120,-1172411.620,353.500
-443775.780,-1172416.370,353.540
-443790.430,-1172411.200,352.960
-443790.690,-1172410.990,353.050
-443790.660,-1172411.330,352.960
-443790.920,-1172411.110,353.030
-443777.630,-1172424.400,354.100
-443784.970,-1172421.990,350.270
-443785.280,-1172422.690,350.110
-443834.450,-1172392.600,346.650
-443834.060,-1172392.150,346.640
-443834.040,-1172389.790,348.530
-443794.870,-1172378.730,351.950
-443795.040,-1172380.620,351.910
-443802.500,-1172380.160,348.270
-443807.080,-1172378.150,348.360
-443802.480,-1172382.550,348.250
-443807.500,-1172378.960,348.270
-443812.380,-1172377.310,348.270
-443796.180,-1172391.590,351.930
-443812.680,-1172379.320,348.150
-443812.440,-1172379.960,348.190
-443796.240,-1172393.190,351.920
-443797.050,-1172401.560,351.950
-443834.970,-1172371.850,348.030
-443834.120,-1172375.570,348.570
-443749.250,-1172404.020,350.390
-443773.890,-1172404.080,350.300
-443706.540,-1172403.900,352.530
-443706.750,-1172402.590,352.480
-443707.310,-1172402.130,352.310
-443708.180,-1172401.400,352.120
-443707.440,-1172401.430,352.270
-443707.710,-1172401.200,352.240
-443708.010,-1172400.960,352.200
-443706.910,-1172400.890,352.440
-443707.180,-1172401.100,352.340
-443707.480,-1172400.840,352.290
-443706.600,-1172400.560,352.550
-443838.790,-1172319.930,349.010
-443838.760,-1172318.360,349.000
-443834.960,-1172320.960,349.440
-443835.890,-1172320.200,349.320
-443837.380,-1172318.490,349.190
-443836.190,-1172319.130,349.300
-443836.520,-1172318.860,349.240
-443837.430,-1172318.120,349.140
-443838.020,-1172317.630,349.090
-443834.630,-1172318.910,349.480
-443835.240,-1172318.420,349.430
-443835.560,-1172318.150,349.360
-443836.170,-1172317.650,349.300
-443834.560,-1172317.950,349.460
-443801.410,-1172325.330,351.470
-443803.110,-1172318.230,351.160
-443721.540,-1172329.750,352.630
-443721.850,-1172329.490,352.570
-443721.810,-1172328.970,352.610
-443722.710,-1172329.410,352.480
-443722.840,-1172329.930,352.430
-443723.400,-1172329.990,352.300
-443722.270,-1172331.460,352.480
-443744.250,-1172326.630,351.260
-443748.220,-1172326.280,351.060
-443743.640,-1172334.120,353.180
-443744.820,-1172333.130,353.050
-443745.670,-1172333.060,353.020
-443745.650,-1172334.530,353.010
-443745.930,-1172334.290,352.980
-443744.540,-1172336.060,353.140
-443744.620,-1172337.500,353.130
-443764.690,-1172322.490,352.690
-443745.820,-1172338.330,353.060
-443747.280,-1172337.100,352.850
-443747.540,-1172336.880,352.830
-443748.430,-1172336.130,352.750
-443754.500,-1172331.030,354.890
-443750.820,-1172337.140,352.250
-443719.170,-1172341.270,353.130
-443720.050,-1172340.520,352.950
-443720.620,-1172340.040,352.840
-443721.210,-1172340.160,352.770
-443721.500,-1172339.920,352.740
-443721.780,-1172339.680,352.710
-443719.040,-1172342.550,353.150
-443719.310,-1172342.320,353.120
-443719.620,-1172342.060,353.050
-443720.490,-1172341.320,352.910
-443719.530,-1172342.620,353.120
-443720.670,-1172341.660,352.890
-443721.220,-1172341.200,352.810
-443721.530,-1172340.940,352.770
-443719.740,-1172338.410,353.000
-443719.370,-1172339.390,353.110
-443719.940,-1172338.910,352.990
-443719.400,-1172339.990,353.060
-443719.710,-1172339.740,353.000
-443719.730,-1172340.280,353.020
-443718.230,-1172336.800,353.110
-443718.240,-1172334.890,353.260
-443719.960,-1172333.430,352.890
-443720.250,-1172333.180,352.860
-443720.530,-1172332.940,352.810
-443719.040,-1172334.870,353.090
-443719.320,-1172334.630,353.080
-443719.600,-1172334.390,353.010
-443721.260,-1172329.440,352.680
-443719.250,-1172331.700,353.000
-443719.540,-1172331.450,352.940
-443720.390,-1172330.720,352.820
-443720.660,-1172330.490,352.790
-443720.970,-1172330.240,352.730
-443718.960,-1172332.600,353.070
-443720.100,-1172331.630,352.890
-443720.150,-1172329.850,352.850
-443718.630,-1172331.670,353.080
-443719.490,-1172330.940,352.970
-443719.780,-1172330.700,352.960
-443718.300,-1172329.420,353.040
-443699.420,-1172343.310,353.220
-443852.020,-1172431.270,373.860
-443851.040,-1172429.270,374.830
-443850.990,-1172426.380,374.760
-443842.780,-1172431.030,374.210
-443849.380,-1172425.480,374.140
-443845.040,-1172428.190,374.170
-443850.750,-1172421.580,374.800
-443840.550,-1172430.140,374.220
-443841.450,-1172428.800,374.190
-443841.380,-1172428.280,374.860
-443850.670,-1172419.470,374.740
-443849.710,-1172418.960,374.330
-443849.960,-1172418.050,374.320
-443836.460,-1172429.650,374.750
-443841.400,-1172424.940,374.180
-443836.770,-1172426.960,374.260
-443842.110,-1172421.860,375.340
-443844.910,-1172419.520,374.120
-443840.420,-1172422.580,374.270
-443848.400,-1172415.920,374.170
-443840.530,-1172422.920,374.200
-443843.630,-1172419.450,374.170
-443844.750,-1172418.520,374.100
-443846.950,-1172416.690,374.140
-443840.460,-1172421.670,374.250
-443844.850,-1172418.010,374.160
-443849.430,-1172413.800,374.210
-443849.460,-1172412.930,374.200
-443839.370,-1172421.020,377.470
-443849.310,-1172412.740,374.270
-443849.610,-1172412.490,374.160
-443836.730,-1172422.940,374.230
-443840.240,-1172420.020,377.460
-443851.440,-1172410.700,373.790
-443836.680,-1172423.260,374.280
-443844.140,-1172416.350,376.960
-443849.050,-1172412.270,374.350
-443851.360,-1172410.330,373.790
-443840.850,-1172418.000,377.410
-443839.840,-1172419.150,377.450
-443850.590,-1172408.970,374.720
-443849.150,-1172409.520,374.230
-443839.200,-1172417.790,377.310
-443839.440,-1172417.590,377.450
-443840.800,-1172416.460,377.470
-443842.460,-1172415.080,376.340
-443839.440,-1172416.650,377.440
-443850.430,-1172407.520,374.730
-443839.460,-1172416.170,377.480
-443847.310,-1172408.190,374.270
-443847.610,-1172407.930,374.140
-443832.070,-1172420.840,377.580
-443833.440,-1172419.690,377.580
-443836.710,-1172416.390,374.180
-443830.320,-1172421.690,377.600
-443836.110,-1172416.090,374.780
-443850.290,-1172403.690,374.740
-443845.020,-1172407.590,374.730
-443848.940,-1172403.970,374.210
-443850.030,-1172402.750,374.710
-443849.030,-1172402.900,374.180
-443836.110,-1172412.810,374.750
-443842.150,-1172407.810,374.780
-443836.410,-1172412.180,374.180
-443849.120,-1172401.670,374.180
-443836.630,-1172411.500,374.170
-443849.080,-1172401.200,374.170
-443834.740,-1172411.660,359.770
-443835.460,-1172409.690,359.820
-443848.710,-1172397.600,374.320
-443835.200,-1172409.110,359.850
-443835.460,-1172407.350,359.890
-443848.730,-1172395.660,374.260
-443837.970,-1172403.710,374.120
-443835.270,-1172405.660,359.840
-443835.150,-1172405.760,365.470
-443835.410,-1172404.830,365.480
-443846.950,-1172394.840,374.230
-443843.080,-1172396.150,374.270
-443834.830,-1172401.210,357.030
-443835.130,-1172400.970,371.080
-443842.010,-1172393.380,374.300
-443834.950,-1172398.820,357.030
-443834.830,-1172398.670,356.990
-443848.610,-1172386.550,374.320
-443835.820,-1172396.250,374.340
-443848.270,-1172385.020,374.440
-443848.570,-1172384.770,374.350
-443850.770,-1172381.830,373.380
-443850.670,-1172381.040,373.400
-443834.770,-1172394.490,365.560
-443835.760,-1172391.910,374.320
-443851.150,-1172377.780,373.600
-443834.790,-1172391.550,357.060
-443834.550,-1172391.370,357.010
-443834.940,-1172389.350,374.580
-443839.770,-1172385.400,374.310
-443840.020,-1172385.190,374.380
-443839.980,-1172385.230,377.460
-443835.700,-1172388.430,374.360
-443839.600,-1172385.240,377.340
-443839.960,-1172384.660,377.510
-443841.770,-1172383.190,374.280
-443841.690,-1172383.250,377.340
-443850.940,-1172375.290,373.510
-443840.040,-1172383.390,377.480
-443841.640,-1172380.750,377.530
-443841.580,-1172380.410,377.550
-443850.950,-1172372.350,373.390
-443841.620,-1172379.040,377.530
-443841.360,-1172378.490,377.620
-443843.660,-1172374.570,374.250
-443834.770,-1172378.340,374.780
-443835.220,-1172376.420,374.330
-443834.810,-1172376.160,374.760
-443770.700,-1172426.830,361.870
-443835.110,-1172373.810,374.310
-443834.340,-1172374.010,362.690
-443835.130,-1172373.350,374.350
-443834.400,-1172373.530,365.470
-443835.080,-1172372.490,374.340
-443834.350,-1172372.330,368.450
-443834.580,-1172371.810,374.770
-443833.950,-1172371.930,362.650
-443833.530,-1172371.780,371.180
-443839.600,-1172366.400,371.130
-443840.510,-1172363.530,370.430
-443839.810,-1172362.490,370.440
-443840.630,-1172358.940,370.430
-443839.680,-1172358.170,370.450
-443827.440,-1172366.030,370.750
-443832.040,-1172362.010,370.630
-443827.540,-1172363.680,370.740
-443833.310,-1172358.960,373.200
-443839.520,-1172353.890,370.490
-443840.290,-1172352.680,370.400
-443741.370,-1172434.110,361.350
-443826.900,-1172363.070,371.150
-443827.600,-1172362.490,370.720
-443840.170,-1172349.870,370.410
-443840.450,-1172349.650,370.440
-443826.730,-1172360.320,371.190
-443826.520,-1172359.840,370.890
-443831.680,-1172354.990,370.650
-443734.670,-1172434.950,361.350
-443734.240,-1172434.680,361.840
-443840.340,-1172346.900,370.470
-443734.910,-1172433.590,361.370
-443826.740,-1172358.020,371.160
-443840.100,-1172345.990,370.410
-443734.670,-1172432.240,361.410
-443840.010,-1172345.600,370.440
-443839.490,-1172344.570,370.430
-443734.660,-1172430.840,361.460
-443734.500,-1172430.150,361.510
-443826.550,-1172353.850,371.140
-443827.010,-1172351.920,370.730
-443839.920,-1172341.350,370.430
-443839.230,-1172341.400,370.440
-443734.440,-1172427.210,361.600
-443733.810,-1172427.200,361.770
-443734.400,-1172426.720,361.600
-443733.950,-1172426.130,361.830
-443735.840,-1172424.580,361.690
-443838.700,-1172338.600,371.180
-443839.790,-1172337.710,370.430
-443839.720,-1172337.240,370.420
-443839.080,-1172337.140,370.460
-443830.910,-1172343.220,370.910
-443733.800,-1172423.390,361.850
-443839.710,-1172334.410,370.410
-443826.420,-1172345.830,371.120
-443826.830,-1172343.640,370.710
-443826.210,-1172343.180,371.140
-443826.910,-1172342.610,370.710
-443826.270,-1172342.710,371.140
-443826.300,-1172341.300,371.110
-443827.590,-1172340.240,370.660
-443827.000,-1172341.250,370.710
-443831.280,-1172336.710,370.610
-443826.650,-1172337.260,370.680
-443827.480,-1172335.480,370.650
-443826.050,-1172335.830,371.180
-443826.050,-1172334.040,371.150
-443826.170,-1172334.750,371.100
-443826.430,-1172332.080,370.730
-443813.150,-1172306.920,357.700
-443794.410,-1172319.440,357.850
-443803.900,-1172311.550,357.730
-443789.960,-1172315.430,361.620
-443789.420,-1172314.740,361.720
-443789.950,-1172312.890,361.770
-443765.690,-1172291.100,358.710
-443743.920,-1172296.350,358.250
-443743.740,-1172295.240,358.270
-443739.110,-1172294.440,359.840
-443735.330,-1172292.220,359.790
-443734.620,-1172292.250,359.860
-443725.490,-1172293.720,358.140
-443724.470,-1172293.920,356.710
-443715.030,-1172338.260,360.060
-443716.380,-1172334.790,360.780
-443716.200,-1172335.560,360.750
-443712.930,-1172334.410,360.980
-443714.910,-1172332.720,360.780
-443714.610,-1172333.430,360.820
-443714.910,-1172333.180,360.790
-443712.550,-1172335.720,360.940
-443711.530,-1172335.600,361.070
-443711.820,-1172335.350,360.990
-443711.300,-1172333.670,360.990
-443714.370,-1172331.050,360.870
-443712.170,-1172331.740,361.510
-443713.240,-1172331.510,360.910
-443715.410,-1172327.820,360.770
-443714.320,-1172329.300,360.820
-443711.960,-1172329.120,360.940
-443715.910,-1172326.340,360.500
-443711.630,-1172327.480,360.970
-443716.850,-1172323.020,360.950
-443719.300,-1172319.360,359.130
-443710.420,-1172325.670,360.690
-443710.550,-1172326.180,360.650
-443710.600,-1172324.300,360.920
-443706.710,-1172325.320,360.740
-443698.430,-1172321.800,360.960
-443716.700,-1172297.450,357.590
-443715.190,-1172295.140,358.230
-443710.550,-1172294.190,357.410
-443701.600,-1172297.700,358.200
