-443801.200,-1172409.260,351.030
-443796.670,-1172419.030,354.190
-443796.540,-1172417.380,354.160
-443796.650,-1172417.090,354.210
-443796.440,-1172418.920,354.020
-443796.800,-1172417.990,354.230
-443795.690,-1172417.460,353.890
-443794.510,-1172420.480,353.440
-443794.630,-1172420.170,353.450
-443795.270,-1172417.900,353.670
-443794.180,-1172418.770,353.280
-443795.720,-1172414.830,353.890
-443794.110,-1172412.870,353.360
-443793.910,-1172421.990,353.200
-443792.450,-1172424.020,352.540
-443792.570,-1172423.690,352.730
-443792.500,-1172423.070,352.600
-443792.630,-1172422.750,352.680
-443792.740,-1172422.460,352.750
-443792.550,-1172421.990,352.620
-443792.640,-1172418.540,352.790
-443793.410,-1172414.660,353.100
-443792.880,-1172413.100,352.970
-443793.240,-1172412.190,353.100
-443792.720,-1172411.430,352.910
-443790.180,-1172410.540,351.020
-443833.720,-1172389.280,353.810
-443833.900,-1172393.590,353.870
-443834.120,-1172395.110,353.920
-443834.150,-1172397.010,353.900
-443834.270,-1172396.700,353.910
-443834.040,-1172397.290,353.890
-443834.030,-1172396.550,353.900
-443834.150,-1172396.250,353.850
-443834.260,-1172395.960,353.870
-443825.730,-1172354.160,347.190
-443825.910,-1172350.680,351.360
-443753.400,-1172396.760,347.140
-443769.060,-1172403.820,350.260
-443787.080,-1172379.140,350.970
-443712.490,-1172398.650,352.480
-443712.250,-1172398.770,352.530
-443712.570,-1172396.520,352.540
-443823.810,-1172310.240,355.130
-443823.800,-1172309.100,355.200
-443823.530,-1172308.590,355.170
-443740.320,-1172297.360,354.410
-443756.580,-1172319.680,354.180
-443779.460,-1172319.250,351.900
-443763.750,-1172322.440,352.470
-443765.380,-1172318.290,355.070
-443765.370,-1172317.470,355.100
-443765.290,-1172316.700,355.100
-443770.070,-1172425.730,361.620
-443770.200,-1172425.410,361.730
-443770.290,-1172427.160,361.810
-443770.250,-1172426.230,361.710
-443830.270,-1172343.170,370.610
-443826.510,-1172354.820,368.140
-443850.650,-1172427.420,374.250
-443850.460,-1172424.690,374.180
-443850.130,-1172411.050,374.210
-443848.610,-1172408.640,374.300
-443849.730,-1172402.480,374.670
-443836.520,-1172430.870,373.880
-443850.690,-1172393.710,373.810
-443851.620,-1172391.330,373.600
-443845.620,-1172407.710,374.200
-443849.870,-1172394.800,374.840
-443844.150,-1172407.510,374.870
-443849.490,-1172388.350,374.730
-443849.600,-1172388.080,374.820
-443849.580,-1172386.370,374.760
-443849.500,-1172382.790,374.750
-443849.170,-1172382.570,374.280
-443835.310,-1172405.010,374.560
-443835.260,-1172399.610,374.700
-443835.210,-1172397.290,374.750
-443834.370,-1172397.280,370.750
-443834.960,-1172395.730,374.620
-443834.490,-1172395.290,362.410
-443834.230,-1172394.740,362.370
-443834.350,-1172394.420,362.360
-443834.080,-1172394.340,362.320
-443833.740,-1172394.400,362.390
-443834.210,-1172393.180,362.350
-443834.900,-1172390.780,374.760
-443834.820,-1172377.720,373.860
-443839.180,-1172365.340,371.110
-443833.350,-1172378.050,359.570
-443839.200,-1172362.140,371.090
-443834.610,-1172372.530,373.870
-443833.510,-1172375.500,359.590
-443833.410,-1172377.020,359.640
-443833.530,-1172376.730,359.620
-443833.480,-1172373.580,356.800
-443838.980,-1172357.650,371.110
-443833.130,-1172372.730,356.730
-443833.370,-1172372.120,356.750
-443833.490,-1172371.820,356.780
-443833.600,-1172371.530,356.820
-443838.630,-1172352.680,370.800
-443838.600,-1172350.940,370.780
-443838.760,-1172348.440,371.110
-443838.530,-1172348.260,370.740
-443838.710,-1172344.710,371.110
-443838.730,-1172346.020,371.070
-443838.600,-1172342.870,371.090
-443838.610,-1172342.240,371.030
-443838.590,-1172340.920,371.070
-443838.170,-1172336.570,370.710
-443838.410,-1172335.980,371.070
-443838.100,-1172336.290,370.680
-443838.210,-1172336.010,370.660
-443838.440,-1172335.420,371.060
-443830.570,-1172354.220,370.740
-443826.440,-1172355.060,362.600
-443736.520,-1172295.150,358.190
-443736.640,-1172294.850,358.240
-443736.040,-1172296.350,357.880
-443736.160,-1172296.040,357.930
-443737.100,-1172296.540,358.520
-443737.710,-1172296.990,358.900
-443737.830,-1172296.700,358.980
-443738.070,-1172296.090,359.200
-443738.310,-1172295.490,359.360
-443738.750,-1172295.450,359.570
-443730.330,-1172319.220,360.950
-443730.470,-1172319.930,360.980
-443730.370,-1172320.820,360.950
-443730.620,-1172320.210,361.060
-443730.730,-1172319.940,361.150
-443730.710,-1172321.250,361.060
-443730.830,-1172320.950,361.060
-443730.950,-1172320.630,361.180
-443731.200,-1172320.030,361.360
-443731.320,-1172319.710,361.420
-443731.440,-1172319.420,361.500
-443731.200,-1172320.810,361.360
-443732.010,-1172319.740,361.900
-443736.520,-1172325.730,358.320
-443736.740,-1172326.070,358.400
-443737.140,-1172325.810,358.670
-443737.970,-1172323.740,359.340
-443738.230,-1172324.320,359.410
-443738.700,-1172323.120,359.860
-443740.510,-1172321.150,361.270
-443740.930,-1172321.170,361.510
-443752.510,-1172295.090,358.300
-443779.110,-1172314.810,360.120
-443779.570,-1172313.640,360.370
-443785.420,-1172319.740,357.750
-443786.850,-1172318.410,358.730
-443787.200,-1172317.500,359.110
-443786.790,-1172317.590,358.850
-443787.410,-1172317.950,359.270
-443787.530,-1172317.650,359.240
-443787.880,-1172316.750,359.540
-443788.940,-1172316.070,360.330
-443788.140,-1172317.020,359.680
-443801.550,-1172312.300,356.430
-443801.780,-1172311.710,356.610
-443801.780,-1172312.550,356.460
-443807.570,-1172307.450,357.280
-443806.080,-1172310.280,358.080
-443812.730,-1172306.850,357.570
-443824.380,-1172308.780,355.640
-443824.900,-1172309.270,356.010
-443838.320,-1172333.600,371.040
-443700.890,-1172298.450,358.090
-443706.650,-1172318.920,360.470
-443704.440,-1172330.050,360.670
-443704.770,-1172334.020,360.420
-443705.010,-1172333.420,360.690
-443705.070,-1172334.220,360.590
-443705.090,-1172335.780,360.510
-443705.370,-1172337.030,360.680
-443718.010,-1172317.690,358.560
-443718.070,-1172318.110,358.640
-443718.180,-1172317.830,358.700
-443718.540,-1172318.040,358.860
-443718.480,-1172319.070,358.770
-443718.710,-1172319.640,358.820
-443796.570,-1172417.070,354.190
-443794.290,-1172413.750,353.450
-443792.460,-1172418.850,352.750
-443794.160,-1172418.740,353.320
-443794.640,-1172420.290,353.610
-443792.630,-1172421.990,352.720
-443792.740,-1172422.680,352.750
-443792.500,-1172422.880,352.590
-443792.600,-1172423.830,352.620
-443792.720,-1172424.110,352.710
-443794.060,-1172415.620,353.490
-443792.300,-1172417.110,352.730
-443792.290,-1172416.740,352.600
-443792.810,-1172413.000,352.940
-443790.100,-1172410.590,350.960
-443825.720,-1172336.310,348.570
-443825.680,-1172336.790,354.160
-443825.640,-1172354.280,347.220
-443826.730,-1172366.180,347.790
-443833.980,-1172395.040,353.900
-443833.960,-1172396.110,353.860
-443834.100,-1172398.860,353.870
-443769.060,-1172401.920,349.830
-443789.020,-1172399.690,350.940
-443712.350,-1172398.610,352.560
-443712.310,-1172396.480,352.570
-443823.780,-1172309.480,355.250
-443823.820,-1172309.030,355.280
-443823.950,-1172308.480,355.410
-443823.500,-1172308.470,355.130
-443796.410,-1172328.840,351.050
-443779.380,-1172319.230,351.910
-443765.430,-1172318.300,355.170
-443743.450,-1172336.310,353.410
-443765.290,-1172316.640,355.170
-443742.750,-1172333.970,353.230
-443756.870,-1172321.540,354.270
-443756.540,-1172319.980,354.220
-443830.310,-1172343.430,370.790
-443838.470,-1172336.940,371.160
-443838.470,-1172337.780,371.150
-443838.200,-1172339.620,370.750
-443838.530,-1172340.690,371.100
-443838.530,-1172349.200,370.810
-443838.890,-1172350.800,371.150
-443826.550,-1172361.270,365.350
-443826.700,-1172362.410,362.660
-443838.640,-1172352.640,370.800
-443826.640,-1172365.840,368.180
-443838.940,-1172355.840,371.110
-443838.950,-1172356.350,371.120
-443838.980,-1172357.760,371.100
-443839.170,-1172365.090,371.120
-443770.060,-1172424.640,361.670
-443833.330,-1172371.800,356.750
-443770.130,-1172427.020,361.600
-443833.270,-1172375.540,359.650
-443833.540,-1172375.810,359.650
-443833.640,-1172376.720,359.650
-443833.400,-1172376.920,359.640
-443833.490,-1172377.180,359.660
-443833.580,-1172378.450,359.750
-443833.420,-1172378.060,359.630
-443839.950,-1172414.120,374.840
-443850.030,-1172400.740,374.980
-443849.960,-1172399.960,374.930
-443835.560,-1172409.970,374.600
-443835.390,-1172406.300,374.490
-443849.660,-1172394.230,374.730
-443835.380,-1172404.890,374.640
-443849.640,-1172392.820,374.770
-443835.420,-1172404.430,374.670
-443835.190,-1172400.190,374.520
-443849.470,-1172388.100,374.810
-443849.570,-1172386.800,375.100
-443835.130,-1172397.520,374.700
-443834.320,-1172397.800,370.810
-443849.290,-1172384.010,374.720
-443835.090,-1172395.570,374.700
-443849.100,-1172377.820,374.740
-443849.180,-1172375.900,374.910
-443737.160,-1172293.970,358.730
-443736.660,-1172294.390,358.370
-443735.930,-1172295.000,357.870
-443736.010,-1172295.420,357.940
-443735.760,-1172295.620,357.780
-443738.330,-1172294.010,359.470
-443737.350,-1172294.820,358.820
-443737.090,-1172295.470,358.600
-443738.670,-1172294.760,359.630
-443736.220,-1172296.800,357.940
-443735.960,-1172297.020,357.760
-443737.640,-1172296.100,358.870
-443736.430,-1172297.110,358.050
-443738.160,-1172296.200,359.200
-443738.850,-1172295.950,359.740
-443738.620,-1172296.740,359.470
-443752.480,-1172294.940,358.360
-443731.120,-1172319.290,361.430
-443730.870,-1172320.030,361.190
-443730.620,-1172320.240,361.040
-443731.540,-1172319.830,361.690
-443731.850,-1172320.200,361.620
-443731.590,-1172320.420,361.660
-443731.350,-1172320.620,361.470
-443740.950,-1172321.170,361.600
-443739.970,-1172321.990,360.800
-443738.050,-1172323.840,359.440
-443736.490,-1172325.750,358.230
-443738.450,-1172324.100,359.640
-443738.000,-1172324.480,359.300
-443737.230,-1172325.130,358.780
-443736.980,-1172325.340,358.620
-443736.720,-1172325.560,358.440
-443778.940,-1172313.170,360.050
-443778.830,-1172314.210,359.930
-443779.670,-1172314.100,360.520
-443779.200,-1172314.510,360.300
-443778.970,-1172314.700,360.030
-443779.860,-1172314.430,360.610
-443779.630,-1172314.620,360.500
-443779.150,-1172315.030,360.060
-443780.620,-1172314.350,361.160
-443779.670,-1172315.150,360.430
-443779.210,-1172315.540,360.110
-443787.300,-1172317.620,359.160
-443786.950,-1172318.480,358.920
-443785.490,-1172319.720,357.900
-443785.260,-1172319.910,357.740
-443789.010,-1172316.170,360.420
-443785.470,-1172320.200,357.810
-443784.990,-1172320.610,357.490
-443801.580,-1172311.570,356.450
-443801.800,-1172311.840,356.560
-443801.730,-1172312.680,356.490
-443812.690,-1172306.450,357.510
-443812.760,-1172306.850,357.580
-443828.210,-1172306.780,357.080
-443824.750,-1172309.220,355.980
-443827.890,-1172307.500,356.870
-443838.330,-1172333.060,371.130
-443699.010,-1172299.590,357.010
-443700.740,-1172298.620,358.130
-443704.280,-1172327.710,360.730
-443717.660,-1172318.010,358.360
-443718.000,-1172318.190,358.580
-443718.470,-1172318.490,358.850
-443718.640,-1172318.840,358.880
-443718.390,-1172319.040,358.730
-443704.830,-1172332.240,360.560
-443796.510,-1172415.290,354.070
-443794.890,-1172421.100,353.440
-443794.740,-1172421.490,353.380
-443824.110,-1172309.820,355.260
-443823.960,-1172310.180,355.130
-443823.810,-1172309.280,355.110
-443823.650,-1172308.370,355.120
-443823.520,-1172308.710,355.140
-443851.680,-1172418.790,359.870
-443850.070,-1172411.930,374.100
-443849.810,-1172403.290,374.120
-443838.650,-1172417.540,374.160
-443849.140,-1172371.520,374.660
-443839.030,-1172362.390,370.620
-443838.810,-1172350.680,371.100
-443838.690,-1172347.810,371.100
-443830.740,-1172361.150,370.580
-443838.320,-1172339.630,370.680
-443838.260,-1172338.120,370.650
-443770.150,-1172425.350,361.520
-443828.030,-1172307.450,356.880
-443774.890,-1172291.320,359.150
-443741.060,-1172321.090,361.490
-443740.470,-1172320.700,361.250
-443740.100,-1172321.570,360.690
-443738.880,-1172323.290,359.810
-443738.390,-1172324.460,359.350
-443737.060,-1172325.110,358.460
-443736.900,-1172325.500,358.310
-443731.490,-1172320.600,361.330
-443730.780,-1172320.290,361.060
-443730.760,-1172319.640,361.000
-443738.690,-1172295.450,359.400
-443738.340,-1172296.300,359.030
-443738.140,-1172293.990,359.260
-443738.400,-1172294.330,359.270
-443738.080,-1172295.100,358.930
-443737.600,-1172296.250,358.580
-443737.270,-1172297.050,358.300
-443737.630,-1172293.450,358.950
-443736.180,-1172296.950,357.860
-443737.080,-1172295.900,358.300
-443736.770,-1172296.650,358.060
-443736.700,-1172294.480,358.250
-443736.540,-1172294.870,358.140
-443736.260,-1172294.900,357.820
-443719.060,-1172319.470,358.830
-443718.900,-1172319.850,358.780
-443718.290,-1172318.090,358.460
-443718.180,-1172318.870,358.510
-443718.020,-1172317.690,358.530
-443704.740,-1172329.600,360.600
-443826.800,-1172440.460,351.340
-443850.880,-1172416.110,348.500
-443851.450,-1172415.610,349.480
-443794.840,-1172421.760,353.450
-443794.920,-1172421.300,353.450
-443796.420,-1172419.040,354.010
-443795.250,-1172418.890,353.640
-443796.610,-1172417.260,354.130
-443794.590,-1172417.620,353.360
-443793.940,-1172418.930,353.160
-443792.470,-1172418.550,352.710
-443794.090,-1172417.100,353.240
-443793.620,-1172413.910,353.150
-443793.540,-1172414.400,353.080
-443711.910,-1172398.620,352.120
-443743.290,-1172338.050,353.230
-443756.920,-1172321.530,354.270
-443756.700,-1172319.940,354.270
-443850.530,-1172424.780,374.200
-443851.670,-1172419.020,359.980
-443850.910,-1172418.360,359.800
-443851.170,-1172418.130,359.750
-443850.680,-1172408.160,362.570
-443850.400,-1172408.060,362.630
-443850.500,-1172405.140,359.720
-443838.650,-1172415.410,374.120
-443849.190,-1172375.700,374.920
-443849.250,-1172373.600,374.970
-443839.000,-1172365.740,370.700
-443838.870,-1172360.680,370.710
-443835.710,-1172356.260,370.690
-443838.750,-1172345.510,371.040
-443838.460,-1172345.260,370.700
-443838.620,-1172343.350,371.020
-443838.450,-1172336.720,371.010
-443838.160,-1172335.650,370.680
-443828.070,-1172307.190,356.840
-443802.020,-1172311.740,356.600
-443802.800,-1172311.510,357.310
-443801.730,-1172311.650,356.530
-443789.040,-1172316.100,360.400
-443786.190,-1172319.160,358.220
-443786.520,-1172318.860,358.450
-443786.840,-1172318.570,358.660
-443787.110,-1172317.410,358.940
-443786.320,-1172318.570,358.440
-443786.650,-1172318.270,358.660
-443788.550,-1172315.710,360.040
-443779.300,-1172315.100,360.050
-443779.650,-1172314.780,360.300
-443779.120,-1172314.840,360.000
-443779.790,-1172314.230,360.440
-443779.440,-1172313.630,360.270
-443779.000,-1172313.380,360.010
-443779.290,-1172313.380,360.170
-443736.960,-1172326.110,358.380
-443736.670,-1172325.570,358.310
-443741.070,-1172321.190,361.510
-443730.780,-1172321.320,360.970
-443730.700,-1172320.240,360.960
-443730.580,-1172318.970,360.980
-443738.140,-1172296.550,359.040
-443737.120,-1172297.110,358.320
-443738.180,-1172296.130,359.080
-443738.840,-1172295.520,359.540
-443737.390,-1172296.400,358.600
-443738.420,-1172295.450,359.320
-443736.600,-1172296.150,358.140
-443736.940,-1172295.850,358.390
-443738.270,-1172294.620,359.320
-443736.230,-1172296.100,357.840
-443738.240,-1172294.240,359.260
-443735.960,-1172295.780,357.740
-443736.650,-1172295.150,358.170
-443738.380,-1172293.550,359.420
-443736.400,-1172294.820,358.010
-443717.950,-1172318.380,358.360
-443717.510,-1172317.410,358.230
-443699.140,-1172299.600,357.010
-443827.010,-1172436.500,351.540
-443794.790,-1172416.480,353.580
-443794.770,-1172415.160,353.580
-443795.550,-1172415.250,353.860
-443796.600,-1172415.050,354.200
-443796.020,-1172420.390,353.900
-443796.580,-1172417.130,354.170
-443796.450,-1172417.480,354.160
-443795.740,-1172419.350,353.830
-443792.460,-1172416.940,352.700
-443792.650,-1172418.550,352.780
-443794.040,-1172417.060,353.300
-443792.740,-1172422.670,352.750
-443792.720,-1172421.950,352.700
-443794.760,-1172419.910,353.490
-443834.190,-1172397.160,353.920
-443834.200,-1172398.050,353.910
-443833.940,-1172398.710,353.890
-443833.870,-1172396.100,353.900
-443833.910,-1172393.650,353.870
-443833.960,-1172395.060,353.930
-443834.020,-1172389.170,353.970
-443833.900,-1172389.480,353.870
-443833.440,-1172388.010,353.820
-443833.930,-1172386.190,353.930
-443833.540,-1172372.560,354.000
-443833.320,-1172372.210,353.950
-443826.200,-1172335.920,348.650
-443826.080,-1172336.250,348.600
-443826.130,-1172350.830,351.360
-443823.960,-1172310.130,355.240
-443823.500,-1172308.410,355.100
-443802.460,-1172316.100,351.060
-443802.380,-1172315.400,350.980
-443743.190,-1172337.350,353.140
-443756.900,-1172321.690,354.320
-443764.770,-1172312.350,355.170
-443765.410,-1172317.990,355.210
-443765.290,-1172318.330,355.120
-443765.470,-1172318.510,355.300
-443765.480,-1172320.380,355.300
-443718.180,-1172337.620,352.980
-443704.620,-1172327.190,352.680
-443850.450,-1172421.810,374.240
-443850.560,-1172420.060,374.240
-443850.080,-1172412.220,374.220
-443847.760,-1172418.250,374.180
-443853.060,-1172403.820,374.680
-443848.650,-1172408.580,374.300
-443849.830,-1172403.620,374.150
-443849.920,-1172400.590,374.740
-443836.420,-1172429.360,373.940
-443836.440,-1172428.380,373.950
-443836.420,-1172425.850,374.030
-443836.440,-1172423.730,374.030
-443839.700,-1172413.960,374.770
-443849.540,-1172388.280,374.710
-443834.910,-1172423.900,359.620
-443835.870,-1172415.170,374.020
-443835.880,-1172414.840,373.860
-443849.090,-1172377.400,374.690
-443835.660,-1172411.660,374.620
-443835.540,-1172411.980,374.590
-443835.020,-1172409.900,363.680
-443835.450,-1172404.450,374.690
-443834.860,-1172405.930,369.050
-443834.480,-1172402.120,363.590
-443835.150,-1172399.700,374.830
-443835.150,-1172397.900,374.740
-443834.640,-1172398.590,370.930
-443834.580,-1172398.700,365.350
-443842.810,-1172377.880,374.710
-443834.440,-1172397.540,365.510
-443834.520,-1172397.390,370.990
-443834.300,-1172397.030,370.840
-443834.310,-1172396.920,362.380
-443834.370,-1172394.890,362.530
-443834.250,-1172395.200,362.410
-443834.320,-1172394.190,362.450
-443834.670,-1172393.270,362.640
-443834.650,-1172389.700,374.620
-443839.300,-1172366.020,371.080
-443834.770,-1172377.940,373.930
-443839.240,-1172362.440,371.110
-443838.930,-1172362.420,370.730
-443833.440,-1172372.850,356.800
-443833.580,-1172371.550,356.910
-443838.630,-1172354.240,370.720
-443838.630,-1172351.070,370.790
-443838.800,-1172348.150,371.110
-443835.700,-1172356.310,370.690
-443838.700,-1172344.250,371.060
-443838.670,-1172342.820,371.070
-443838.210,-1172343.360,370.700
-443826.870,-1172365.380,368.160
-443826.490,-1172354.810,368.130
-443826.480,-1172354.800,365.320
-443826.450,-1172354.860,362.540
-443826.780,-1172353.910,356.960
-443826.650,-1172354.250,356.960
-443826.330,-1172354.180,356.950
-443828.720,-1172338.930,370.630
-443829.970,-1172336.420,370.830
-443826.330,-1172335.810,368.220
-443826.310,-1172335.820,365.460
-443770.220,-1172425.510,361.740
-443770.100,-1172425.810,361.580
-443770.200,-1172424.940,361.720
-443770.080,-1172425.270,361.650
-443734.140,-1172435.520,360.760
-443826.010,-1172332.650,362.590
-443828.090,-1172307.490,356.850
-443824.250,-1172308.660,355.580
-443802.040,-1172311.720,356.570
-443779.730,-1172313.980,360.550
-443779.260,-1172315.260,360.110
-443779.130,-1172315.600,360.080
-443737.220,-1172325.280,358.730
-443736.590,-1172325.720,358.250
-443743.440,-1172290.730,360.130
-443731.150,-1172320.720,361.250
-443731.020,-1172321.070,361.200
-443730.780,-1172320.330,361.080
-443738.950,-1172296.860,359.570
-443730.570,-1172319.840,360.980
-443730.450,-1172320.150,360.950
-443738.650,-1172295.230,359.500
-443738.540,-1172295.530,359.450
-443738.910,-1172295.390,359.690
-443738.570,-1172293.530,359.570
-443738.450,-1172293.860,359.510
-443738.340,-1172294.150,359.380
-443738.220,-1172294.490,359.320
-443738.100,-1172294.820,359.210
-443737.750,-1172295.760,358.900
-443737.640,-1172296.070,358.820
-443737.540,-1172294.520,358.790
-443737.070,-1172295.800,358.470
-443736.360,-1172295.700,358.040
-443736.020,-1172296.610,357.780
-443736.190,-1172297.020,357.860
-443718.280,-1172318.110,358.610
-443718.050,-1172318.730,358.500
-443717.960,-1172317.980,358.480
-443717.630,-1172318.020,358.280
-443717.230,-1172317.070,358.160
-443717.120,-1172317.370,358.090
-443705.260,-1172336.980,360.670
-443707.640,-1172329.240,360.920
-443704.240,-1172326.250,360.620
-443701.550,-1172296.470,358.080
-443826.910,-1172440.390,351.490
-443826.840,-1172437.690,351.530
-443835.150,-1172422.250,348.580
-443834.750,-1172410.680,351.310
-443796.340,-1172419.470,354.070
-443794.570,-1172420.540,353.390
-443796.350,-1172419.090,354.050
-443796.580,-1172418.900,354.160
-443796.680,-1172417.080,354.280
-443796.480,-1172415.130,354.160
-443794.660,-1172415.040,353.530
-443792.770,-1172423.830,352.700
-443792.630,-1172423.640,352.570
-443793.610,-1172422.840,353.060
-443792.680,-1172422.900,352.630
-443793.160,-1172422.070,350.400
-443793.140,-1172421.710,350.420
-443792.810,-1172421.980,352.790
-443792.600,-1172421.290,352.630
-443793.070,-1172419.150,350.430
-443792.860,-1172418.850,350.040
-443792.840,-1172418.470,350.000
-443792.440,-1172418.790,352.650
-443793.200,-1172417.810,353.000
-443733.190,-1172408.730,349.520
-443792.390,-1172416.890,352.690
-443793.880,-1172415.670,353.260
-443792.400,-1172418.000,352.600
-443792.780,-1172417.700,349.960
-443834.240,-1172398.770,353.910
-443834.120,-1172397.120,353.920
-443833.890,-1172395.210,353.890
-443834.130,-1172395.010,353.970
-443833.830,-1172389.690,353.870
-443834.050,-1172389.510,354.070
-443833.920,-1172389.890,353.890
-443833.770,-1172389.330,353.870
-443834.020,-1172389.120,354.040
-443833.890,-1172387.570,353.930
-443825.830,-1172336.040,348.560
-443825.870,-1172336.390,348.560
-443826.140,-1172336.160,354.250
-443825.990,-1172336.720,354.150
-443826.220,-1172336.530,354.380
-443826.060,-1172336.970,354.200
-443826.240,-1172352.060,347.140
-443826.630,-1172363.880,347.420
-443825.950,-1172333.120,354.380
-443823.560,-1172308.530,355.130
-443809.520,-1172317.450,352.030
-443802.410,-1172316.450,350.970
-443764.730,-1172312.350,355.240
-443743.200,-1172337.180,353.050
-443765.570,-1172320.420,355.160
-443763.820,-1172322.330,352.490
-443850.660,-1172430.180,374.240
-443850.520,-1172428.100,374.210
-443840.290,-1172428.160,374.830
-443836.280,-1172427.370,374.110
-443835.440,-1172426.290,358.680
-443850.060,-1172411.020,374.240
-443836.140,-1172423.010,374.090
-443835.640,-1172423.020,369.410
-443839.960,-1172414.280,374.800
-443845.730,-1172407.460,374.200
-443849.860,-1172404.040,374.240
-443849.850,-1172403.590,374.220
-443835.780,-1172413.860,373.980
-443849.950,-1172399.990,374.860
-443835.660,-1172411.320,374.070
-443849.980,-1172398.090,374.920
-443834.790,-1172409.900,363.580
-443834.570,-1172408.080,365.210
-443834.930,-1172406.220,369.050
-443834.710,-1172406.110,368.990
-443835.440,-1172404.800,374.470
-443849.630,-1172392.630,374.690
-443834.790,-1172404.390,363.700
-443835.270,-1172400.840,374.560
-443834.380,-1172397.850,370.860
-443834.180,-1172397.600,365.210
-443834.260,-1172397.530,370.820
-443834.290,-1172396.980,362.410
-443834.370,-1172396.910,370.940
-443849.250,-1172383.070,374.720
-443834.230,-1172395.380,362.440
-443834.300,-1172394.050,362.690
-443834.650,-1172393.250,362.630
-443834.580,-1172393.300,369.660
-443834.120,-1172394.200,362.360
-443834.130,-1172393.240,362.380
-443849.100,-1172377.470,374.680
-443849.200,-1172377.110,374.740
-443833.790,-1172387.170,370.800
-443833.930,-1172386.250,370.920
-443833.780,-1172385.920,370.850
-443848.820,-1172372.770,374.350
-443834.700,-1172380.150,373.960
-443770.550,-1172430.160,361.830
-443770.460,-1172429.230,361.820
-443833.600,-1172377.750,359.690
-443833.540,-1172377.200,359.670
-443833.440,-1172376.830,359.570
-443833.670,-1172376.650,359.820
-443833.380,-1172375.710,359.590
-443833.580,-1172375.550,359.790
-443833.450,-1172373.390,356.830
-443833.400,-1172372.800,356.750
-443833.460,-1172371.860,356.910
-443838.760,-1172358.450,370.780
-443838.980,-1172356.870,371.100
-443838.980,-1172356.340,371.100
-443826.920,-1172365.810,368.220
-443827.010,-1172365.330,368.270
-443826.820,-1172364.840,359.810
-443838.600,-1172354.640,370.740
-443835.660,-1172356.470,370.740
-443838.590,-1172352.360,370.740
-443838.560,-1172351.790,370.740
-443838.500,-1172349.410,370.730
-443830.670,-1172354.230,370.890
-443826.720,-1172355.030,362.660
-443826.500,-1172354.850,362.580
-443826.500,-1172354.850,365.380
-443838.220,-1172339.520,370.760
-443838.160,-1172335.680,370.780
-443838.140,-1172333.880,370.830
-443826.490,-1172342.950,368.370
-443829.970,-1172335.950,370.620
-443826.320,-1172336.750,357.040
-443826.280,-1172333.450,357.080
-443824.370,-1172308.800,355.690
-443824.680,-1172309.130,355.880
-443812.520,-1172306.920,357.340
-443812.530,-1172306.390,357.390
-443801.690,-1172312.280,356.460
-443807.950,-1172307.060,357.680
-443801.820,-1172311.660,356.550
-443785.550,-1172319.740,357.880
-443786.970,-1172318.550,358.850
-443786.590,-1172318.250,358.640
-443787.290,-1172317.660,359.130
-443787.520,-1172317.470,359.320
-443789.170,-1172314.950,360.710
-443779.160,-1172315.010,360.040
-443779.620,-1172314.620,360.390
-443778.860,-1172314.190,359.890
-443779.540,-1172313.620,360.430
-443778.960,-1172314.650,359.960
-443779.210,-1172313.320,360.220
-443736.800,-1172325.820,358.440
-443737.230,-1172324.880,358.770
-443737.930,-1172324.290,359.240
-443738.580,-1172323.110,359.800
-443739.510,-1172322.310,360.420
-443730.620,-1172321.470,360.930
-443731.070,-1172321.080,361.270
-443731.120,-1172320.500,361.300
-443730.670,-1172320.310,361.020
-443730.900,-1172320.120,361.200
-443738.620,-1172296.800,359.450
-443737.550,-1172297.140,358.730
-443736.930,-1172297.100,358.320
-443738.110,-1172296.090,359.140
-443738.790,-1172295.510,359.630
-443737.460,-1172295.870,358.730
-443737.700,-1172295.660,358.900
-443742.750,-1172291.320,359.870
-443736.570,-1172295.360,358.240
-443736.790,-1172295.170,358.380
-443737.270,-1172294.760,358.720
-443737.940,-1172294.180,359.240
-443738.400,-1172293.790,359.540
-443738.640,-1172293.580,359.720
-443736.020,-1172295.310,357.880
-443737.850,-1172293.730,359.160
-443738.540,-1172293.140,359.650
-443736.700,-1172294.070,358.360
-443705.300,-1172336.000,360.600
-443705.250,-1172335.440,360.500
-443719.020,-1172320.060,359.050
-443718.020,-1172318.510,358.520
-443718.390,-1172318.860,358.730
-443717.600,-1172317.610,358.340
-443716.980,-1172316.960,358.040
-443698.930,-1172299.430,356.800
-443700.350,-1172298.780,357.800
-443700.590,-1172296.860,357.410
