-443850.540,-1172382.200,373.770
-443850.300,-1172374.890,374.270
-443850.600,-1172371.500,373.790
-443838.700,-1172379.970,380.900
-443741.130,-1172293.370,358.410
-443761.760,-1172291.190,356.960
-443761.900,-1172292.990,356.140
-443789.730,-1172315.890,360.300
-443790.380,-1172315.400,359.990
-443702.140,-1172300.060,357.090
-443702.620,-1172298.880,356.990
-443702.850,-1172298.310,356.980
-443696.860,-1172324.960,361.120
-443699.330,-1172320.660,360.680
-443699.820,-1172319.470,360.530
-443699.940,-1172319.160,360.630
-443700.050,-1172318.880,360.600
-443700.290,-1172318.300,360.550
-443700.410,-1172318.010,360.650
-443697.630,-1172326.680,360.500
-443698.230,-1172324.340,360.680
-443699.810,-1172320.450,360.530
-443697.390,-1172325.460,360.840
-443795.360,-1172290.750,355.430
-443849.930,-1172385.940,375.080
-443761.590,-1172291.060,357.040
-443761.920,-1172293.110,356.060
-443748.520,-1172318.530,359.580
-443793.150,-1172317.630,358.330
-443815.560,-1172309.500,358.140
-443820.160,-1172310.440,356.940
-443702.470,-1172297.730,357.400
-443702.850,-1172298.030,357.060
-443701.800,-1172299.350,357.570
-443702.520,-1172299.640,356.970
-443702.270,-1172299.850,357.090
-443702.030,-1172300.060,357.220
-443702.420,-1172300.170,356.920
-443702.180,-1172300.380,357.010
-443700.040,-1172318.640,360.630
-443699.800,-1172318.830,360.820
-443699.860,-1172319.500,360.590
-443699.750,-1172319.270,360.770
-443699.200,-1172320.910,360.760
-443698.160,-1172324.220,360.670
-443698.390,-1172323.770,360.660
-443697.540,-1172326.440,360.540
-443725.830,-1172320.880,358.650
-443697.340,-1172326.410,360.790
-443696.990,-1172328.040,360.780
-443700.030,-1172318.640,360.770
-443698.920,-1172321.370,360.910
-443698.340,-1172322.800,360.830
-443697.510,-1172321.110,361.570
-443697.300,-1172322.110,361.500
-443697.380,-1172322.770,361.330
-443698.750,-1172320.080,361.170
-443701.740,-1172298.830,357.890
-443701.820,-1172297.320,358.210
-443754.000,-1172396.900,349.800
-443795.490,-1172290.750,355.400
-443851.040,-1172396.190,374.240
-443841.900,-1172400.580,374.770
-443850.860,-1172379.160,373.480
-443851.010,-1172372.020,373.730
-443839.920,-1172333.750,370.100
-443820.160,-1172310.440,357.000
-443815.350,-1172309.400,358.330
-443774.960,-1172315.530,361.300
-443697.920,-1172325.900,360.410
-443698.360,-1172323.780,360.640
-443699.790,-1172320.400,360.500
-443699.020,-1172321.740,360.710
-443699.950,-1172318.860,360.750
-443700.390,-1172318.460,360.420
-443699.500,-1172319.800,360.790
-443699.760,-1172319.560,360.760
-443702.270,-1172300.330,357.010
-443702.500,-1172300.110,356.910
-443702.030,-1172300.040,357.290
-443702.270,-1172299.820,357.180
-443702.490,-1172299.610,357.070
-443701.590,-1172299.000,357.910
-443702.780,-1172297.910,357.250
-443851.500,-1172392.660,374.690
-443741.890,-1172293.840,358.050
-443697.420,-1172326.400,360.700
-443697.300,-1172326.710,360.700
-443697.060,-1172327.380,360.690
-443698.280,-1172322.670,360.840
-443699.680,-1172319.420,360.710
-443700.710,-1172317.520,360.520
-443699.950,-1172319.580,360.550
-443699.180,-1172321.640,360.620
-443698.170,-1172324.370,360.620
-443698.620,-1172318.910,361.310
-443754.650,-1172329.600,355.100
-443815.300,-1172309.310,358.380
-443748.620,-1172318.450,359.500
-443697.430,-1172326.570,360.700
-443698.140,-1172324.200,360.700
-443697.840,-1172325.720,360.550
-443699.280,-1172321.580,360.580
-443699.620,-1172319.650,360.760
-443697.670,-1172321.810,361.350
-443700.560,-1172317.520,360.670
-443699.090,-1172319.360,361.090
-443700.270,-1172318.350,360.710
-443700.580,-1172318.080,360.580
-443702.230,-1172300.140,357.050
-443702.540,-1172299.860,356.920
-443701.650,-1172298.930,357.880
