-443785.310,-1172419.110,349.940
-443733.300,-1172403.600,350.510
-443744.540,-1172390.170,349.260
-443708.150,-1172401.640,352.150
-443838.220,-1172321.310,349.010
-443838.630,-1172319.550,348.970
-443837.290,-1172320.530,349.160
-443721.980,-1172329.420,352.600
-443722.480,-1172330.170,352.420
-443772.630,-1172323.000,352.140
-443718.680,-1172333.580,353.090
-443718.340,-1172330.230,353.040
-443700.750,-1172318.240,351.420
-443734.020,-1172429.400,361.810
-443826.660,-1172352.380,371.080
-443849.990,-1172416.410,374.140
-443834.670,-1172374.520,374.730
-443829.180,-1172385.670,377.650
-443839.810,-1172339.210,370.400
-443711.180,-1172334.640,361.010
-443802.340,-1172381.010,348.240
-443708.610,-1172401.790,352.100
-443837.040,-1172321.980,349.240
-443744.690,-1172334.010,353.120
-443722.450,-1172330.910,352.470
-443721.710,-1172331.140,352.600
-443721.950,-1172329.380,352.570
-443720.250,-1172333.410,352.780
-443719.980,-1172330.140,352.870
-443849.800,-1172418.230,374.310
-443848.880,-1172398.700,374.280
-443835.940,-1172398.680,374.390
-443709.970,-1172327.940,361.070
-443802.320,-1172435.220,351.550
-443777.050,-1172419.120,353.450
-443834.850,-1172322.440,349.460
-443722.990,-1172330.010,352.370
-443722.540,-1172333.220,352.540
-443719.880,-1172334.620,352.870
-443852.250,-1172426.910,357.980
-443852.110,-1172421.800,373.740
-443840.950,-1172411.280,374.030
-443840.380,-1172357.390,370.450
-443839.790,-1172339.200,370.400
-443826.630,-1172352.400,371.070
-443734.090,-1172422.930,361.770
-443756.880,-1172292.560,359.170
-443714.520,-1172329.040,360.720
-443744.570,-1172390.220,349.200
-443721.440,-1172329.570,352.600
-443719.360,-1172334.930,352.960
-443719.580,-1172333.100,352.930
-443720.170,-1172331.480,352.840
-443719.580,-1172331.280,352.910
-443850.190,-1172428.050,374.150
-443849.930,-1172418.300,374.260
-443850.440,-1172414.090,374.710
-443840.760,-1172422.620,374.140
-443711.890,-1172334.710,360.930
-443712.110,-1172327.590,360.900
-443802.400,-1172435.250,351.560
-443708.110,-1172401.590,352.170
-443747.030,-1172337.910,352.970
-443851.450,-1172408.650,373.730
-443842.430,-1172429.940,374.130
-443835.230,-1172415.220,371.060
-443826.970,-1172348.830,370.690
-443710.530,-1172326.670,360.550
-443797.030,-1172417.200,354.320
-443797.510,-1172407.660,351.980
-443773.230,-1172412.440,353.640
-443733.290,-1172407.760,350.540
-443720.340,-1172339.770,352.930
-443719.390,-1172333.390,352.990
-443842.430,-1172429.970,374.210
-443851.470,-1172414.690,373.810
-443840.800,-1172422.700,374.170
-443833.120,-1172418.940,377.540
-443835.520,-1172415.470,371.080
-443839.360,-1172385.160,377.570
-443829.880,-1172363.390,370.690
-443831.780,-1172354.360,370.620
