-443823.240,-1172303.770,352.120
-443822.810,-1172303.630,351.980
-443804.160,-1172307.560,354.870
-443722.710,-1172314.850,355.030
-443712.090,-1172290.980,355.520
-443720.090,-1172291.290,356.260
-443719.920,-1172294.330,358.140
-443720.500,-1172315.190,357.410
-443720.690,-1172320.610,358.960
-443741.270,-1172291.130,359.670
-443734.630,-1172313.240,358.010
-443734.000,-1172317.240,360.500
-443740.720,-1172316.830,360.810
-443765.730,-1172311.150,358.870
-443768.300,-1172314.830,361.350
-443768.560,-1172315.350,361.700
-443788.580,-1172308.060,357.810
-443794.320,-1172308.780,358.490
-443801.860,-1172310.210,356.400
-443814.890,-1172305.810,356.500
-443830.550,-1172304.600,355.800
-443832.400,-1172304.040,355.800
-443713.180,-1172293.500,357.130
-443715.430,-1172292.800,356.830
-443714.860,-1172292.020,356.360
-443716.640,-1172294.210,357.800
-443717.380,-1172293.190,357.190
-443827.800,-1172307.140,354.960
-443826.920,-1172304.700,353.090
-443831.550,-1172367.010,371.110
-443838.750,-1172366.770,371.090
-443845.080,-1172432.080,374.360
-443720.250,-1172292.850,357.280
-443739.290,-1172297.140,360.010
-443736.470,-1172317.960,361.080
-443748.250,-1172325.050,355.790
-443765.330,-1172315.310,361.580
-443786.200,-1172310.670,359.390
-443786.880,-1172311.060,359.540
-443788.720,-1172310.910,359.630
-443788.860,-1172311.470,360.030
-443794.920,-1172306.810,357.470
-443795.300,-1172308.720,358.630
-443796.430,-1172308.630,358.650
-443824.750,-1172308.660,355.830
-443832.610,-1172305.460,356.840
-443710.490,-1172291.680,355.840
-443711.410,-1172291.790,356.030
-443713.740,-1172291.540,356.050
-443718.270,-1172292.310,356.840
-443716.450,-1172316.210,357.760
-443714.940,-1172326.350,360.650
-443827.860,-1172366.960,370.760
-443801.890,-1172310.250,356.450
-443797.060,-1172311.860,360.630
-443796.720,-1172309.250,358.980
-443788.850,-1172311.790,360.040
-443786.090,-1172310.730,359.270
-443766.450,-1172312.800,359.870
-443770.560,-1172293.890,359.010
-443740.330,-1172317.270,360.930
-443739.940,-1172317.230,360.870
-443740.330,-1172315.690,359.920
-443740.210,-1172315.980,360.080
-443718.470,-1172317.640,358.700
-443718.660,-1172317.700,358.770
-443711.960,-1172316.720,357.580
-443717.880,-1172291.400,356.090
-443717.330,-1172292.770,356.940
-443717.220,-1172293.060,357.050
-443716.100,-1172294.390,357.820
-443713.330,-1172294.380,357.550
-443712.990,-1172293.360,357.010
-443831.160,-1172303.030,354.800
-443826.970,-1172304.700,353.020
-443727.100,-1172318.340,354.580
-443702.050,-1172290.800,354.080
-443834.150,-1172304.570,356.090
-443824.610,-1172308.460,355.580
-443813.020,-1172307.560,357.700
-443795.870,-1172307.500,357.830
-443796.360,-1172307.060,357.640
-443788.890,-1172311.820,360.150
-443790.440,-1172309.360,358.630
-443768.380,-1172315.150,361.550
-443748.330,-1172324.990,355.640
-443740.490,-1172318.410,361.690
-443740.220,-1172314.150,358.980
-443741.150,-1172312.730,358.090
-443735.520,-1172313.390,358.110
-443739.300,-1172297.340,360.030
-443738.640,-1172291.640,359.720
-443720.500,-1172292.920,357.290
-443712.110,-1172321.580,362.070
-443713.930,-1172291.550,355.970
-443711.530,-1172291.770,355.950
-443827.840,-1172304.200,352.550
-443841.110,-1172399.900,374.690
-443792.050,-1172311.570,360.250
-443766.710,-1172294.210,359.150
-443743.590,-1172313.710,358.990
-443737.640,-1172315.550,359.970
-443730.370,-1172316.690,359.990
-443720.290,-1172292.920,357.200
-443715.840,-1172319.780,361.030
-443705.330,-1172316.900,357.710
-443715.390,-1172293.560,357.370
-443827.910,-1172366.860,370.800
-443788.720,-1172311.010,359.620
-443792.040,-1172308.240,358.040
-443788.610,-1172309.290,358.620
-443785.080,-1172310.810,359.440
-443788.410,-1172308.020,357.800
-443769.020,-1172314.860,361.380
-443765.400,-1172315.280,361.530
-443740.170,-1172313.350,358.560
-443734.700,-1172318.000,361.120
-443737.380,-1172313.160,358.150
-443731.770,-1172316.240,359.750
-443712.350,-1172321.510,362.170
-443712.100,-1172315.840,360.140
-443716.450,-1172294.050,357.750
