-443841.550,-1172306.290,355.290
-443727.830,-1172293.890,355.510
-443750.240,-1172334.750,352.290
-443756.870,-1172328.900,353.660
-443757.460,-1172328.600,353.490
-443842.600,-1172415.400,374.240
-443851.310,-1172393.220,373.900
-443838.610,-1172366.790,371.060
-443827.590,-1172366.960,370.790
-443827.310,-1172367.010,371.060
-443721.850,-1172291.700,357.680
-443722.410,-1172318.070,357.340
-443723.220,-1172318.960,358.110
-443726.200,-1172315.560,355.840
-443726.310,-1172315.270,355.620
-443731.580,-1172315.260,359.090
-443733.460,-1172317.720,360.870
-443747.480,-1172314.690,359.820
-443774.240,-1172314.660,361.670
-443775.100,-1172313.480,360.830
-443788.920,-1172308.210,357.960
-443789.040,-1172307.890,357.650
-443789.090,-1172309.360,358.580
-443789.210,-1172309.060,358.390
-443789.170,-1172310.190,359.160
-443789.420,-1172311.870,360.180
-443811.180,-1172308.650,358.410
-443820.490,-1172307.510,355.690
-443820.480,-1172308.420,356.510
-443830.960,-1172305.310,356.400
-443840.880,-1172307.190,355.860
-443698.990,-1172292.910,357.150
-443700.530,-1172293.370,357.060
-443700.350,-1172294.760,358.410
-443700.510,-1172294.920,358.480
-443702.440,-1172295.460,358.400
-443703.280,-1172294.310,357.080
-443703.580,-1172295.630,358.250
-443704.180,-1172296.020,358.430
-443704.670,-1172294.820,357.110
-443703.830,-1172295.880,358.340
-443696.700,-1172315.610,360.720
-443696.820,-1172315.320,360.500
-443697.390,-1172315.720,360.450
-443697.050,-1172315.790,360.640
-443697.160,-1172315.510,360.460
-443699.030,-1172316.390,360.510
-443698.700,-1172316.190,360.490
-443699.560,-1172316.140,360.460
-443700.230,-1172316.620,360.520
-443706.080,-1172316.910,357.580
-443705.760,-1172316.730,357.580
-443705.810,-1172320.990,361.250
-443711.220,-1172321.470,361.950
-443715.250,-1172318.100,359.460
-443712.500,-1172331.350,361.000
-443785.140,-1172417.830,349.850
-443731.660,-1172398.510,351.980
-443834.900,-1172317.400,349.150
-443842.030,-1172305.640,354.890
-443804.770,-1172307.240,354.550
-443726.380,-1172315.120,355.580
-443756.930,-1172328.800,353.650
-443719.720,-1172328.840,352.630
-443717.710,-1172328.850,352.780
-443707.150,-1172292.830,354.710
-443831.060,-1172342.800,370.800
-443735.050,-1172291.030,358.960
-443722.460,-1172317.490,357.040
-443726.190,-1172315.560,355.900
-443725.310,-1172319.520,358.760
-443724.820,-1172319.930,359.110
-443732.970,-1172314.270,358.550
-443764.660,-1172310.820,358.740
-443764.650,-1172311.220,358.980
-443775.050,-1172309.640,358.640
-443788.930,-1172308.360,358.000
-443789.150,-1172309.140,358.450
-443789.250,-1172309.420,358.660
-443789.010,-1172309.620,358.910
-443789.220,-1172310.490,359.410
-443789.310,-1172310.840,359.540
-443789.110,-1172311.250,360.040
-443789.240,-1172311.610,360.140
-443789.380,-1172311.910,360.320
-443811.050,-1172305.880,356.280
-443811.170,-1172308.580,358.440
-443819.360,-1172309.670,357.490
-443830.160,-1172304.630,355.890
-443832.760,-1172306.160,357.300
-443833.070,-1172305.440,356.750
-443840.980,-1172307.040,355.840
-443697.310,-1172290.960,358.270
-443697.350,-1172291.930,359.000
-443699.020,-1172292.880,357.200
-443699.470,-1172293.010,357.130
-443700.150,-1172293.960,357.850
-443701.180,-1172293.550,357.120
-443700.430,-1172294.170,357.900
-443700.290,-1172294.840,358.530
-443701.300,-1172295.160,358.530
-443703.070,-1172294.200,357.130
-443704.030,-1172294.560,357.210
-443703.480,-1172295.500,358.200
-443703.900,-1172296.000,358.490
-443703.940,-1172295.500,358.050
-443703.470,-1172295.890,358.510
-443705.240,-1172296.490,358.520
-443717.100,-1172291.380,356.130
-443696.870,-1172315.480,360.550
-443696.650,-1172315.210,360.540
-443697.740,-1172315.650,360.510
-443698.510,-1172316.180,360.650
-443700.220,-1172316.620,360.780
-443705.800,-1172322.190,362.360
-443711.190,-1172321.490,362.040
-443837.350,-1172303.430,352.930
-443829.660,-1172303.260,351.470
-443815.500,-1172305.990,354.300
-443808.080,-1172305.730,352.710
-443804.920,-1172307.370,354.620
-443756.380,-1172329.080,354.030
-443706.800,-1172292.060,354.300
-443705.150,-1172291.850,354.160
-443703.960,-1172291.360,353.970
-443702.940,-1172290.930,354.020
-443838.640,-1172432.440,374.340
-443831.500,-1172360.920,370.790
-443746.780,-1172437.510,361.450
-443832.990,-1172305.400,356.680
-443820.700,-1172308.470,356.510
-443815.860,-1172308.490,356.210
-443815.040,-1172308.370,358.360
-443811.120,-1172307.190,357.320
-443808.870,-1172307.840,357.630
-443789.330,-1172312.690,360.740
-443789.400,-1172311.300,359.810
-443789.110,-1172308.130,357.740
-443789.010,-1172308.370,357.950
-443773.740,-1172293.370,358.800
-443740.770,-1172318.090,361.440
-443726.840,-1172316.530,356.510
-443726.740,-1172316.790,356.690
-443726.630,-1172317.050,356.890
-443726.170,-1172317.520,357.230
-443726.600,-1172315.300,355.560
-443726.330,-1172315.190,355.530
-443725.530,-1172294.950,356.440
-443721.300,-1172292.610,357.070
-443716.200,-1172336.270,360.780
-443720.780,-1172319.580,358.370
-443720.110,-1172316.880,358.340
-443705.850,-1172320.980,361.150
-443706.080,-1172316.810,357.570
-443699.460,-1172316.320,360.540
-443697.960,-1172315.790,360.610
-443697.010,-1172315.640,360.640
-443697.710,-1172315.660,360.510
-443704.680,-1172294.790,357.150
-443696.700,-1172315.470,360.630
-443704.090,-1172294.530,357.120
-443703.780,-1172295.980,358.440
-443700.200,-1172294.710,358.490
-443696.700,-1172291.060,358.360
-443784.930,-1172417.800,349.680
-443841.440,-1172306.340,355.320
-443842.120,-1172305.710,354.910
-443837.680,-1172306.540,355.280
-443815.280,-1172305.500,354.320
-443804.760,-1172307.310,354.640
-443757.540,-1172328.620,353.350
-443750.020,-1172334.890,352.320
-443756.350,-1172329.120,354.020
-443747.570,-1172335.320,352.660
-443743.930,-1172335.910,353.300
-443743.480,-1172331.690,352.890
-443719.720,-1172328.960,352.730
-443717.740,-1172328.910,352.680
-443707.130,-1172292.900,354.720
-443703.110,-1172291.050,353.920
-443851.520,-1172393.320,373.910
-443838.650,-1172366.760,371.000
-443831.890,-1172366.960,371.020
-443837.030,-1172305.500,357.040
-443816.130,-1172309.970,357.470
-443815.250,-1172308.080,358.250
-443815.670,-1172307.700,357.940
-443789.480,-1172312.450,360.600
-443789.470,-1172312.090,360.330
-443789.350,-1172311.400,359.900
-443789.250,-1172310.920,359.670
-443789.260,-1172310.430,359.250
-443789.230,-1172309.590,358.710
-443789.070,-1172308.780,358.220
-443789.050,-1172309.230,358.610
-443789.240,-1172309.060,358.340
-443788.990,-1172308.430,358.080
-443788.910,-1172308.110,357.900
-443767.470,-1172313.970,360.720
-443764.640,-1172310.840,358.720
-443735.670,-1172314.300,358.750
-443726.780,-1172318.090,357.680
-443726.440,-1172315.460,355.710
-443715.720,-1172316.380,358.080
-443698.600,-1172316.060,360.540
-443696.730,-1172315.310,360.350
-443697.060,-1172315.570,360.600
-443705.380,-1172296.390,358.380
-443703.880,-1172295.900,358.400
-443704.120,-1172295.680,358.190
-443702.620,-1172294.060,357.130
-443705.460,-1172291.430,356.690
-443700.970,-1172295.070,358.530
-443702.170,-1172293.970,357.200
-443700.380,-1172294.750,358.400
-443699.690,-1172294.550,358.460
-443700.900,-1172293.440,357.110
-443698.470,-1172294.110,358.460
-443698.260,-1172294.100,358.510
-443699.440,-1172293.010,357.130
-443698.150,-1172290.760,357.900
-443697.280,-1172290.960,358.220
-443697.890,-1172290.400,357.650
-443696.800,-1172290.980,358.380
-443772.130,-1172425.030,354.100
-443826.450,-1172304.830,353.160
-443750.070,-1172335.070,352.610
-443718.370,-1172329.080,353.070
-443829.500,-1172366.900,371.140
-443819.510,-1172309.510,357.280
-443789.220,-1172309.680,358.710
-443741.310,-1172321.510,362.060
-443731.650,-1172315.260,359.160
-443726.580,-1172318.250,357.960
-443725.740,-1172319.100,358.380
-443715.260,-1172318.590,359.970
-443705.820,-1172296.060,358.040
-443754.750,-1172328.990,354.930
-443749.110,-1172335.140,352.630
-443750.200,-1172334.650,352.370
-443757.500,-1172328.520,353.400
-443811.150,-1172308.580,358.420
-443810.990,-1172307.050,357.300
-443789.320,-1172312.580,360.750
-443775.100,-1172313.310,360.920
-443731.260,-1172318.370,361.090
-443731.580,-1172315.210,359.110
-443726.700,-1172318.190,357.840
-443720.840,-1172319.620,358.420
-443722.640,-1172296.180,357.550
-443700.470,-1172316.540,360.560
-443698.380,-1172315.900,360.590
-443697.190,-1172315.480,360.590
-443705.130,-1172296.380,358.470
-443704.900,-1172294.840,357.160
-443704.030,-1172296.070,358.520
-443703.490,-1172295.480,358.130
-443702.460,-1172294.000,357.110
-443701.560,-1172293.630,357.060
-443699.860,-1172294.690,358.640
-443698.310,-1172293.960,358.550
