-443825.610,-1172354.460,347.300
-443748.710,-1172323.250,355.290
-443743.110,-1172337.350,353.140
-443743.190,-1172337.940,353.200
-443770.240,-1172429.110,361.690
-443850.870,-1172371.780,374.300
-443842.870,-1172385.750,374.670
-443839.070,-1172365.620,371.040
-443838.820,-1172354.110,371.070
-443738.270,-1172293.040,359.410
-443739.710,-1172322.490,360.490
-443824.410,-1172309.670,355.610
-443824.780,-1172309.570,355.930
-443838.130,-1172331.160,371.050
-443704.780,-1172333.070,360.430
-443825.400,-1172354.490,347.310
-443825.450,-1172354.970,347.210
-443838.160,-1172335.890,370.840
-443838.480,-1172341.520,371.080
-443838.470,-1172343.400,370.950
-443838.830,-1172351.690,371.090
-443839.210,-1172363.160,371.110
-443834.270,-1172396.730,370.840
-443738.340,-1172292.990,359.570
-443736.400,-1172295.610,358.150
-443741.100,-1172320.560,361.900
-443740.110,-1172321.390,360.970
-443788.250,-1172316.220,359.970
-443807.650,-1172306.880,357.380
-443807.790,-1172307.180,357.610
-443838.090,-1172333.270,370.810
-443701.240,-1172296.500,357.930
-443718.260,-1172317.980,358.750
-443851.400,-1172415.450,348.480
-443769.150,-1172401.920,349.470
-443737.490,-1172295.550,358.730
-443736.910,-1172296.310,358.060
-443851.560,-1172416.100,349.340
-443823.980,-1172309.030,355.280
-443838.860,-1172354.500,370.910
-443824.350,-1172309.630,355.490
-443786.980,-1172317.970,358.890
-443788.910,-1172315.390,360.290
-443738.090,-1172323.540,359.330
-443739.850,-1172321.920,360.580
-443731.390,-1172320.420,361.400
-443738.890,-1172296.920,359.520
-443738.480,-1172296.800,359.220
-443737.050,-1172296.710,358.330
-443737.240,-1172295.170,358.550
-443737.590,-1172294.840,358.830
-443826.430,-1172433.920,351.540
-443825.470,-1172354.450,347.310
-443769.060,-1172403.040,349.610
-443802.490,-1172315.100,351.080
-443765.000,-1172315.000,355.190
-443779.780,-1172318.840,351.990
-443705.730,-1172336.780,351.250
-443706.340,-1172323.760,355.420
-443705.840,-1172323.920,355.320
-443834.410,-1172390.240,365.460
-443833.550,-1172374.050,356.830
-443833.430,-1172374.360,356.720
-443834.720,-1172371.170,373.960
-443770.280,-1172427.450,361.740
-443824.720,-1172309.440,355.790
-443786.940,-1172317.930,358.950
-443765.630,-1172292.660,358.540
-443738.300,-1172296.180,359.230
-443738.400,-1172294.720,359.440
-443736.050,-1172295.030,357.950
-443706.000,-1172321.480,358.550
-443826.070,-1172335.840,348.730
-443826.370,-1172346.420,354.220
-443826.310,-1172350.500,354.150
-443825.390,-1172354.830,347.230
-443825.690,-1172354.580,347.180
-443825.760,-1172355.080,347.010
-443827.040,-1172365.740,351.450
-443743.180,-1172337.790,352.990
-443849.890,-1172399.560,374.720
-443849.650,-1172390.740,374.790
-443834.190,-1172396.560,370.810
-443834.940,-1172390.260,374.150
-443834.860,-1172386.760,374.160
-443770.300,-1172427.930,361.680
-443833.520,-1172374.250,356.790
-443826.860,-1172364.240,365.400
-443838.820,-1172354.460,370.970
-443734.210,-1172435.970,361.030
-443734.010,-1172433.880,360.710
-443838.250,-1172333.310,371.020
-443806.300,-1172309.550,358.360
-443807.720,-1172307.260,357.520
-443738.810,-1172322.920,359.950
-443765.440,-1172292.430,358.530
-443704.930,-1172333.200,360.460
-443704.830,-1172332.720,360.470
-443706.050,-1172321.560,358.540
-443712.440,-1172294.320,357.260
