-443851.210,-1172393.500,374.180
-443835.280,-1172381.660,374.340
-443742.150,-1172296.920,358.250
-443797.270,-1172312.240,360.840
-443716.100,-1172316.020,357.590
-443714.890,-1172318.980,360.430
-443716.310,-1172336.530,361.060
-443755.110,-1172329.040,354.740
-443851.110,-1172393.000,373.890
-443742.400,-1172296.740,357.990
-443774.320,-1172314.670,361.680
-443698.320,-1172292.560,357.120
-443716.510,-1172321.010,359.330
-443754.060,-1172396.510,346.720
-443750.130,-1172335.130,352.510
-443850.250,-1172418.950,375.540
-443831.170,-1172342.790,370.790
-443742.810,-1172296.840,357.950
-443742.360,-1172296.810,358.020
-443742.120,-1172296.810,358.190
-443722.330,-1172317.880,357.320
-443722.390,-1172291.210,357.470
-443721.330,-1172292.050,356.740
-443770.710,-1172425.250,353.880
-443796.400,-1172331.250,349.660
-443754.890,-1172329.140,354.870
-443706.540,-1172292.230,354.450
-443850.210,-1172418.990,375.480
-443836.150,-1172337.850,370.800
-443819.650,-1172309.600,357.330
-443811.190,-1172309.220,358.850
-443813.920,-1172306.740,357.100
-443716.310,-1172319.020,359.020
-443716.090,-1172316.030,357.520
-443718.210,-1172291.530,356.200
-443830.890,-1172335.650,370.660
-443819.980,-1172309.130,356.950
-443811.180,-1172309.230,358.850
-443796.450,-1172331.380,349.600
-443756.240,-1172329.150,354.130
-443750.620,-1172337.870,352.420
-443742.120,-1172296.620,358.120
-443742.670,-1172296.850,358.020
-443740.110,-1172297.160,359.680
