-443841.080,-1172377.150,374.690
-443706.270,-1172295.630,357.370
-443757.420,-1172328.390,353.150
-443754.810,-1172328.690,354.430
-443755.340,-1172437.120,361.590
-443706.260,-1172295.640,357.530
-443810.310,-1172305.410,348.890
-443725.330,-1172314.880,353.050
-443754.980,-1172328.860,354.600
-443698.380,-1172316.040,351.580
-443831.360,-1172330.450,370.290
-443721.390,-1172315.570,356.200
-443714.050,-1172326.560,360.800
-443699.350,-1172316.520,355.570
-443699.230,-1172316.820,355.740
-443698.350,-1172316.160,355.550
-443743.600,-1172423.390,350.920
-443764.750,-1172422.290,354.460
-443736.660,-1172397.820,347.800
-443736.760,-1172398.210,347.830
-443807.010,-1172305.740,353.000
-443754.800,-1172328.720,354.540
-443748.380,-1172324.680,355.450
-443740.560,-1172313.290,350.710
-443698.510,-1172316.150,351.590
-443698.030,-1172315.660,351.500
-443715.860,-1172316.710,358.380
-443699.220,-1172316.660,355.650
-443743.730,-1172437.540,361.850
-443755.110,-1172328.700,354.620
-443706.520,-1172337.760,351.090
