-443796.970,-1172420.010,354.240
-443792.970,-1172424.420,352.760
-443793.890,-1172377.470,351.880
-443825.840,-1172363.960,347.380
-443738.850,-1172397.450,350.520
-443811.790,-1172318.390,351.780
-443810.540,-1172317.940,351.930
-443801.840,-1172331.070,351.430
-443798.200,-1172331.410,351.240
-443714.480,-1172300.370,355.270
-443700.040,-1172300.650,350.500
-443699.340,-1172300.210,350.190
-443848.240,-1172399.930,374.220
-443840.480,-1172415.200,377.560
-443842.300,-1172400.050,374.210
-443851.020,-1172373.860,373.920
-443831.640,-1172419.700,377.650
-443841.020,-1172382.420,380.720
-443830.930,-1172355.020,370.630
-443830.750,-1172355.000,370.640
-443724.880,-1172294.200,357.950
-443721.690,-1172321.060,359.860
-443743.350,-1172293.930,358.670
-443744.120,-1172297.110,357.910
-443747.990,-1172297.050,357.880
-443737.680,-1172323.710,359.210
-443739.760,-1172319.230,361.980
-443739.400,-1172321.380,360.570
-443752.330,-1172291.570,358.820
-443752.030,-1172293.400,358.410
-443762.350,-1172290.670,357.290
-443794.650,-1172319.800,359.870
-443806.270,-1172311.960,359.240
-443828.720,-1172307.260,357.330
-443831.990,-1172306.870,357.380
-443699.110,-1172294.710,358.590
-443701.840,-1172296.100,358.220
-443716.390,-1172323.360,360.860
-443716.820,-1172325.020,360.710
-443795.480,-1172421.770,353.660
-443852.000,-1172416.360,349.410
-443792.890,-1172425.770,347.740
-443808.720,-1172318.700,351.810
-443808.680,-1172318.430,351.860
-443806.190,-1172316.000,354.360
-443805.850,-1172315.810,354.270
-443768.270,-1172322.180,350.200
-443829.950,-1172337.730,373.240
-443830.590,-1172344.060,370.620
-443754.380,-1172421.700,361.860
-443849.510,-1172419.490,375.260
-443848.370,-1172419.440,374.060
-443847.070,-1172415.680,374.180
-443839.970,-1172415.560,377.500
-443847.930,-1172407.370,374.340
-443845.940,-1172408.020,374.230
-443831.580,-1172419.690,377.710
-443846.660,-1172399.650,374.330
-443843.480,-1172399.870,374.350
-443735.610,-1172294.680,357.720
-443743.350,-1172294.070,358.480
-443748.230,-1172291.480,358.830
-443752.320,-1172291.600,358.870
-443721.630,-1172321.050,359.840
-443731.950,-1172320.530,361.700
-443738.390,-1172322.840,359.760
-443739.140,-1172323.900,359.920
-443750.280,-1172324.450,357.160
-443767.280,-1172319.210,360.050
-443786.940,-1172318.960,358.730
-443803.410,-1172311.820,357.560
-443828.790,-1172307.170,357.430
-443835.370,-1172306.460,357.400
-443830.720,-1172330.590,371.160
-443829.380,-1172330.670,371.140
-443838.050,-1172330.470,371.080
-443696.860,-1172292.340,359.130
-443698.060,-1172297.860,355.710
-443702.040,-1172296.220,358.230
-443714.730,-1172296.130,357.890
-443713.100,-1172300.260,357.050
-443706.850,-1172326.430,360.980
-443705.700,-1172337.550,360.620
-443819.120,-1172440.880,351.340
-443798.100,-1172331.470,351.240
-443847.180,-1172415.730,374.350
-443847.220,-1172407.420,374.970
-443846.830,-1172408.460,374.140
-443831.080,-1172362.020,370.660
-443838.000,-1172330.560,371.190
-443805.360,-1172312.490,356.510
-443750.200,-1172323.660,357.200
-443740.990,-1172326.320,358.050
-443739.520,-1172319.230,361.980
-443731.680,-1172320.860,361.400
-443719.170,-1172321.010,359.090
-443851.150,-1172425.990,351.780
-443799.920,-1172424.130,352.750
-443711.340,-1172400.600,352.280
-443805.860,-1172315.780,354.300
-443847.600,-1172419.610,374.210
-443847.890,-1172407.460,374.150
-443848.570,-1172399.570,374.320
-443846.670,-1172399.630,374.350
-443843.310,-1172399.820,374.360
-443840.450,-1172400.220,374.110
-443840.990,-1172382.490,380.740
-443835.400,-1172370.640,374.690
-443735.510,-1172422.700,361.750
-443785.790,-1172320.460,357.790
-443780.530,-1172315.110,360.790
-443737.060,-1172326.490,358.400
-443737.580,-1172323.740,359.140
-443752.370,-1172291.590,358.800
-443744.240,-1172297.040,357.900
-443713.000,-1172300.280,357.040
-443698.160,-1172297.680,355.690
-443819.340,-1172433.280,351.540
-443800.830,-1172424.330,352.560
-443799.510,-1172422.970,353.140
-443738.750,-1172411.120,347.920
-443738.630,-1172411.420,347.900
-443738.800,-1172411.490,347.890
-443747.630,-1172410.540,348.010
-443741.810,-1172436.860,347.660
-443747.930,-1172436.920,347.560
-443753.720,-1172437.330,347.020
-443753.490,-1172437.940,346.870
-443755.420,-1172436.790,347.490
-443760.710,-1172436.310,347.560
-443766.060,-1172435.820,347.620
-443787.160,-1172424.240,347.500
-443833.600,-1172385.680,348.540
-443711.540,-1172400.620,352.310
-443710.990,-1172400.620,352.300
-443699.920,-1172346.260,352.630
-443741.720,-1172326.030,351.240
-443742.120,-1172326.210,351.340
-443744.670,-1172325.480,351.390
-443750.900,-1172324.890,351.230
-443764.600,-1172293.750,352.040
-443764.520,-1172294.510,351.880
-443717.040,-1172326.740,354.480
-443715.450,-1172299.740,355.380
-443843.730,-1172431.990,366.360
-443841.340,-1172432.410,360.670
-443840.900,-1172432.340,360.650
-443840.970,-1172431.880,372.070
-443846.560,-1172406.940,374.350
-443848.520,-1172399.650,374.350
-443840.470,-1172415.330,377.610
-443836.670,-1172421.870,374.240
-443843.840,-1172400.750,374.130
-443830.960,-1172420.100,378.840
-443840.880,-1172382.360,380.840
-443841.250,-1172370.440,374.710
-443835.860,-1172356.870,370.610
-443831.150,-1172359.850,370.720
-443735.450,-1172422.290,361.960
-443809.070,-1172309.610,358.820
-443805.550,-1172311.580,357.630
-443783.300,-1172314.120,361.110
-443750.140,-1172323.030,357.400
-443752.230,-1172291.590,358.840
-443740.180,-1172322.360,360.740
-443739.090,-1172323.830,359.900
-443739.750,-1172319.220,361.940
-443738.390,-1172322.930,359.760
-443721.650,-1172321.000,359.810
-443705.530,-1172337.480,360.710
-443709.590,-1172322.090,362.130
-443706.740,-1172326.410,360.890
-443714.790,-1172296.030,357.920
-443713.260,-1172300.160,357.040
-443704.510,-1172296.710,358.550
-443699.130,-1172294.740,358.570
-443697.660,-1172292.530,359.120
-443819.030,-1172441.120,351.250
-443819.310,-1172433.370,351.580
-443806.100,-1172433.940,351.560
-443795.550,-1172424.120,350.380
-443796.700,-1172420.310,354.140
-443796.950,-1172420.100,354.220
-443794.480,-1172422.850,353.310
-443787.240,-1172424.380,347.500
-443738.670,-1172411.490,347.920
-443753.510,-1172437.560,346.710
-443755.430,-1172436.710,347.470
-443803.310,-1172379.500,348.450
-443769.000,-1172404.170,349.460
-443711.530,-1172400.760,352.350
-443710.950,-1172400.750,352.240
-443711.170,-1172400.570,352.400
-443707.460,-1172399.850,352.380
-443801.760,-1172330.980,351.350
-443811.830,-1172318.250,351.910
-443809.480,-1172318.160,351.840
-443764.480,-1172294.560,351.850
-443760.280,-1172322.230,350.810
-443712.030,-1172337.280,354.290
-443699.080,-1172300.360,350.430
-443847.790,-1172432.010,374.770
-443840.910,-1172432.590,360.610
-443841.170,-1172432.370,360.680
-443847.520,-1172416.210,374.150
-443845.790,-1172415.670,374.170
-443842.630,-1172415.590,377.490
-443840.300,-1172415.470,377.510
-443840.510,-1172415.290,377.680
-443848.420,-1172408.280,374.260
-443846.630,-1172408.150,374.160
-443845.920,-1172407.960,374.250
-443846.600,-1172407.050,374.320
-443831.630,-1172419.470,377.840
-443849.320,-1172399.610,374.380
-443849.820,-1172393.670,374.740
-443840.790,-1172399.910,374.330
-443844.090,-1172393.140,374.740
-443840.890,-1172382.320,380.870
-443836.470,-1172370.590,374.800
-443831.320,-1172361.800,370.870
-443742.180,-1172422.330,361.840
-443830.660,-1172330.660,371.120
-443828.810,-1172330.750,371.100
-443825.160,-1172332.230,365.190
-443807.640,-1172309.830,358.760
-443804.970,-1172311.490,357.700
-443788.260,-1172315.720,359.970
-443779.620,-1172316.110,360.270
-443750.800,-1172321.090,357.810
-443737.520,-1172325.720,358.860
-443738.000,-1172325.310,359.120
-443739.640,-1172320.960,360.830
-443740.150,-1172320.520,361.120
-443762.260,-1172290.770,357.160
-443730.100,-1172295.730,357.800
-443721.460,-1172295.120,357.880
-443714.720,-1172296.050,357.910
-443712.840,-1172297.180,357.710
-443710.580,-1172295.290,356.580
-443704.800,-1172296.670,358.660
-443702.830,-1172296.050,358.570
-443698.180,-1172297.730,355.730
