-443802.790,-1172437.900,351.120
-443794.810,-1172377.380,351.840
-443808.130,-1172319.580,351.290
-443801.180,-1172323.850,349.080
-443728.420,-1172293.540,355.300
-443748.350,-1172324.150,354.630
-443749.170,-1172335.270,352.590
-443750.120,-1172335.040,352.450
-443849.030,-1172406.300,374.210
-443851.160,-1172392.510,373.740
-443849.960,-1172389.240,375.020
-443834.150,-1172387.320,363.260
-443839.930,-1172334.890,370.400
-443831.400,-1172353.830,370.650
-443722.090,-1172291.110,357.410
-443721.400,-1172293.740,357.870
-443722.720,-1172291.080,357.190
-443722.660,-1172296.130,357.490
-443723.650,-1172295.620,357.090
-443725.460,-1172294.770,356.340
-443726.590,-1172294.240,355.990
-443727.040,-1172294.230,355.850
-443721.380,-1172315.670,357.640
-443720.710,-1172316.590,358.150
-443720.930,-1172319.240,358.200
-443722.060,-1172318.270,357.570
-443721.290,-1172319.110,358.000
-443726.080,-1172319.150,358.280
-443726.660,-1172318.430,357.850
-443741.850,-1172296.820,358.260
-443742.030,-1172297.220,358.290
-443748.890,-1172290.870,359.230
-443746.390,-1172316.440,360.740
-443748.330,-1172313.780,359.240
-443748.460,-1172313.480,359.140
-443749.120,-1172312.830,358.650
-443749.890,-1172311.870,358.140
-443774.870,-1172314.060,361.210
-443808.570,-1172307.980,357.650
-443813.750,-1172306.930,357.330
-443819.320,-1172309.740,357.410
-443820.230,-1172309.050,356.790
-443716.310,-1172317.470,358.020
-443716.000,-1172319.100,358.600
-443716.240,-1172318.510,358.400
-443716.600,-1172319.020,358.530
-443716.570,-1172320.190,358.910
-443719.320,-1172318.100,358.970
-443719.440,-1172317.830,358.890
-443719.850,-1172320.280,358.860
-443720.180,-1172320.000,358.620
-443802.520,-1172436.150,350.860
-443777.070,-1172419.990,346.930
-443794.810,-1172377.360,351.870
-443833.350,-1172392.320,346.790
-443842.000,-1172306.170,355.060
-443802.850,-1172330.300,350.120
-443727.730,-1172293.700,355.550
-443729.490,-1172293.090,355.010
-443770.410,-1172322.410,352.780
-443757.510,-1172328.860,353.570
-443757.260,-1172329.070,353.610
-443750.140,-1172335.080,352.400
-443700.870,-1172317.940,351.440
-443831.450,-1172353.810,370.770
-443836.880,-1172355.790,370.710
-443851.060,-1172392.520,373.730
-443712.450,-1172395.940,359.780
-443721.370,-1172291.050,357.860
-443721.780,-1172291.170,357.680
-443722.210,-1172291.220,357.570
-443724.580,-1172292.860,356.630
-443722.810,-1172295.940,357.390
-443722.570,-1172296.150,357.510
-443725.300,-1172294.730,356.480
-443724.790,-1172295.150,356.690
-443741.860,-1172296.800,358.330
-443742.640,-1172296.530,357.740
-443742.150,-1172296.940,358.270
-443721.630,-1172315.590,357.610
-443721.360,-1172315.810,357.740
-443721.140,-1172316.000,357.880
-443720.640,-1172316.680,358.150
-443722.160,-1172318.140,357.460
-443721.930,-1172318.340,357.580
-443721.690,-1172318.540,357.690
-443726.000,-1172319.200,358.360
-443725.770,-1172319.390,358.520
-443725.520,-1172319.600,358.670
-443725.020,-1172320.020,358.990
-443749.710,-1172312.180,358.330
-443749.460,-1172312.390,358.480
-443749.210,-1172312.610,358.620
-443747.190,-1172315.440,360.240
-443774.560,-1172314.460,361.460
-443798.400,-1172310.980,360.050
-443808.800,-1172307.780,357.550
-443808.540,-1172308.000,357.700
-443813.240,-1172306.440,357.540
-443815.410,-1172308.180,358.230
-443815.160,-1172308.390,358.460
-443820.130,-1172309.020,356.870
-443697.280,-1172319.070,361.850
-443714.340,-1172316.080,360.220
-443716.200,-1172316.410,357.790
-443716.350,-1172318.490,358.400
-443720.400,-1172316.880,358.280
-443720.150,-1172317.090,358.440
-443716.260,-1172320.070,359.070
-443716.360,-1172334.320,360.670
-443800.880,-1172422.380,353.030
-443802.690,-1172437.710,351.180
-443802.670,-1172439.090,351.450
-443851.640,-1172424.190,351.940
-443777.420,-1172416.920,354.010
-443810.510,-1172304.910,348.330
-443801.240,-1172323.680,349.090
-443749.240,-1172335.320,352.590
-443757.180,-1172329.070,353.680
-443851.550,-1172398.530,373.940
-443837.230,-1172421.450,377.470
-443841.490,-1172378.450,374.310
-443827.190,-1172355.900,370.800
-443797.150,-1172312.500,360.980
-443774.620,-1172314.300,361.440
-443749.610,-1172312.190,358.350
-443727.160,-1172318.490,357.760
-443725.190,-1172319.930,358.880
-443721.710,-1172318.520,357.790
-443722.220,-1172318.170,357.490
-443720.920,-1172319.250,358.270
-443721.340,-1172315.710,357.640
-443721.710,-1172315.590,357.550
-443725.660,-1172294.640,356.350
-443725.220,-1172294.800,356.460
-443724.510,-1172295.200,356.780
-443724.920,-1172293.650,356.610
-443724.260,-1172295.260,356.880
-443722.590,-1172296.080,357.540
-443722.460,-1172296.380,357.650
-443716.320,-1172335.980,360.690
-443720.560,-1172319.490,358.470
-443719.890,-1172317.430,358.670
-443716.840,-1172320.560,359.010
-443716.610,-1172320.300,359.070
-443716.410,-1172318.630,358.510
-443716.320,-1172317.460,358.140
-443716.270,-1172316.680,357.920
-443716.130,-1172317.020,358.000
-443714.400,-1172316.110,360.240
-443700.730,-1172316.920,360.670
-443851.470,-1172424.320,351.950
-443802.750,-1172438.580,351.250
-443802.760,-1172330.190,350.140
-443801.320,-1172323.440,349.090
-443810.620,-1172304.830,348.420
-443757.100,-1172329.030,353.700
-443748.270,-1172324.200,354.770
-443729.290,-1172293.190,355.010
-443848.990,-1172406.260,374.290
-443832.190,-1172419.500,377.510
-443851.610,-1172398.470,373.870
-443850.450,-1172385.760,374.570
-443850.370,-1172379.090,373.910
-443850.820,-1172378.690,373.600
-443831.450,-1172353.820,370.740
-443712.340,-1172396.090,359.790
-443820.280,-1172309.020,356.800
-443813.490,-1172307.130,357.440
-443813.310,-1172306.340,357.540
-443808.830,-1172307.600,357.460
-443797.480,-1172311.870,360.650
-443797.720,-1172311.660,360.500
-443798.400,-1172311.040,360.090
-443774.970,-1172313.900,361.170
-443746.560,-1172316.160,360.700
-443746.790,-1172315.950,360.570
-443747.820,-1172314.620,359.790
-443748.340,-1172313.880,359.360
-443749.440,-1172312.350,358.460
-443749.660,-1172312.150,358.330
-443749.890,-1172311.940,358.220
-443726.970,-1172318.450,357.760
-443742.690,-1172296.540,357.630
-443748.830,-1172290.870,359.290
-443727.700,-1172293.770,355.570
-443726.690,-1172294.200,355.930
-443725.440,-1172294.750,356.380
-443722.860,-1172291.180,357.240
-443721.420,-1172291.130,357.790
-443715.400,-1172326.540,360.720
-443716.400,-1172320.180,359.110
-443716.460,-1172318.880,358.570
-443716.670,-1172318.690,358.400
-443716.240,-1172318.580,358.630
-443716.230,-1172316.730,357.880
-443704.780,-1172296.410,358.530
-443704.670,-1172291.270,356.750
-443769.620,-1172412.500,354.060
-443803.070,-1172330.140,350.120
-443728.670,-1172293.330,355.220
-443728.260,-1172293.400,355.290
-443729.350,-1172293.130,355.070
-443729.540,-1172293.130,354.810
-443756.640,-1172334.470,353.980
-443831.690,-1172420.410,377.580
-443834.170,-1172388.070,372.080
-443798.370,-1172310.910,360.170
-443774.620,-1172314.320,361.420
-443765.890,-1172294.080,359.200
-443740.780,-1172296.890,358.760
-443721.830,-1172318.380,357.600
-443720.880,-1172316.290,358.050
-443726.600,-1172294.350,355.950
-443725.670,-1172294.710,356.270
-443725.410,-1172294.730,356.410
-443724.840,-1172295.180,356.580
-443722.890,-1172291.040,357.140
-443721.670,-1172290.990,357.620
-443719.890,-1172317.350,358.620
-443715.470,-1172326.380,360.550
-443800.610,-1172410.510,352.980
-443833.490,-1172392.240,346.750
-443842.080,-1172306.010,354.910
-443841.280,-1172427.720,374.860
-443834.790,-1172388.490,371.970
-443834.370,-1172388.400,371.890
-443834.130,-1172373.750,368.280
-443831.800,-1172360.750,370.690
-443841.100,-1172307.220,355.910
-443837.570,-1172305.240,356.930
-443813.700,-1172305.940,357.330
-443774.910,-1172313.900,361.250
-443747.820,-1172314.610,359.750
-443748.450,-1172313.490,359.220
-443725.660,-1172319.640,358.610
-443721.950,-1172315.150,357.400
-443725.910,-1172294.600,356.280
-443726.940,-1172294.140,355.920
-443719.750,-1172317.690,358.750
-443697.990,-1172318.670,361.610
