-443735.750,-1172298.080,354.860
-443771.470,-1172321.770,355.450
-443756.390,-1172337.380,352.200
-443844.380,-1172400.630,375.060
-443844.170,-1172385.960,374.680
-443725.960,-1172296.880,357.110
-443770.090,-1172321.410,356.130
-443782.080,-1172320.280,357.370
-443811.680,-1172310.430,357.920
-443703.220,-1172298.420,356.630
-443710.250,-1172322.950,361.680
-443805.080,-1172433.360,346.800
-443759.440,-1172296.070,350.320
-443838.360,-1172370.780,374.510
-443722.140,-1172296.970,357.430
-443724.570,-1172296.800,357.300
-443736.490,-1172293.080,359.100
-443745.720,-1172321.180,358.110
-443769.980,-1172320.240,357.300
-443770.110,-1172321.190,356.440
-443771.020,-1172320.810,356.630
-443770.310,-1172321.410,356.140
-443775.280,-1172320.400,356.650
-443736.470,-1172293.160,359.120
-443770.280,-1172321.330,356.230
-443770.110,-1172320.200,357.260
-443745.630,-1172321.090,358.210
-443736.600,-1172293.070,359.110
-443709.160,-1172297.880,357.370
-443709.480,-1172297.590,357.520
-443762.090,-1172435.970,347.610
-443771.880,-1172425.680,352.790
-443768.180,-1172435.500,347.710
-443698.690,-1172346.100,352.940
-443806.590,-1172316.200,353.850
-443735.780,-1172298.090,354.930
-443759.400,-1172295.580,350.660
-443712.930,-1172300.160,353.550
-443841.180,-1172419.560,374.350
-443834.960,-1172421.660,358.690
-443812.600,-1172310.280,357.950
-443811.490,-1172311.290,357.200
-443774.140,-1172317.800,359.120
-443736.520,-1172293.150,358.790
-443727.040,-1172297.790,356.060
-443722.270,-1172297.010,357.450
-443721.880,-1172297.030,357.510
-443710.210,-1172322.970,361.460
-443806.890,-1172316.300,353.970
-443775.700,-1172316.830,360.010
-443770.340,-1172318.390,358.970
-443744.780,-1172321.260,358.010
-443744.920,-1172320.640,358.800
-443724.600,-1172296.810,357.300
-443722.260,-1172297.040,357.360
-443707.420,-1172299.680,355.770
