-443801.840,-1172422.220,352.720
-443799.370,-1172421.320,353.470
-443799.600,-1172420.740,353.400
-443799.720,-1172420.450,353.360
-443800.070,-1172419.550,353.220
-443800.770,-1172417.770,352.980
-443801.250,-1172416.550,352.790
-443801.490,-1172415.930,352.720
-443801.250,-1172414.850,352.720
-443799.560,-1172417.870,353.410
-443801.220,-1172412.530,352.680
-443801.340,-1172412.220,352.590
-443801.160,-1172410.580,352.750
-443798.630,-1172415.770,353.660
-443799.820,-1172409.040,350.810
-443800.160,-1172407.160,350.460
-443799.740,-1172406.520,350.640
-443798.210,-1172409.310,351.670
-443799.280,-1172406.580,350.920
-443799.760,-1172405.370,350.580
-443799.240,-1172404.110,350.840
-443799.370,-1172403.800,350.750
-443798.340,-1172407.200,351.420
-443798.460,-1172406.900,351.370
-443799.860,-1172403.340,350.430
-443798.060,-1172408.890,351.720
-443798.170,-1172408.610,351.690
-443798.300,-1172404.110,351.400
-443798.020,-1172405.920,351.590
-443798.850,-1172403.800,351.020
-443798.190,-1172406.790,351.560
-443797.580,-1172404.870,351.720
-443769.740,-1172412.990,354.030
-443770.010,-1172416.860,353.920
-443770.130,-1172416.560,353.860
-443770.240,-1172416.280,353.810
-443770.060,-1172417.570,353.910
-443770.180,-1172418.210,353.820
-443769.960,-1172419.730,354.070
-443770.080,-1172419.430,353.950
-443770.540,-1172424.630,353.830
-443770.480,-1172428.650,347.980
-443785.150,-1172420.590,350.110
-443784.950,-1172420.010,350.250
-443795.090,-1172379.510,351.800
-443796.610,-1172378.570,350.950
-443795.780,-1172381.860,351.620
-443796.380,-1172380.330,351.140
-443796.500,-1172380.030,351.110
-443796.730,-1172379.450,350.870
-443796.840,-1172379.160,350.910
-443797.080,-1172379.510,350.770
-443797.200,-1172379.190,350.680
-443796.870,-1172380.890,350.840
-443795.830,-1172384.480,351.740
-443796.180,-1172384.510,351.500
-443796.650,-1172383.330,351.140
-443797.490,-1172381.200,350.550
-443797.720,-1172380.600,350.430
-443796.140,-1172385.420,351.590
-443796.490,-1172384.520,351.360
-443796.850,-1172383.620,351.070
-443796.970,-1172383.300,351.030
-443796.030,-1172387.660,351.700
-443796.980,-1172385.240,351.090
-443797.210,-1172384.670,350.910
-443796.040,-1172388.880,351.790
-443799.480,-1172401.100,350.540
-443798.870,-1172401.580,350.870
-443797.790,-1172401.520,351.480
-443798.500,-1172399.720,350.960
-443798.420,-1172398.980,350.960
-443798.550,-1172398.650,350.920
-443798.880,-1172397.800,350.690
-443797.950,-1172400.180,351.310
-443798.190,-1172399.560,351.220
-443797.440,-1172400.660,351.710
-443798.020,-1172399.190,351.320
-443798.960,-1172396.800,350.630
-443799.190,-1172396.210,350.490
-443797.070,-1172400.310,351.860
-443797.770,-1172398.530,351.450
-443797.410,-1172398.470,351.490
-443798.240,-1172396.360,350.910
-443797.030,-1172398.510,351.760
-443797.250,-1172397.940,351.570
-443797.360,-1172397.050,351.480
-443798.640,-1172393.780,350.670
-443797.010,-1172396.990,351.630
-443797.950,-1172394.600,350.970
-443798.300,-1172393.710,350.800
-443798.650,-1172392.800,350.550
-443798.780,-1172392.480,350.500
-443797.130,-1172395.920,351.570
-443797.600,-1172394.730,351.260
-443797.800,-1172393.290,351.060
-443797.910,-1172392.990,351.050
-443798.270,-1172392.080,350.730
-443798.390,-1172391.780,350.710
-443796.830,-1172394.890,351.710
-443796.950,-1172394.590,351.610
-443797.300,-1172393.690,351.370
-443797.770,-1172392.490,351.010
-443798.120,-1172391.590,350.780
-443796.930,-1172393.300,351.520
-443797.040,-1172393.020,351.470
-443797.620,-1172391.550,351.070
-443798.210,-1172390.040,350.670
-443796.570,-1172394.200,351.830
-443796.920,-1172392.270,351.480
-443797.050,-1172391.950,351.410
-443797.520,-1172390.750,351.060
-443798.000,-1172389.520,350.760
-443797.570,-1172388.850,350.950
-443797.940,-1172386.820,350.460
-443798.070,-1172386.510,350.610
-443796.350,-1172389.970,351.740
-443796.580,-1172389.370,351.570
-443796.230,-1172389.330,351.780
-443797.520,-1172386.040,350.820
-443842.380,-1172308.630,355.070
-443750.530,-1172337.040,352.210
-443755.010,-1172329.870,354.690
-443754.950,-1172331.840,354.780
-443755.070,-1172331.550,354.760
-443755.440,-1172331.570,354.500
-443756.140,-1172330.730,354.160
-443756.510,-1172329.790,353.960
-443755.810,-1172333.520,354.560
-443756.280,-1172332.330,354.210
-443756.640,-1172331.430,353.950
-443756.760,-1172331.130,353.930
-443757.370,-1172329.570,353.510
-443757.620,-1172330.660,353.510
-443758.090,-1172329.470,353.150
-443758.910,-1172336.630,353.230
-443758.370,-1172335.180,353.390
-443757.700,-1172335.930,353.730
-443757.820,-1172335.620,353.670
-443757.940,-1172335.330,353.580
-443757.580,-1172335.520,353.830
-443758.160,-1172334.060,353.450
-443758.510,-1172333.180,353.300
-443758.510,-1172332.020,353.130
-443757.050,-1172334.750,353.950
-443757.520,-1172333.550,353.650
-443757.650,-1172333.240,353.680
-443757.770,-1172332.920,353.580
-443757.230,-1172332.680,353.730
-443758.410,-1172329.700,353.110
-443734.130,-1172427.170,361.670
-443734.470,-1172430.990,361.460
-443826.630,-1172340.390,370.690
-443826.550,-1172341.860,370.760
-443826.670,-1172341.560,370.700
-443826.750,-1172343.850,370.690
-443826.700,-1172345.200,370.680
-443831.080,-1172336.130,370.590
-443826.560,-1172350.040,371.090
-443826.890,-1172351.790,370.690
-443826.720,-1172354.230,371.020
-443849.440,-1172432.070,374.750
-443850.800,-1172423.830,373.830
-443850.820,-1172424.620,373.820
-443850.700,-1172421.000,373.820
-443850.580,-1172418.800,373.840
-443850.630,-1172419.530,373.780
-443850.470,-1172416.090,373.790
-443849.300,-1172411.440,374.180
-443850.360,-1172408.750,373.790
-443850.200,-1172406.700,373.820
-443849.130,-1172408.500,374.290
-443849.250,-1172408.200,374.160
-443850.910,-1172399.500,374.250
-443851.020,-1172397.020,373.970
-443851.140,-1172396.710,374.060
-443836.640,-1172430.570,374.780
-443850.010,-1172393.640,373.800
-443850.240,-1172393.030,374.670
-443850.930,-1172387.890,374.640
-443850.300,-1172385.560,374.670
-443850.310,-1172382.780,374.720
-443848.450,-1172384.370,375.930
-443850.670,-1172377.760,373.630
-443850.910,-1172377.150,373.570
-443851.030,-1172376.830,373.590
-443836.250,-1172410.020,374.730
-443849.810,-1172374.460,374.740
-443849.790,-1172373.550,374.810
-443841.890,-1172382.700,377.400
-443835.530,-1172392.500,374.310
-443835.650,-1172392.200,374.310
-443835.490,-1172389.300,374.360
-443834.250,-1172386.240,362.800
-443840.790,-1172362.560,370.380
-443835.060,-1172375.080,374.320
-443839.300,-1172365.060,370.520
-443838.840,-1172346.330,370.430
-443839.050,-1172339.740,371.130
-443838.870,-1172337.580,370.460
-443827.090,-1172365.690,371.070
-443831.520,-1172354.390,370.660
-443827.020,-1172364.510,371.110
-443827.360,-1172363.640,370.750
-443827.320,-1172362.520,370.710
-443827.170,-1172359.100,370.720
-443827.090,-1172358.590,370.740
-443831.370,-1172343.570,370.590
-443721.780,-1172292.800,357.620
-443722.620,-1172290.720,357.250
-443722.090,-1172292.640,357.510
-443722.870,-1172292.630,357.200
-443722.990,-1172292.320,357.150
-443723.300,-1172292.580,357.080
-443722.200,-1172295.310,357.580
-443725.470,-1172291.110,356.240
-443725.340,-1172293.960,356.260
-443726.560,-1172292.040,355.840
-443720.220,-1172317.800,358.510
-443720.560,-1172318.530,358.290
-443721.290,-1172316.720,357.800
-443721.540,-1172316.120,357.590
-443721.640,-1172317.500,357.730
-443726.880,-1172321.400,358.000
-443727.130,-1172320.790,357.870
-443739.120,-1172292.760,359.680
-443739.510,-1172292.490,359.350
-443739.230,-1172294.260,359.670
-443740.740,-1172293.280,358.600
-443741.270,-1172293.660,358.280
-443742.320,-1172294.090,357.700
-443746.260,-1172316.770,360.920
-443749.810,-1172313.950,358.270
-443750.130,-1172319.650,358.560
-443750.320,-1172319.940,358.510
-443790.140,-1172316.000,360.100
-443791.020,-1172316.140,359.580
-443790.770,-1172315.830,359.780
-443791.950,-1172316.790,359.070
-443791.440,-1172317.000,359.260
-443792.660,-1172317.950,358.660
-443793.860,-1172318.240,357.960
-443794.010,-1172318.840,357.870
-443794.440,-1172318.810,357.640
-443815.610,-1172309.490,358.080
-443815.950,-1172308.610,357.970
-443815.920,-1172309.650,357.960
-443820.540,-1172310.600,356.740
-443826.130,-1172332.830,371.110
-443826.410,-1172334.530,370.700
-443696.690,-1172320.290,361.960
-443697.030,-1172320.320,361.780
-443697.860,-1172320.330,361.390
-443698.230,-1172319.410,361.400
-443697.230,-1172320.830,361.570
-443698.310,-1172321.370,361.040
-443699.740,-1172317.830,360.920
-443696.920,-1172323.880,361.290
-443697.750,-1172321.840,361.100
-443698.250,-1172323.350,360.780
-443698.370,-1172323.050,360.740
-443699.460,-1172320.350,360.650
-443696.800,-1172325.970,360.960
-443697.770,-1172323.570,360.900
-443698.250,-1172322.360,360.930
-443699.810,-1172318.530,360.810
-443697.520,-1172326.100,360.630
-443697.990,-1172324.940,360.660
-443719.980,-1172318.400,358.640
-443720.110,-1172318.100,358.550
-443716.260,-1172331.620,360.490
-443716.630,-1172335.340,360.440
-443797.300,-1172415.150,354.160
-443798.380,-1172415.160,353.950
-443797.390,-1172416.010,354.110
-443801.220,-1172412.250,352.720
-443797.420,-1172419.160,354.170
-443801.450,-1172416.320,352.700
-443797.990,-1172420.110,353.970
-443801.520,-1172417.570,352.580
-443801.120,-1172418.460,352.890
-443800.670,-1172421.870,353.070
-443802.570,-1172438.640,351.300
-443799.830,-1172409.400,350.800
-443798.780,-1172409.170,351.340
-443798.540,-1172409.370,351.460
-443799.370,-1172409.450,351.020
-443798.990,-1172408.540,351.240
-443800.010,-1172408.120,350.640
-443799.020,-1172408.960,351.200
-443800.250,-1172407.070,350.420
-443798.820,-1172408.290,351.310
-443798.090,-1172408.900,351.750
-443799.390,-1172406.480,350.860
-443799.140,-1172406.700,351.000
-443799.760,-1172406.590,350.720
-443799.330,-1172405.290,350.880
-443799.080,-1172405.510,351.010
-443798.230,-1172406.730,351.590
-443799.090,-1172406.340,351.080
-443797.870,-1172407.370,351.780
-443799.450,-1172403.760,350.700
-443799.360,-1172404.280,350.750
-443799.140,-1172404.470,350.910
-443798.180,-1172405.290,351.510
-443797.920,-1172406.010,351.690
-443798.330,-1172404.120,351.340
-443798.070,-1172404.340,351.480
-443797.580,-1172404.760,351.800
-443769.900,-1172412.590,353.870
-443769.890,-1172413.070,353.940
-443770.030,-1172413.850,353.850
-443770.030,-1172414.800,353.890
-443769.970,-1172415.410,353.990
-443770.170,-1172416.640,353.830
-443770.090,-1172417.670,353.900
-443770.260,-1172418.490,353.820
-443770.170,-1172419.450,353.620
-443769.930,-1172419.660,354.100
-443770.270,-1172421.170,354.030
-443785.080,-1172421.560,350.100
-443784.970,-1172420.020,350.140
-443784.870,-1172419.740,350.260
-443770.610,-1172431.310,354.460
-443784.780,-1172418.460,350.280
-443784.690,-1172418.210,350.280
-443770.690,-1172428.590,348.000
-443777.640,-1172419.510,349.280
-443777.190,-1172419.390,349.410
-443795.040,-1172379.420,351.840
-443795.650,-1172379.350,351.530
-443795.420,-1172379.550,351.670
-443797.320,-1172378.330,350.490
-443796.920,-1172379.180,350.840
-443795.930,-1172380.020,351.450
-443795.450,-1172380.430,351.680
-443797.080,-1172379.540,350.750
-443795.620,-1172380.770,351.610
-443796.960,-1172380.120,350.870
-443795.980,-1172380.960,351.430
-443796.640,-1172380.850,351.050
-443796.410,-1172381.050,351.190
-443796.150,-1172381.270,351.320
-443797.090,-1172381.630,350.850
-443796.610,-1172382.040,351.150
-443797.550,-1172381.690,350.580
-443796.830,-1172382.290,351.030
-443796.590,-1172382.500,351.150
-443795.630,-1172383.320,351.750
-443796.890,-1172383.620,351.070
-443796.170,-1172384.230,351.530
-443795.910,-1172384.450,351.670
-443797.630,-1172383.460,350.660
-443795.660,-1172385.580,351.880
-443796.400,-1172385.520,351.450
-443796.650,-1172385.310,351.340
-443795.750,-1172386.600,351.900
-443797.910,-1172384.770,350.580
-443797.440,-1172385.170,350.860
-443797.420,-1172385.980,350.940
-443796.190,-1172387.020,351.640
-443796.400,-1172387.690,351.580
-443796.140,-1172387.900,351.710
-443798.290,-1172386.510,350.430
-443798.050,-1172386.720,350.620
-443798.150,-1172387.930,350.650
-443798.080,-1172388.350,350.700
-443797.570,-1172388.790,350.960
-443798.560,-1172389.230,350.400
-443797.090,-1172390.480,351.360
-443796.850,-1172390.680,351.500
-443796.370,-1172391.090,351.780
-443798.000,-1172390.120,350.830
-443797.020,-1172390.950,351.420
-443796.530,-1172391.370,351.690
-443798.180,-1172390.390,350.720
-443797.950,-1172391.120,350.870
-443797.480,-1172391.510,351.190
-443798.140,-1172391.510,350.820
-443797.170,-1172392.340,351.430
-443796.720,-1172393.590,351.680
-443798.370,-1172392.720,350.730
-443797.880,-1172393.140,351.040
-443797.770,-1172393.770,351.120
-443798.820,-1172393.310,350.490
-443798.660,-1172393.890,350.610
-443797.950,-1172394.490,351.020
-443796.760,-1172396.020,351.790
-443798.430,-1172394.600,350.820
-443798.190,-1172394.800,350.960
-443797.030,-1172396.290,351.690
-443798.120,-1172395.750,351.020
-443798.900,-1172395.490,350.590
-443797.920,-1172396.320,351.160
-443798.350,-1172396.420,350.930
-443798.970,-1172396.840,350.630
-443797.260,-1172398.290,351.650
-443797.650,-1172398.390,351.450
-443797.410,-1172398.590,351.600
-443798.950,-1172397.770,350.700
-443798.750,-1172398.500,350.860
-443797.990,-1172399.140,351.270
-443797.230,-1172400.170,351.750
-443798.950,-1172403.090,350.980
-443799.560,-1172401.600,350.540
-443799.360,-1172401.090,350.560
-443798.860,-1172401.520,350.890
-443798.150,-1172402.120,351.350
-443798.900,-1172400.990,350.870
-443797.970,-1172401.780,351.420
-443797.960,-1172400.980,351.440
-443797.210,-1172401.100,351.810
-443795.480,-1172291.150,355.250
-443759.250,-1172336.510,353.020
-443759.750,-1172336.090,352.790
-443759.230,-1172336.280,353.060
-443758.750,-1172336.690,353.300
-443759.280,-1172335.360,352.980
-443757.840,-1172335.620,353.660
-443757.580,-1172335.840,353.800
-443759.300,-1172334.380,352.900
-443758.560,-1172335.010,353.340
-443758.060,-1172335.430,353.550
-443757.430,-1172334.360,353.840
-443757.180,-1172334.580,353.960
-443756.200,-1172335.400,354.410
-443757.860,-1172333.020,353.560
-443757.630,-1172333.220,353.680
-443757.390,-1172333.420,353.830
-443755.670,-1172334.870,354.640
-443758.650,-1172332.920,353.190
-443758.160,-1172333.330,353.430
-443756.470,-1172333.710,354.240
-443755.480,-1172334.550,354.740
-443755.670,-1172333.390,354.560
-443756.740,-1172331.430,353.980
-443756.480,-1172331.650,354.080
-443750.370,-1172336.810,352.710
-443757.740,-1172330.590,353.470
-443757.480,-1172330.800,353.610
-443758.150,-1172329.220,353.190
-443757.910,-1172329.430,353.320
-443756.210,-1172330.860,354.170
-443755.750,-1172331.250,354.430
-443776.160,-1172313.100,350.850
-443757.700,-1172329.100,353.440
-443757.470,-1172329.300,353.580
-443756.000,-1172330.540,354.290
-443755.930,-1172329.650,354.300
-443755.690,-1172329.850,354.380
-443755.080,-1172330.030,354.720
-443755.270,-1172329.360,354.750
-443727.830,-1172324.440,350.670
-443826.220,-1172336.760,371.090
-443830.830,-1172336.180,370.840
-443734.120,-1172425.960,361.690
-443734.010,-1172426.460,361.760
-443838.980,-1172337.350,370.450
-443734.180,-1172427.410,361.630
-443734.170,-1172429.700,361.750
-443826.650,-1172350.770,371.020
-443734.450,-1172429.820,361.510
-443826.970,-1172354.670,370.710
-443827.070,-1172357.520,370.780
-443827.180,-1172360.390,370.770
-443827.290,-1172363.220,370.770
-443826.920,-1172364.690,371.160
-443831.710,-1172361.530,370.830
-443834.900,-1172377.710,374.650
-443841.300,-1172428.010,374.840
-443843.270,-1172417.100,377.260
-443849.230,-1172410.580,374.170
-443849.240,-1172410.110,374.170
-443847.430,-1172407.790,374.200
-443850.950,-1172400.870,374.230
-443850.760,-1172400.120,374.450
-443850.370,-1172398.210,374.790
-443850.370,-1172394.510,374.820
-443851.150,-1172391.120,373.650
-443850.940,-1172387.800,374.600
-443835.620,-1172392.280,374.330
-443841.850,-1172382.500,374.230
-443849.790,-1172374.360,374.740
-443835.410,-1172386.110,374.370
-443835.390,-1172385.770,374.370
-443850.650,-1172371.770,373.800
-443850.410,-1172371.960,373.930
-443722.710,-1172290.810,357.240
-443722.940,-1172292.070,357.260
-443722.700,-1172292.270,357.420
-443722.850,-1172292.580,357.250
-443725.150,-1172291.930,356.370
-443725.020,-1172294.100,356.520
-443739.320,-1172292.170,359.530
-443740.060,-1172292.990,359.020
-443739.190,-1172294.330,359.730
-443739.590,-1172295.930,359.570
-443720.660,-1172317.540,358.220
-443722.000,-1172317.280,357.450
-443721.730,-1172318.110,357.670
-443725.850,-1172320.230,358.480
-443725.360,-1172320.640,358.800
-443726.990,-1172319.720,357.790
-443726.960,-1172320.060,357.780
-443726.710,-1172320.270,357.960
-443726.450,-1172320.490,358.130
-443725.990,-1172320.880,358.450
-443765.970,-1172293.540,358.830
-443746.380,-1172316.830,360.830
-443746.800,-1172317.080,360.630
-443746.980,-1172317.310,360.530
-443747.460,-1172317.490,360.240
-443741.560,-1172322.810,357.670
-443747.960,-1172318.030,359.940
-443750.580,-1172320.110,358.350
-443784.280,-1172318.040,358.930
-443790.810,-1172315.690,359.710
-443791.060,-1172316.090,359.540
-443792.000,-1172317.500,359.030
-443791.990,-1172316.890,359.010
-443792.390,-1172317.720,358.850
-443797.350,-1172312.970,360.750
-443798.240,-1172313.320,360.260
-443798.340,-1172313.710,360.220
-443794.310,-1172318.610,357.730
-443794.060,-1172318.820,357.880
-443808.530,-1172307.480,357.660
-443815.100,-1172308.890,358.480
-443837.130,-1172306.380,357.130
-443837.610,-1172306.530,356.900
-443840.930,-1172307.530,355.990
-443700.470,-1172317.270,360.700
-443698.760,-1172318.690,361.240
-443698.310,-1172320.470,361.160
-443698.590,-1172319.840,361.170
-443700.410,-1172317.850,360.610
-443696.930,-1172322.410,361.520
-443696.700,-1172322.140,361.620
-443699.170,-1172321.770,360.510
-443697.980,-1172321.930,361.110
-443697.470,-1172322.350,361.270
-443697.700,-1172324.610,360.840
-443699.070,-1172322.410,360.540
-443698.030,-1172324.750,360.640
-443715.830,-1172328.230,360.520
-443715.750,-1172329.140,360.630
-443716.010,-1172329.850,360.570
-443716.660,-1172335.390,360.480
-443716.470,-1172335.070,360.570
-443799.150,-1172405.380,351.030
-443798.410,-1172407.270,351.610
-443798.160,-1172407.920,351.710
-443798.040,-1172408.220,351.840
-443798.860,-1172404.530,351.150
-443797.980,-1172406.780,351.760
-443797.730,-1172407.420,351.930
-443798.250,-1172403.290,351.490
-443797.610,-1172404.910,351.850
-443798.230,-1172409.280,351.810
-443800.300,-1172407.220,350.590
-443799.410,-1172409.510,351.160
-443799.610,-1172407.300,350.930
-443799.110,-1172408.590,351.230
-443798.300,-1172415.190,353.860
-443800.070,-1172409.350,350.780
-443798.260,-1172418.210,353.910
-443798.180,-1172419.980,353.930
-443801.190,-1172412.240,352.780
-443801.270,-1172410.450,352.710
-443801.340,-1172413.230,352.790
-443799.970,-1172419.680,353.320
-443801.530,-1172415.640,352.670
-443801.420,-1172415.940,352.780
-443851.970,-1172431.010,351.440
-443770.080,-1172415.110,354.010
-443770.200,-1172418.730,354.030
-443770.260,-1172419.820,353.990
-443770.190,-1172421.180,354.010
-443795.200,-1172378.890,351.870
-443795.850,-1172378.280,351.440
-443795.370,-1172380.840,351.810
-443797.080,-1172379.210,350.860
-443796.700,-1172380.180,351.110
-443796.570,-1172380.510,351.150
-443795.680,-1172382.750,351.780
-443796.430,-1172382.210,351.290
-443795.810,-1172383.770,351.760
-443797.310,-1172381.500,350.790
-443797.180,-1172381.820,350.870
-443797.470,-1172382.370,350.790
-443796.610,-1172384.570,351.410
-443797.100,-1172384.460,351.100
-443796.290,-1172387.650,351.750
-443797.290,-1172385.120,351.000
-443797.560,-1172386.010,350.970
-443796.280,-1172389.230,351.800
-443797.620,-1172388.860,351.050
-443797.370,-1172389.510,351.250
-443797.670,-1172390.090,351.100
-443796.910,-1172392.010,351.580
-443797.080,-1172393.040,351.580
-443796.950,-1172393.370,351.680
-443797.820,-1172392.450,351.080
-443797.340,-1172393.680,351.440
-443798.210,-1172391.470,350.870
-443798.480,-1172391.900,350.770
-443797.610,-1172394.120,351.320
-443796.850,-1172396.050,351.840
-443796.720,-1172396.390,351.900
-443798.550,-1172392.880,350.720
-443797.290,-1172396.090,351.660
-443798.440,-1172394.620,350.930
-443797.420,-1172397.200,351.600
-443798.820,-1172395.100,350.710
-443798.050,-1172397.050,351.200
-443797.570,-1172398.270,351.620
-443797.050,-1172399.600,351.850
-443798.670,-1172396.690,350.890
-443798.050,-1172398.270,351.290
-443799.420,-1172396.050,350.440
-443797.660,-1172400.550,351.630
-443798.940,-1172398.840,350.860
-443797.430,-1172402.700,351.920
-443798.870,-1172401.710,351.000
-443799.630,-1172402.560,350.670
-443839.950,-1172338.570,351.540
-443839.960,-1172338.590,354.350
-443840.160,-1172346.920,351.560
-443840.020,-1172347.260,351.610
-443840.400,-1172363.800,354.370
-443840.740,-1172364.230,348.770
-443840.090,-1172333.140,354.290
-443839.560,-1172332.880,354.400
-443839.430,-1172333.200,354.430
-443749.810,-1172314.230,352.320
-443755.240,-1172329.820,354.660
-443754.860,-1172330.750,354.920
-443755.510,-1172330.060,354.540
-443754.850,-1172331.650,354.930
-443756.340,-1172329.690,354.110
-443755.680,-1172331.290,354.530
-443757.330,-1172329.510,353.660
-443756.560,-1172331.370,354.150
-443757.810,-1172330.260,353.490
-443758.530,-1172329.940,353.110
-443756.820,-1172334.080,354.130
-443756.290,-1172335.360,354.390
-443758.510,-1172330.710,353.230
-443757.450,-1172333.270,353.820
-443757.320,-1172333.590,353.840
-443757.620,-1172334.020,353.680
-443758.610,-1172333.260,353.310
-443758.790,-1172333.570,353.250
-443758.660,-1172333.900,353.330
-443759.500,-1172336.180,353.030
-443851.830,-1172426.590,360.930
-443850.390,-1172415.630,374.110
-443849.210,-1172408.930,374.310
-443843.440,-1172419.280,374.370
-443836.790,-1172428.890,374.690
-443850.170,-1172386.150,374.710
-443851.230,-1172378.910,373.430
-443851.080,-1172377.090,373.420
-443850.470,-1172377.450,373.750
-443835.610,-1172399.510,374.790
-443841.970,-1172382.410,377.440
-443841.860,-1172382.720,377.480
-443841.610,-1172380.790,374.270
-443840.930,-1172362.570,370.340
-443840.810,-1172361.720,365.540
-443840.670,-1172362.080,365.560
-443840.830,-1172360.540,359.890
-443840.480,-1172361.540,365.570
-443840.920,-1172360.430,370.330
-443840.350,-1172360.390,368.460
-443840.660,-1172359.470,360.070
-443840.410,-1172357.140,357.210
-443840.280,-1172357.520,359.980
-443840.430,-1172357.170,362.780
-443840.040,-1172350.340,359.990
-443840.060,-1172347.270,359.990
-443839.940,-1172347.590,360.030
-443840.060,-1172347.310,362.780
-443839.960,-1172347.590,365.620
-443840.100,-1172347.260,368.410
-443840.350,-1172345.120,370.360
-443839.950,-1172340.230,357.130
-443840.010,-1172340.190,368.350
-443839.840,-1172338.980,362.740
-443839.150,-1172340.880,370.480
-443839.970,-1172338.600,357.140
-443827.050,-1172352.380,370.790
-443826.710,-1172353.270,371.130
-443831.060,-1172343.090,370.860
-443827.090,-1172353.370,370.800
-443831.070,-1172336.800,370.740
-443826.330,-1172343.380,371.130
-443826.770,-1172345.060,370.870
-443770.660,-1172432.570,361.300
-443734.010,-1172426.170,361.820
-443734.080,-1172428.190,361.850
-443839.540,-1172331.580,362.730
-443826.190,-1172334.870,371.120
-443837.760,-1172306.570,356.820
-443826.120,-1172331.140,371.110
-443826.070,-1172333.630,371.100
-443815.850,-1172308.520,357.980
-443811.220,-1172309.340,358.980
-443798.630,-1172311.330,360.050
-443798.250,-1172313.440,360.320
-443794.550,-1172318.850,357.650
-443794.280,-1172318.660,357.820
-443791.820,-1172316.730,359.190
-443792.280,-1172317.120,358.950
-443790.780,-1172315.710,359.790
-443790.540,-1172316.290,360.020
-443775.480,-1172315.580,361.060
-443765.710,-1172293.620,359.130
-443741.680,-1172293.880,358.170
-443741.090,-1172293.370,358.530
-443739.580,-1172295.380,359.650
-443739.450,-1172295.690,359.720
-443727.340,-1172321.660,357.900
-443739.300,-1172293.980,359.700
-443739.150,-1172294.330,359.630
-443726.890,-1172321.250,358.040
-443726.700,-1172319.960,358.080
-443727.220,-1172319.800,357.810
-443721.950,-1172316.720,357.560
-443725.690,-1172292.310,356.250
-443725.290,-1172291.700,356.390
-443724.360,-1172293.980,356.830
-443723.250,-1172292.600,357.180
-443722.720,-1172292.300,357.310
-443721.900,-1172293.040,357.650
-443716.460,-1172335.630,360.640
-443715.850,-1172329.130,360.640
-443720.470,-1172317.830,358.420
-443719.580,-1172320.000,359.020
-443715.710,-1172326.710,360.680
-443715.550,-1172327.080,360.680
-443715.790,-1172327.450,360.650
-443697.910,-1172325.010,360.750
-443697.610,-1172325.740,360.810
-443698.030,-1172321.850,361.230
-443697.450,-1172323.280,361.160
-443698.220,-1172322.400,361.030
-443697.950,-1172323.060,361.070
-443696.680,-1172326.190,361.150
-443699.330,-1172320.360,360.840
-443699.050,-1172321.060,360.860
-443697.370,-1172325.180,361.000
-443696.940,-1172326.240,361.030
-443698.360,-1172319.040,361.470
-443697.710,-1172321.100,361.310
-443697.150,-1172322.490,361.470
-443697.800,-1172321.750,361.200
-443696.950,-1172323.840,361.380
-443697.430,-1172319.680,361.830
-443697.190,-1172321.030,361.690
-443705.560,-1172294.450,356.980
-443801.880,-1172423.760,352.670
-443801.430,-1172416.380,352.700
-443797.380,-1172419.490,354.150
-443801.360,-1172414.140,352.660
-443799.100,-1172416.640,353.520
-443798.690,-1172415.810,353.660
-443799.180,-1172414.240,353.470
-443801.220,-1172412.410,352.720
-443797.370,-1172415.140,354.110
-443798.220,-1172404.830,351.490
-443799.390,-1172403.780,350.790
-443797.720,-1172404.870,351.750
-443798.890,-1172403.820,351.040
-443798.020,-1172404.230,351.560
-443799.210,-1172403.160,350.830
-443798.240,-1172403.600,351.430
-443797.860,-1172406.580,351.760
-443799.040,-1172405.530,351.050
-443799.270,-1172405.320,350.920
-443798.620,-1172405.510,351.310
-443799.020,-1172404.640,351.000
-443797.770,-1172407.540,351.840
-443799.170,-1172406.290,350.990
-443799.670,-1172405.840,350.750
-443799.890,-1172405.650,350.580
-443799.530,-1172406.450,350.850
-443799.730,-1172407.490,350.790
-443798.520,-1172409.510,351.540
-443799.210,-1172408.890,351.140
-443798.930,-1172408.730,351.300
-443799.150,-1172408.540,351.160
-443799.400,-1172408.310,351.030
-443799.630,-1172408.100,350.890
-443769.840,-1172413.060,354.060
-443770.230,-1172416.360,353.800
-443770.050,-1172417.510,354.050
-443770.040,-1172418.900,354.000
-443770.300,-1172418.680,353.870
-443770.070,-1172419.650,354.040
-443770.280,-1172421.080,354.000
-443770.640,-1172423.800,353.780
-443776.700,-1172419.290,346.960
-443784.770,-1172418.350,350.250
-443785.150,-1172418.880,349.900
-443770.860,-1172432.920,350.810
-443785.170,-1172420.550,350.020
-443839.550,-1172336.620,354.430
-443795.470,-1172377.860,351.590
-443839.530,-1172338.410,351.600
-443795.140,-1172379.480,351.830
-443795.390,-1172379.250,351.700
-443839.830,-1172338.630,354.330
-443840.090,-1172338.860,354.120
-443839.920,-1172339.430,351.510
-443795.660,-1172379.420,351.510
-443795.890,-1172379.210,351.430
-443797.280,-1172378.410,350.610
-443796.140,-1172380.000,351.280
-443796.840,-1172379.360,350.880
-443797.090,-1172379.140,350.730
-443795.360,-1172381.200,351.800
-443795.600,-1172380.980,351.660
-443796.040,-1172380.950,351.450
-443796.960,-1172380.110,350.880
-443797.260,-1172380.220,350.690
-443796.330,-1172381.060,351.280
-443797.120,-1172380.820,350.800
-443797.570,-1172380.410,350.580
-443796.510,-1172382.210,351.220
-443795.830,-1172383.740,351.680
-443796.310,-1172383.310,351.450
-443797.280,-1172382.440,350.820
-443797.510,-1172382.230,350.700
-443795.900,-1172384.550,351.720
-443796.840,-1172383.710,351.120
-443796.490,-1172384.850,351.360
-443797.440,-1172384.500,350.850
-443797.020,-1172385.250,351.110
-443797.260,-1172385.040,350.970
-443839.940,-1172346.520,354.390
-443795.760,-1172386.800,351.900
-443797.430,-1172385.290,350.900
-443797.900,-1172384.860,350.580
-443839.770,-1172347.560,354.450
-443840.020,-1172347.330,351.590
-443840.260,-1172347.110,351.480
-443797.520,-1172386.210,350.910
-443797.200,-1172386.870,351.090
-443797.980,-1172386.600,350.660
-443796.260,-1172389.220,351.750
-443797.450,-1172388.150,351.060
-443797.910,-1172387.740,350.820
-443840.070,-1172350.170,348.770
-443796.160,-1172389.770,351.840
-443796.410,-1172389.540,351.690
-443839.900,-1172349.860,348.840
-443796.650,-1172389.320,351.570
-443797.590,-1172388.470,350.980
-443797.080,-1172390.040,351.320
-443797.310,-1172389.830,351.180
-443798.510,-1172388.750,350.460
-443796.420,-1172391.230,351.760
-443796.640,-1172391.030,351.610
-443796.330,-1172392.260,351.860
-443840.250,-1172352.680,354.310
-443797.710,-1172391.590,351.060
-443797.210,-1172392.610,351.400
-443797.670,-1172392.200,351.110
-443840.240,-1172353.830,351.750
-443797.780,-1172392.520,351.040
-443798.250,-1172392.100,350.780
-443797.180,-1172394.000,351.440
-443797.890,-1172393.360,351.050
-443798.830,-1172392.520,350.450
-443797.590,-1172394.080,351.300
-443797.820,-1172393.870,351.120
-443798.050,-1172393.670,351.000
-443797.470,-1172394.600,351.350
-443798.380,-1172393.780,350.760
-443797.080,-1172395.320,351.600
-443797.770,-1172394.690,351.140
-443798.020,-1172394.470,351.030
-443796.930,-1172395.920,351.710
-443797.010,-1172396.310,351.730
-443798.670,-1172394.810,350.710
-443840.230,-1172357.730,351.640
-443797.660,-1172396.070,351.300
-443798.050,-1172397.080,351.200
-443796.980,-1172398.390,351.830
-443797.220,-1172398.170,351.690
-443798.140,-1172397.340,351.120
-443798.850,-1172396.710,350.680
-443799.310,-1172396.290,350.380
-443797.580,-1172398.260,351.480
-443798.770,-1172397.180,350.790
-443799.000,-1172396.990,350.600
-443797.390,-1172398.890,351.650
-443797.840,-1172398.490,351.310
-443798.090,-1172398.260,351.180
-443798.340,-1172398.030,351.070
-443799.050,-1172397.390,350.630
-443799.270,-1172397.200,350.470
-443840.440,-1172360.150,351.560
-443797.170,-1172399.580,351.800
-443797.050,-1172400.030,351.890
-443797.980,-1172399.200,351.300
-443840.460,-1172360.620,351.570
-443797.090,-1172400.410,351.880
-443797.330,-1172400.200,351.720
-443798.050,-1172399.540,351.320
-443798.100,-1172400.030,351.310
-443798.300,-1172400.430,351.220
-443797.270,-1172401.840,351.850
-443797.840,-1172401.740,351.510
-443799.020,-1172400.680,350.830
-443840.350,-1172364.040,354.580
-443840.580,-1172363.830,354.330
-443797.930,-1172402.180,351.490
-443798.860,-1172401.340,350.910
-443799.340,-1172400.910,350.640
-443798.920,-1172401.780,350.910
-443799.500,-1172401.590,350.570
-443799.710,-1172401.400,350.410
-443799.200,-1172402.220,350.750
-443840.440,-1172365.680,351.660
-443839.760,-1172333.320,354.290
-443839.390,-1172333.140,354.460
-443839.600,-1172332.940,354.330
-443839.370,-1172333.160,348.790
-443842.500,-1172308.610,354.970
-443758.880,-1172336.720,353.310
-443759.320,-1172336.320,353.040
-443758.930,-1172335.820,353.200
-443759.360,-1172335.040,352.970
-443758.120,-1172335.530,353.570
-443758.590,-1172335.110,353.330
-443759.320,-1172334.440,352.960
-443756.540,-1172336.440,354.340
-443757.480,-1172335.580,353.880
-443757.710,-1172335.370,353.750
-443757.100,-1172334.910,354.000
-443757.390,-1172334.110,353.820
-443758.370,-1172333.210,353.340
-443758.590,-1172333.010,353.220
-443756.380,-1172335.570,354.360
-443756.320,-1172334.700,354.330
-443757.510,-1172333.620,353.720
-443756.700,-1172333.970,354.140
-443757.420,-1172333.310,353.780
-443757.910,-1172332.860,353.560
-443755.330,-1172334.960,354.870
-443756.480,-1172333.910,354.230
-443755.940,-1172332.880,354.460
-443756.650,-1172332.230,354.070
-443757.850,-1172331.130,353.460
-443758.720,-1172329.870,352.930
-443756.550,-1172331.510,354.060
-443756.800,-1172331.290,353.940
-443758.460,-1172329.770,353.040
-443750.330,-1172336.740,352.500
-443757.050,-1172330.610,353.800
-443755.510,-1172331.650,354.570
-443755.990,-1172331.220,354.330
-443756.920,-1172330.370,353.840
-443758.100,-1172329.290,353.240
-443754.980,-1172331.480,354.850
-443756.390,-1172330.190,354.040
-443756.650,-1172329.950,353.950
-443757.350,-1172329.320,353.610
-443756.390,-1172329.670,354.050
-443755.050,-1172329.980,354.790
-443723.330,-1172329.100,352.130
-443851.210,-1172428.880,374.520
-443851.940,-1172426.500,360.720
-443849.260,-1172411.520,374.200
-443849.270,-1172410.000,374.110
-443849.230,-1172410.520,374.270
-443849.120,-1172409.200,374.270
-443850.880,-1172400.850,374.390
-443850.480,-1172399.470,374.760
-443850.380,-1172399.070,374.820
-443851.030,-1172390.820,373.610
-443835.680,-1172398.330,374.710
-443849.710,-1172385.090,375.000
-443849.970,-1172384.580,374.880
-443835.490,-1172396.740,374.720
-443850.200,-1172382.660,374.720
-443850.850,-1172379.610,369.330
-443850.790,-1172379.670,367.350
-443850.650,-1172379.350,367.400
-443850.900,-1172379.130,367.350
-443851.100,-1172378.950,373.360
-443850.220,-1172378.930,374.020
-443850.410,-1172378.030,373.800
-443851.300,-1172376.740,371.360
-443851.370,-1172376.340,371.370
-443850.110,-1172374.890,374.360
-443840.780,-1172363.130,362.690
-443839.590,-1172363.290,370.650
-443840.520,-1172361.880,365.520
-443840.450,-1172361.400,365.570
-443840.700,-1172360.400,359.780
-443840.220,-1172359.880,360.010
-443840.460,-1172359.670,359.940
-443840.430,-1172359.270,360.430
-443840.200,-1172358.120,368.410
-443840.430,-1172357.910,368.340
-443840.580,-1172357.070,365.460
-443840.310,-1172357.310,362.750
-443840.260,-1172357.360,357.190
-443827.300,-1172363.390,370.780
-443840.270,-1172350.540,362.700
-443839.950,-1172349.820,365.610
-443839.790,-1172347.550,365.630
-443840.040,-1172347.310,365.580
-443840.020,-1172347.330,362.760
-443840.020,-1172347.330,359.960
-443840.070,-1172347.290,368.380
-443839.860,-1172347.000,360.030
-443839.840,-1172347.020,357.220
-443840.200,-1172343.690,370.170
-443839.890,-1172343.040,365.570
-443826.680,-1172354.610,371.110
-443839.640,-1172340.150,368.360
-443839.630,-1172340.150,357.180
-443839.620,-1172339.290,357.210
-443839.820,-1172338.640,357.120
-443734.570,-1172434.240,361.370
-443826.570,-1172350.130,371.090
-443839.520,-1172338.420,357.240
-443839.550,-1172336.620,360.030
-443831.370,-1172343.510,370.600
-443734.480,-1172431.120,361.480
-443734.230,-1172430.040,361.790
-443734.400,-1172429.510,361.550
-443826.710,-1172344.130,370.720
-443734.040,-1172426.070,361.770
-443831.060,-1172336.190,370.650
-443831.030,-1172336.680,370.740
-443826.240,-1172339.450,371.100
-443826.490,-1172335.760,370.740
-443839.390,-1172331.800,368.400
-443839.380,-1172331.810,365.590
-443839.640,-1172331.570,362.720
-443839.500,-1172332.180,368.400
-443826.160,-1172332.840,371.080
-443841.590,-1172307.890,355.570
-443837.260,-1172306.440,357.100
-443837.590,-1172306.630,356.890
-443837.000,-1172306.270,357.290
-443820.500,-1172310.580,356.750
-443815.850,-1172308.400,357.930
-443815.840,-1172309.440,357.980
-443794.300,-1172319.250,357.770
-443794.040,-1172319.000,357.960
-443798.320,-1172313.650,360.240
-443798.090,-1172313.390,360.410
-443797.960,-1172312.750,360.430
-443792.660,-1172317.920,358.710
-443793.090,-1172317.520,358.390
-443798.390,-1172311.480,360.090
-443792.530,-1172317.220,358.710
-443791.430,-1172316.970,359.400
-443791.660,-1172316.760,359.260
-443791.130,-1172316.630,359.560
-443791.370,-1172316.420,359.400
-443790.520,-1172316.150,359.930
-443790.740,-1172315.950,359.770
-443775.460,-1172315.720,360.970
-443775.340,-1172315.440,361.030
-443748.220,-1172325.090,357.020
-443750.990,-1172320.200,358.150
-443750.190,-1172319.730,358.600
-443741.790,-1172325.430,357.430
-443748.690,-1172318.610,359.520
-443747.820,-1172317.850,360.010
-443747.380,-1172317.450,360.300
-443749.910,-1172313.930,358.330
-443749.820,-1172313.530,358.350
-443726.500,-1172321.290,358.250
-443726.200,-1172321.120,358.410
-443726.940,-1172319.450,357.820
-443721.350,-1172318.110,357.870
-443721.830,-1172317.670,357.590
-443720.560,-1172318.300,358.330
-443721.950,-1172317.020,357.490
-443720.590,-1172317.860,358.310
-443721.320,-1172316.720,357.860
-443741.270,-1172296.470,358.610
-443743.720,-1172293.770,358.650
-443741.070,-1172295.320,358.600
-443739.440,-1172295.920,359.710
-443739.260,-1172294.250,359.690
-443739.170,-1172293.390,359.700
-443725.510,-1172293.000,356.270
-443722.380,-1172293.170,357.430
-443721.620,-1172293.400,357.790
-443716.540,-1172334.800,360.650
-443716.620,-1172335.250,360.590
-443720.180,-1172319.180,358.580
-443720.020,-1172319.800,358.730
-443719.880,-1172318.920,358.750
-443719.730,-1172319.600,358.870
-443720.360,-1172318.070,358.440
-443697.980,-1172325.060,360.690
-443697.370,-1172326.990,360.560
-443698.600,-1172323.150,360.640
-443696.700,-1172325.850,361.090
-443697.210,-1172325.380,360.930
-443698.000,-1172324.660,360.730
-443696.940,-1172326.010,360.960
-443699.500,-1172320.260,360.640
-443699.040,-1172321.090,360.780
-443699.320,-1172320.830,360.740
-443696.720,-1172323.860,361.440
-443698.050,-1172323.150,360.900
-443697.160,-1172321.450,361.560
-443698.170,-1172320.510,361.290
-443698.480,-1172320.730,361.120
-443696.730,-1172322.830,361.550
-443696.980,-1172322.590,361.450
-443698.470,-1172319.150,361.340
-443700.490,-1172317.290,360.740
-443696.950,-1172321.030,361.740
-443698.430,-1172319.670,361.290
-443801.370,-1172422.370,352.900
-443801.230,-1172422.720,352.950
-443797.630,-1172404.760,351.820
-443798.470,-1172405.330,351.240
-443797.930,-1172406.770,351.640
-443798.780,-1172403.790,351.100
-443798.210,-1172405.310,351.550
-443797.940,-1172406.030,351.740
-443798.450,-1172403.180,351.180
-443797.760,-1172405.010,351.630
-443799.760,-1172404.070,350.530
-443798.500,-1172407.410,351.390
-443798.210,-1172408.180,351.550
-443798.910,-1172405.590,351.090
-443798.190,-1172407.480,351.720
-443797.940,-1172408.160,351.790
-443799.800,-1172406.570,350.740
-443799.520,-1172407.310,350.930
-443798.960,-1172408.790,351.260
-443799.860,-1172405.530,350.700
-443799.450,-1172406.630,350.960
-443799.030,-1172407.720,351.240
-443798.750,-1172408.460,351.410
-443800.210,-1172407.520,350.430
-443798.270,-1172415.310,353.770
-443799.260,-1172414.260,353.500
-443801.160,-1172412.250,352.730
-443800.170,-1172416.460,353.210
-443801.340,-1172413.990,352.720
-443801.420,-1172417.370,352.800
-443801.190,-1172418.540,352.780
-443770.080,-1172413.910,353.860
-443769.920,-1172414.330,354.070
-443769.790,-1172414.680,354.080
-443769.960,-1172416.710,354.070
-443769.990,-1172417.410,354.010
-443770.130,-1172418.270,354.040
-443784.840,-1172419.690,350.310
-443785.030,-1172419.920,350.080
-443795.150,-1172379.070,351.910
-443796.300,-1172378.200,351.190
-443796.160,-1172378.570,351.260
-443795.450,-1172380.450,351.770
-443795.490,-1172378.750,351.500
-443796.540,-1172378.500,350.970
-443795.980,-1172379.990,351.330
-443795.850,-1172380.350,351.420
-443796.840,-1172379.210,351.000
-443796.550,-1172379.980,351.170
-443796.420,-1172380.350,351.330
-443795.850,-1172381.860,351.700
-443796.030,-1172382.100,351.450
-443797.530,-1172380.320,350.530
-443796.570,-1172382.170,351.270
-443795.880,-1172384.000,351.670
-443796.820,-1172383.470,351.140
-443795.970,-1172384.470,351.560
-443796.520,-1172384.930,351.360
-443797.860,-1172382.970,350.660
-443797.310,-1172384.450,351.060
-443797.180,-1172384.790,351.090
-443797.030,-1172385.180,351.260
-443796.910,-1172385.500,351.210
-443796.760,-1172385.910,351.430
-443796.340,-1172387.030,351.730
-443796.070,-1172387.750,351.850
-443797.950,-1172384.910,350.600
-443797.530,-1172386.030,350.860
-443797.080,-1172387.220,351.280
-443796.950,-1172387.570,351.320
-443797.270,-1172385.360,350.850
-443796.980,-1172386.130,351.150
-443796.720,-1172388.900,351.410
-443797.710,-1172386.260,350.750
-443797.690,-1172388.060,350.950
-443796.450,-1172391.370,351.740
-443797.140,-1172390.530,351.370
-443798.140,-1172389.410,350.780
-443797.160,-1172392.020,351.400
-443797.820,-1172391.050,350.900
-443797.120,-1172392.930,351.410
-443796.980,-1172393.300,351.500
-443796.550,-1172394.440,351.830
-443797.410,-1172393.840,351.350
-443796.980,-1172394.980,351.660
-443796.710,-1172395.690,351.840
-443798.780,-1172392.660,350.570
-443798.360,-1172393.770,350.860
-443798.080,-1172394.530,351.050
-443798.380,-1172392.180,350.650
-443798.250,-1172392.540,350.740
-443797.680,-1172394.040,351.210
-443797.550,-1172394.380,351.240
-443797.420,-1172394.730,351.230
-443798.670,-1172393.780,350.620
-443798.390,-1172394.530,350.780
-443797.410,-1172397.130,351.500
-443797.120,-1172397.890,351.690
-443798.010,-1172397.200,351.310
-443797.740,-1172397.920,351.450
-443797.610,-1172398.280,351.520
-443798.300,-1172397.180,351.010
-443797.320,-1172399.770,351.670
-443797.200,-1172400.110,351.710
-443798.880,-1172396.930,350.710
-443798.180,-1172398.780,351.240
-443797.750,-1172399.930,351.550
-443799.060,-1172396.970,350.570
-443798.080,-1172399.570,351.220
-443797.820,-1172400.250,351.290
-443797.250,-1172401.790,351.790
-443798.730,-1172399.470,350.910
-443797.880,-1172401.710,351.510
-443797.470,-1172402.800,351.800
-443799.060,-1172399.450,350.690
-443798.510,-1172400.910,351.040
-443798.380,-1172401.250,351.090
-443798.610,-1172402.160,351.250
-443798.740,-1172402.420,351.000
-443799.590,-1172401.640,350.630
-443799.330,-1172402.340,350.750
-443750.150,-1172335.440,352.560
-443754.800,-1172329.900,354.830
-443755.390,-1172329.810,354.620
-443755.760,-1172329.730,354.300
-443755.210,-1172331.230,354.560
-443756.240,-1172330.160,354.200
-443756.090,-1172330.580,354.380
-443755.960,-1172330.950,354.490
-443755.250,-1172333.900,354.840
-443757.380,-1172329.450,353.690
-443757.260,-1172329.770,353.710
-443757.720,-1172329.120,353.320
-443756.460,-1172332.560,354.090
-443757.750,-1172330.560,353.460
-443756.380,-1172334.310,354.240
-443757.870,-1172331.130,353.370
-443757.720,-1172331.520,353.500
-443757.300,-1172332.680,353.770
-443756.750,-1172334.190,354.140
-443758.430,-1172330.800,353.220
-443758.680,-1172332.930,353.270
-443758.550,-1172333.270,353.230
-443772.510,-1172323.610,352.350
-443851.040,-1172425.810,373.800
-443849.310,-1172410.560,374.160
-443849.180,-1172410.500,374.360
-443849.190,-1172407.170,374.110
-443847.440,-1172407.830,374.170
-443850.560,-1172398.910,374.800
-443836.760,-1172430.350,374.780
-443850.730,-1172377.700,373.600
-443836.210,-1172408.110,374.220
-443849.550,-1172371.480,374.910
-443834.730,-1172405.320,359.840
-443834.560,-1172401.880,359.780
-443835.780,-1172395.660,374.350
-443834.910,-1172377.570,374.760
-443833.980,-1172376.190,368.310
-443834.870,-1172373.120,374.810
-443827.220,-1172358.770,370.790
-443826.960,-1172355.690,370.690
-443826.840,-1172349.170,370.700
-443826.500,-1172347.230,371.140
-443826.440,-1172337.820,371.150
-443826.400,-1172340.380,371.150
-443734.560,-1172434.370,361.350
-443734.360,-1172431.810,361.790
-443734.080,-1172428.760,361.830
-443734.020,-1172426.190,361.800
-443826.360,-1172331.830,370.710
-443815.850,-1172308.420,357.920
-443815.210,-1172309.190,358.530
-443798.340,-1172313.360,360.390
-443798.450,-1172313.750,360.160
-443797.800,-1172312.460,360.560
-443797.930,-1172312.770,360.400
-443792.890,-1172318.170,358.620
-443791.850,-1172317.260,359.150
-443791.090,-1172316.590,359.580
-443790.090,-1172316.060,360.220
-443775.680,-1172315.830,360.780
-443750.940,-1172320.120,358.190
-443750.210,-1172319.870,358.660
-443742.470,-1172295.700,357.750
-443742.340,-1172295.150,357.920
-443741.350,-1172293.730,358.320
-443739.270,-1172293.520,359.670
-443727.200,-1172321.610,357.910
-443726.880,-1172319.510,357.970
-443721.290,-1172316.760,357.870
-443724.020,-1172291.180,356.830
-443722.860,-1172292.220,357.370
-443721.930,-1172294.760,357.680
-443721.780,-1172295.190,357.890
-443720.520,-1172317.820,358.260
-443720.180,-1172319.790,358.660
-443715.810,-1172329.070,360.690
-443715.680,-1172329.400,360.720
-443720.460,-1172317.450,358.380
-443720.060,-1172318.550,358.660
-443719.920,-1172318.930,358.770
-443719.510,-1172320.080,359.120
-443715.910,-1172328.250,360.550
-443715.320,-1172326.800,360.720
-443698.060,-1172324.670,360.570
-443696.930,-1172327.730,360.640
-443697.140,-1172327.820,360.560
-443699.030,-1172320.640,360.880
-443698.660,-1172321.650,360.890
-443697.010,-1172326.090,360.900
-443700.430,-1172317.390,360.760
-443698.280,-1172323.190,360.790
-443697.270,-1172325.920,360.770
-443699.710,-1172320.220,360.440
-443699.240,-1172318.760,361.060
-443698.850,-1172319.820,361.110
-443699.400,-1172318.980,360.970
-443698.770,-1172320.680,361.000
-443696.750,-1172326.140,361.080
-443697.340,-1172322.340,361.320
-443698.620,-1172319.520,361.160
-443698.270,-1172318.840,361.520
-443696.700,-1172319.730,362.050
-443802.280,-1172435.440,351.550
-443835.320,-1172407.470,354.230
-443801.820,-1172423.600,352.740
-443801.560,-1172418.360,352.790
-443801.510,-1172417.600,352.750
-443799.790,-1172417.510,353.330
-443801.040,-1172412.650,352.840
-443801.320,-1172412.420,352.760
-443798.280,-1172405.120,351.460
-443798.950,-1172404.570,351.070
-443799.290,-1172404.290,350.860
-443799.600,-1172404.040,350.680
-443799.940,-1172403.770,350.520
-443799.330,-1172403.940,350.830
-443799.680,-1172403.650,350.600
-443797.870,-1172404.670,351.680
-443798.720,-1172403.060,351.080
-443798.140,-1172406.670,351.640
-443798.820,-1172406.120,351.200
-443798.790,-1172405.540,351.190
-443799.800,-1172407.420,350.750
-443798.100,-1172408.260,351.740
-443799.530,-1172406.540,350.840
-443798.460,-1172406.880,351.490
-443799.160,-1172406.320,351.090
-443799.080,-1172408.770,351.200
-443798.790,-1172408.240,351.320
-443800.020,-1172409.310,350.710
-443799.860,-1172409.040,350.790
-443800.570,-1172410.900,352.960
-443769.870,-1172414.720,354.060
-443770.270,-1172416.400,353.820
-443770.040,-1172418.900,354.060
-443785.110,-1172420.610,350.130
-443796.470,-1172378.490,351.040
-443796.720,-1172379.240,350.920
-443797.010,-1172379.350,350.810
-443795.420,-1172381.140,351.790
-443796.080,-1172381.110,351.410
-443797.000,-1172380.810,350.890
-443796.530,-1172382.180,351.230
-443797.200,-1172381.630,350.800
-443797.510,-1172381.380,350.640
-443795.990,-1172383.650,351.610
-443797.350,-1172382.540,350.770
-443796.570,-1172383.720,351.300
-443796.930,-1172383.430,351.080
-443797.600,-1172383.500,350.680
-443797.280,-1172384.420,350.930
-443796.820,-1172385.340,351.180
-443795.750,-1172386.820,351.910
-443798.020,-1172385.560,350.550
-443798.120,-1172386.620,350.580
-443796.700,-1172388.910,351.460
-443797.710,-1172388.090,350.910
-443796.050,-1172390.000,351.930
-443796.390,-1172389.710,351.730
-443797.690,-1172389.000,350.940
-443796.880,-1172390.760,351.500
-443798.230,-1172389.650,350.650
-443796.530,-1172391.300,351.700
-443796.860,-1172391.030,351.490
-443797.570,-1172390.450,351.070
-443796.550,-1172392.010,351.720
-443796.800,-1172392.290,351.590
-443796.890,-1172392.660,351.510
-443798.190,-1172391.590,350.800
-443797.840,-1172392.350,350.990
-443797.310,-1172393.870,351.410
-443797.650,-1172393.600,351.200
-443798.670,-1172392.770,350.610
-443798.410,-1172393.890,350.780
-443798.280,-1172396.400,350.970
-443798.190,-1172397.070,351.060
-443798.770,-1172397.170,350.800
-443797.770,-1172398.430,351.390
-443797.480,-1172399.140,351.590
-443797.010,-1172400.100,351.920
-443798.020,-1172399.270,351.330
-443797.230,-1172401.900,351.910
-443798.220,-1172401.090,351.310
-443797.950,-1172401.720,351.480
-443798.630,-1172401.160,351.060
-443798.790,-1172401.350,350.980
-443797.340,-1172402.840,351.850
-443798.380,-1172401.990,351.190
-443798.350,-1172402.460,351.280
-443755.020,-1172329.710,354.720
-443755.260,-1172329.970,354.640
-443755.770,-1172329.970,354.380
-443756.120,-1172329.680,354.180
-443756.300,-1172330.190,354.130
-443756.600,-1172329.930,354.000
-443755.270,-1172331.660,354.730
-443756.230,-1172330.850,354.200
-443757.910,-1172329.450,353.390
-443755.260,-1172332.300,354.730
-443756.030,-1172332.140,354.340
-443756.680,-1172331.590,354.010
-443755.790,-1172332.970,354.530
-443756.420,-1172332.440,354.220
-443757.730,-1172331.340,353.510
-443758.370,-1172330.810,353.240
-443755.240,-1172333.990,354.930
-443755.380,-1172334.930,354.820
-443755.680,-1172334.680,354.700
-443757.340,-1172333.300,353.840
-443756.400,-1172334.840,354.340
-443758.660,-1172332.940,353.240
-443755.600,-1172336.220,354.780
-443758.220,-1172334.030,353.460
-443757.390,-1172336.010,353.890
-443757.700,-1172335.750,353.750
-443758.020,-1172335.490,353.570
-443758.320,-1172335.230,353.470
-443758.660,-1172334.950,353.260
-443759.300,-1172334.420,352.950
-443849.220,-1172410.540,374.270
-443849.180,-1172408.560,374.200
-443830.490,-1172418.930,380.620
-443835.660,-1172413.180,368.270
-443835.610,-1172412.860,359.890
-443835.190,-1172412.190,371.110
-443850.170,-1172395.560,375.060
-443835.400,-1172405.550,365.500
-443850.480,-1172385.430,374.780
-443850.470,-1172385.020,374.730
-443851.040,-1172383.250,374.360
-443850.140,-1172383.120,374.750
-443850.450,-1172382.860,374.660
-443851.340,-1172378.770,373.450
-443850.860,-1172377.250,373.530
-443850.380,-1172376.150,373.730
-443834.620,-1172387.460,357.040
-443849.980,-1172374.910,374.150
-443850.690,-1172372.970,373.420
-443851.090,-1172371.780,373.440
-443833.640,-1172376.280,362.660
-443834.500,-1172375.570,362.700
-443833.990,-1172375.660,362.660
-443834.140,-1172371.770,365.850
-443827.210,-1172361.070,370.760
-443840.310,-1172347.930,370.420
-443826.820,-1172355.950,371.080
-443734.010,-1172428.060,361.830
-443734.320,-1172427.810,361.630
-443815.910,-1172308.280,357.930
-443794.580,-1172318.790,357.620
-443798.190,-1172313.460,360.360
-443791.910,-1172317.410,359.220
-443792.280,-1172317.110,358.890
-443792.350,-1172317.610,358.880
-443797.770,-1172313.090,360.580
-443798.370,-1172311.450,360.130
-443790.830,-1172316.460,359.750
-443790.820,-1172315.930,359.700
-443784.300,-1172318.110,358.940
-443750.890,-1172320.130,358.220
-443749.360,-1172319.130,359.060
-443746.690,-1172316.870,360.710
-443749.850,-1172313.570,358.420
-443726.660,-1172320.600,358.090
-443720.610,-1172318.240,358.330
-443722.220,-1172316.880,357.400
-443721.870,-1172317.630,357.610
-443721.500,-1172316.820,357.760
-443741.650,-1172296.420,358.360
-443742.380,-1172295.800,357.860
-443740.910,-1172296.470,358.870
-443743.770,-1172294.020,358.660
-443743.800,-1172293.540,358.630
-443740.170,-1172292.890,358.980
-443739.190,-1172293.110,359.670
-443725.130,-1172294.040,356.490
-443726.630,-1172292.060,355.910
-443721.940,-1172292.930,357.610
-443722.850,-1172292.140,357.350
-443723.170,-1172291.870,357.140
-443721.680,-1172292.400,357.900
-443716.020,-1172331.780,360.740
-443719.570,-1172319.590,358.990
-443719.860,-1172318.220,358.750
-443697.540,-1172324.720,360.880
-443696.680,-1172325.980,361.070
-443697.890,-1172324.940,360.720
-443697.240,-1172326.240,360.820
-443697.520,-1172326.000,360.730
-443697.240,-1172324.000,361.150
-443697.530,-1172323.750,361.070
-443699.090,-1172322.410,360.530
-443697.560,-1172321.420,361.420
-443698.260,-1172321.300,361.100
-443698.120,-1172322.070,361.030
-443697.270,-1172320.360,361.710
-443698.750,-1172319.080,361.240
-443699.660,-1172318.300,360.940
-443697.900,-1172320.380,361.490
-443699.990,-1172318.590,360.790
-443696.670,-1172322.180,361.660
-443696.780,-1172319.720,362.080
-443697.510,-1172319.510,361.740
-443698.100,-1172319.000,361.580
-443698.680,-1172318.500,361.380
