-443849.510,-1172391.480,374.670
-443843.820,-1172400.130,374.740
-443848.940,-1172373.830,374.340
-443842.990,-1172385.450,374.530
-443801.310,-1172409.910,351.120
-443838.490,-1172342.990,371.010
-443848.940,-1172376.960,374.430
-443849.540,-1172392.340,374.730
-443777.650,-1172424.350,353.510
-443774.930,-1172292.760,358.850
-443833.940,-1172386.710,354.030
-443826.350,-1172354.970,351.330
-443765.210,-1172316.970,355.440
-443849.620,-1172398.970,374.630
-443849.440,-1172387.820,374.730
-443843.840,-1172400.150,374.720
-443849.330,-1172385.800,374.330
-443849.320,-1172381.410,374.350
-443838.970,-1172365.260,370.840
-443826.960,-1172365.080,362.580
-443826.840,-1172365.400,362.520
-443826.530,-1172360.560,369.940
-443765.390,-1172316.030,361.910
-443706.800,-1172319.330,360.300
-443850.320,-1172416.380,374.290
-443848.980,-1172376.890,374.370
-443834.690,-1172379.330,374.070
-443839.000,-1172365.250,370.860
-443826.970,-1172365.370,362.640
-443826.790,-1172365.190,362.570
-443838.540,-1172344.040,370.950
-443838.400,-1172339.370,371.030
-443826.120,-1172346.610,370.050
-443826.110,-1172344.230,370.260
