-443796.790,-1172419.700,354.170
-443795.370,-1172421.640,353.670
-443794.980,-1172419.280,353.600
-443793.500,-1172422.420,352.980
-443793.620,-1172422.120,353.090
-443792.660,-1172420.890,352.750
-443793.800,-1172414.490,353.230
-443802.770,-1172318.810,351.000
-443826.270,-1172354.650,365.360
-443826.530,-1172354.020,362.500
-443850.660,-1172430.080,374.750
-443845.570,-1172406.730,374.200
-443849.300,-1172373.680,375.020
-443834.510,-1172408.590,373.760
-443835.140,-1172399.910,374.690
-443833.650,-1172376.420,359.620
-443838.480,-1172345.280,370.760
-443838.160,-1172337.490,370.720
-443838.510,-1172336.590,371.130
-443826.810,-1172365.660,359.750
-443826.630,-1172365.640,359.770
-443826.210,-1172357.790,364.700
-443742.690,-1172291.400,359.620
-443736.620,-1172326.370,358.260
-443739.950,-1172320.970,360.870
-443704.370,-1172329.210,360.690
-443794.130,-1172412.660,353.410
-443794.260,-1172415.890,353.400
-443793.020,-1172416.930,352.970
-443792.630,-1172420.910,352.730
-443793.780,-1172414.190,353.430
-443793.950,-1172412.410,353.380
-443732.610,-1172400.370,349.070
-443765.660,-1172321.090,355.170
-443743.200,-1172336.520,353.280
-443757.050,-1172322.290,354.340
-443764.770,-1172313.620,355.170
-443826.320,-1172357.670,364.810
-443839.310,-1172363.550,371.170
-443835.350,-1172405.810,374.520
-443841.140,-1172400.470,374.770
-443849.720,-1172387.440,375.020
-443738.670,-1172293.200,359.810
-443752.160,-1172293.060,358.620
-443825.050,-1172309.470,356.070
-443712.860,-1172299.930,357.040
-443705.430,-1172337.780,360.470
-443795.780,-1172418.840,353.730
-443794.860,-1172419.500,353.410
-443794.420,-1172419.050,353.270
-443793.970,-1172420.210,353.140
-443753.340,-1172397.070,347.000
-443789.620,-1172403.330,351.000
-443828.770,-1172307.100,357.300
-443752.140,-1172292.610,358.610
-443752.270,-1172291.920,358.630
-443731.870,-1172320.410,361.650
-443794.900,-1172419.210,353.470
-443796.530,-1172417.750,354.080
-443793.580,-1172420.390,353.030
-443793.970,-1172419.630,353.140
-443793.460,-1172412.250,353.150
-443787.750,-1172384.840,351.020
-443823.500,-1172308.960,355.080
-443850.940,-1172418.670,359.810
-443850.960,-1172407.570,357.500
-443830.990,-1172361.590,370.790
-443837.960,-1172333.950,370.650
-443787.530,-1172317.940,359.140
-443731.820,-1172320.360,361.690
-443696.650,-1172292.160,359.100
-443826.750,-1172440.110,351.450
-443795.000,-1172419.270,353.550
-443792.230,-1172413.270,352.680
-443793.870,-1172415.320,353.260
-443793.600,-1172420.400,353.080
-443794.680,-1172419.240,353.490
-443825.720,-1172342.810,348.460
-443789.260,-1172399.350,351.090
-443823.510,-1172309.080,355.100
-443756.450,-1172293.280,351.980
-443849.730,-1172409.070,374.170
-443848.100,-1172407.670,374.210
-443835.340,-1172429.410,359.660
-443835.380,-1172424.400,359.690
-443850.700,-1172373.190,374.440
-443849.260,-1172376.130,374.730
-443834.470,-1172408.610,373.690
-443826.780,-1172357.690,364.840
-443826.200,-1172357.620,364.710
-443826.140,-1172351.000,368.090
-443744.100,-1172297.170,357.860
-443736.580,-1172295.080,358.220
-443705.430,-1172337.760,360.570
-443796.800,-1172419.950,354.200
-443795.680,-1172417.900,353.830
-443794.060,-1172414.170,353.340
-443793.210,-1172418.560,352.980
-443792.600,-1172412.190,352.920
-443793.270,-1172413.510,353.110
-443826.500,-1172350.880,354.220
-443826.670,-1172365.310,351.320
-443787.560,-1172384.720,350.910
-443768.880,-1172402.380,349.560
-443768.950,-1172402.800,349.580
-443823.550,-1172308.950,355.080
-443802.780,-1172317.830,351.110
-443756.570,-1172293.290,352.090
-443771.770,-1172321.970,352.640
-443712.130,-1172337.200,350.680
-443835.430,-1172429.540,359.700
-443849.710,-1172409.060,374.160
-443845.600,-1172406.740,374.260
-443849.600,-1172400.280,374.160
-443835.070,-1172410.860,369.580
-443849.330,-1172391.480,374.280
-443834.590,-1172393.820,362.660
-443834.950,-1172391.030,368.360
-443834.120,-1172375.110,359.910
-443838.650,-1172361.020,370.670
-443826.680,-1172365.600,359.680
-443827.170,-1172364.540,368.240
-443826.960,-1172357.850,364.850
-443826.570,-1172357.600,364.780
-443838.720,-1172345.200,371.130
-443826.310,-1172351.010,368.100
-443718.850,-1172318.470,359.010
-443704.600,-1172329.980,360.630
-443704.430,-1172327.710,360.760
