-443834.610,-1172416.790,351.050
-443834.720,-1172416.500,351.040
-443834.830,-1172417.410,351.050
-443834.940,-1172417.110,351.100
-443796.080,-1172420.540,353.950
-443796.550,-1172419.330,354.160
-443796.180,-1172418.300,354.000
-443796.300,-1172417.990,354.060
-443796.420,-1172417.680,354.080
-443796.880,-1172416.490,354.260
-443795.610,-1172421.040,353.750
-443795.730,-1172420.720,353.800
-443795.850,-1172420.420,353.790
-443795.970,-1172420.100,353.870
-443796.090,-1172419.800,353.920
-443795.250,-1172419.660,353.630
-443794.500,-1172422.590,353.380
-443794.620,-1172422.270,353.430
-443794.750,-1172421.950,353.470
-443794.870,-1172421.650,353.530
-443794.990,-1172421.340,353.530
-443795.230,-1172420.730,353.630
-443795.450,-1172420.150,353.690
-443795.580,-1172419.820,353.760
-443795.700,-1172419.520,353.810
-443795.940,-1172418.910,353.910
-443794.860,-1172419.570,353.520
-443795.210,-1172418.680,353.670
-443795.330,-1172418.370,353.710
-443795.440,-1172418.080,353.770
-443795.560,-1172417.780,353.830
-443796.050,-1172416.530,354.030
-443796.150,-1172416.260,354.090
-443796.390,-1172415.650,354.220
-443795.950,-1172414.240,354.000
-443794.690,-1172418.290,353.510
-443795.180,-1172417.030,353.700
-443795.410,-1172416.440,353.770
-443795.520,-1172416.160,353.820
-443795.650,-1172415.830,353.910
-443795.770,-1172415.520,353.940
-443795.020,-1172418.530,353.590
-443795.150,-1172418.220,353.640
-443795.390,-1172417.610,353.740
-443796.220,-1172415.470,354.050
-443795.400,-1172414.700,353.790
-443795.630,-1172414.110,353.890
-443794.650,-1172417.580,353.460
-443794.770,-1172417.270,353.540
-443794.880,-1172416.980,353.560
-443795.010,-1172416.660,353.610
-443795.130,-1172416.360,353.640
-443795.360,-1172415.750,353.750
-443795.490,-1172415.440,353.790
-443795.600,-1172415.140,353.850
-443794.250,-1172415.530,353.360
-443794.600,-1172414.630,353.470
-443794.200,-1172416.960,353.330
-443794.550,-1172416.070,353.460
-443794.670,-1172415.760,353.530
-443794.780,-1172415.470,353.570
-443794.900,-1172415.170,353.610
-443795.020,-1172414.860,353.620
-443795.130,-1172414.570,353.680
-443795.260,-1172414.260,353.750
-443793.760,-1172413.770,353.240
-443794.000,-1172413.160,353.280
-443794.040,-1172413.880,353.310
-443794.280,-1172413.270,353.410
-443793.950,-1172415.190,353.290
-443794.420,-1172413.980,353.530
-443776.920,-1172416.070,354.100
-443777.040,-1172417.740,354.040
-443777.230,-1172422.270,354.040
-443793.320,-1172423.510,352.970
-443793.440,-1172423.200,353.030
-443793.550,-1172422.930,353.080
-443793.670,-1172422.620,353.100
-443793.800,-1172422.290,353.140
-443794.030,-1172421.700,353.260
-443794.280,-1172421.060,353.330
-443792.910,-1172423.950,352.810
-443793.130,-1172423.370,352.860
-443793.750,-1172421.800,353.120
-443793.980,-1172421.210,353.200
-443794.090,-1172420.910,353.250
-443793.630,-1172421.000,353.130
-443792.690,-1172423.390,352.730
-443792.810,-1172423.100,352.780
-443792.920,-1172422.810,352.840
-443793.280,-1172421.890,352.960
-443793.390,-1172421.600,353.010
-443792.980,-1172421.850,352.840
-443793.090,-1172421.550,352.880
-443793.340,-1172420.930,352.950
-443793.570,-1172420.340,353.090
-443793.810,-1172419.720,353.140
-443793.930,-1172419.410,353.180
-443792.660,-1172421.690,352.750
-443792.780,-1172421.380,352.800
-443793.020,-1172420.780,352.880
-443793.150,-1172420.450,352.940
-443793.270,-1172420.130,352.960
-443793.390,-1172419.830,353.010
-443793.620,-1172419.230,353.160
-443792.550,-1172421.190,352.660
-443792.780,-1172420.600,352.770
-443792.890,-1172420.310,352.830
-443793.250,-1172419.390,352.980
-443793.370,-1172419.080,352.980
-443793.500,-1172418.760,353.080
-443793.850,-1172417.860,353.200
-443793.970,-1172417.560,353.240
-443792.480,-1172420.050,352.610
-443792.600,-1172419.730,352.780
-443792.840,-1172419.110,352.830
-443793.660,-1172417.030,353.130
-443793.770,-1172416.740,353.190
-443793.890,-1172416.450,353.260
-443792.410,-1172419.150,352.750
-443792.520,-1172418.850,352.730
-443793.230,-1172417.030,353.020
-443793.580,-1172416.130,353.160
-443792.970,-1172416.610,352.960
-443793.220,-1172415.980,353.000
-443793.690,-1172414.780,353.210
-443792.380,-1172418.130,352.670
-443792.500,-1172417.820,352.790
-443792.340,-1172417.400,352.710
-443792.460,-1172417.110,352.700
-443792.580,-1172416.800,352.780
-443792.690,-1172416.520,352.840
-443792.930,-1172415.900,352.920
-443793.050,-1172415.600,352.930
-443793.170,-1172415.290,353.010
-443793.600,-1172413.100,353.180
-443792.250,-1172415.650,352.760
-443792.370,-1172415.350,352.720
-443792.480,-1172415.070,352.730
-443792.720,-1172414.450,352.880
-443792.950,-1172413.870,352.990
-443793.190,-1172413.260,353.070
-443792.170,-1172414.930,352.610
-443792.400,-1172414.320,352.760
-443792.530,-1172414.010,352.810
-443792.640,-1172413.730,352.870
-443792.750,-1172413.430,352.900
-443793.000,-1172412.790,353.000
-443793.120,-1172412.500,353.090
-443792.250,-1172413.910,352.730
-443792.370,-1172413.610,352.670
-443792.490,-1172413.300,352.800
-443792.240,-1172412.650,352.750
-443792.370,-1172412.330,352.770
-443792.610,-1172411.710,352.880
-443792.130,-1172412.940,352.650
-443792.120,-1172411.980,352.650
-443792.230,-1172411.690,352.730
-443792.350,-1172411.390,352.760
-443792.070,-1172411.160,352.740
-443792.040,-1172410.620,352.720
-443790.060,-1172410.850,350.900
-443798.410,-1172377.930,348.360
-443826.460,-1172357.360,349.060
-443825.720,-1172361.380,347.130
-443834.210,-1172394.120,353.910
-443834.100,-1172393.570,353.890
-443833.890,-1172395.700,353.880
-443834.230,-1172394.820,353.870
-443833.920,-1172397.590,353.820
-443834.250,-1172397.770,353.960
-443753.390,-1172396.780,346.730
-443753.670,-1172397.010,347.110
-443769.030,-1172401.810,349.640
-443769.170,-1172403.520,350.280
-443787.200,-1172378.820,351.040
-443787.350,-1172379.760,351.040
-443787.540,-1172385.030,350.930
-443787.780,-1172384.410,351.020
-443787.720,-1172385.590,350.860
-443787.840,-1172385.280,351.030
-443787.870,-1172388.120,350.940
-443788.770,-1172397.410,350.980
-443788.940,-1172399.350,350.890
-443788.920,-1172398.210,350.990
-443789.040,-1172397.890,351.030
-443789.050,-1172400.010,350.960
-443789.160,-1172399.720,351.030
-443712.310,-1172400.990,352.470
-443711.860,-1172401.180,352.250
-443712.370,-1172398.950,352.550
-443712.370,-1172398.470,352.500
-443712.140,-1172398.380,352.540
-443712.190,-1172396.260,352.540
-443712.310,-1172395.970,352.560
-443823.560,-1172309.710,355.140
-443823.670,-1172309.420,355.140
-443823.410,-1172308.900,355.100
-443823.320,-1172308.170,355.100
-443812.670,-1172304.120,352.580
-443802.890,-1172318.510,351.120
-443743.250,-1172336.150,353.170
-443743.240,-1172337.020,353.170
-443743.320,-1172337.620,353.240
-443756.530,-1172318.840,354.290
-443756.620,-1172320.570,354.310
-443756.860,-1172319.980,354.330
-443756.840,-1172321.080,354.330
-443756.950,-1172320.790,354.340
-443756.990,-1172321.850,354.320
-443764.600,-1172311.290,355.130
-443764.010,-1172322.890,352.570
-443763.620,-1172322.750,352.480
-443765.260,-1172318.590,355.100
-443770.310,-1172425.110,361.810
-443770.150,-1172424.590,361.740
-443770.360,-1172425.930,361.800
-443770.480,-1172427.530,361.820
-443825.850,-1172335.980,368.170
-443826.010,-1172339.960,364.790
-443830.190,-1172336.300,370.770
-443826.090,-1172347.660,368.120
-443826.090,-1172350.010,368.170
-443826.120,-1172349.980,365.320
-443826.090,-1172354.000,356.920
-443826.180,-1172353.740,359.730
-443850.760,-1172427.120,374.700
-443849.150,-1172415.890,374.200
-443847.410,-1172419.300,374.240
-443847.870,-1172418.140,374.290
-443851.150,-1172407.760,357.830
-443848.720,-1172411.190,374.250
-443848.810,-1172410.220,374.310
-443848.670,-1172409.670,374.270
-443848.730,-1172408.320,374.320
-443849.790,-1172403.340,374.120
-443850.090,-1172399.370,374.890
-443846.610,-1172407.260,375.010
-443849.990,-1172398.650,374.910
-443848.530,-1172400.300,374.290
-443845.970,-1172406.820,374.280
-443848.500,-1172398.300,374.420
-443836.480,-1172428.890,373.930
-443849.550,-1172394.800,374.260
-443838.850,-1172420.100,377.500
-443849.450,-1172393.180,374.260
-443836.260,-1172426.730,373.880
-443848.280,-1172395.380,374.340
-443836.180,-1172423.210,373.910
-443836.100,-1172422.440,373.820
-443849.720,-1172387.760,374.900
-443838.670,-1172415.900,374.290
-443838.650,-1172415.210,374.270
-443849.230,-1172387.260,374.250
-443849.040,-1172381.910,374.270
-443835.500,-1172412.540,374.600
-443835.730,-1172411.960,374.710
-443835.670,-1172411.510,373.810
-443835.350,-1172410.290,374.480
-443835.470,-1172410.000,374.700
-443835.460,-1172408.930,374.650
-443834.610,-1172410.300,373.770
-443835.320,-1172406.500,374.560
-443835.450,-1172406.180,374.650
-443835.380,-1172405.470,374.770
-443835.430,-1172404.720,374.660
-443835.550,-1172404.410,373.910
-443835.980,-1172401.990,374.820
-443835.380,-1172402.470,374.690
-443835.210,-1172400.940,374.660
-443835.320,-1172400.640,374.700
-443835.320,-1172400.650,373.940
-443835.070,-1172395.440,374.730
-443834.940,-1172394.750,374.750
-443835.060,-1172394.450,374.740
-443834.380,-1172395.570,362.340
-443834.930,-1172392.810,374.700
-443835.040,-1172392.530,373.870
-443833.960,-1172394.640,362.340
-443834.200,-1172394.050,362.370
-443834.090,-1172393.500,362.360
-443834.690,-1172388.420,374.710
-443834.720,-1172386.480,373.860
-443837.050,-1172380.550,374.300
-443834.010,-1172387.590,370.860
-443834.130,-1172387.280,370.810
-443833.750,-1172387.410,370.840
-443834.020,-1172386.110,370.780
-443838.950,-1172365.940,370.820
-443839.290,-1172364.360,371.090
-443839.240,-1172362.900,371.120
-443839.360,-1172362.610,371.120
-443839.270,-1172360.690,371.120
-443833.270,-1172376.090,359.610
-443833.390,-1172375.790,359.600
-443833.770,-1172376.110,359.670
-443834.510,-1172374.050,374.740
-443834.250,-1172373.420,374.700
-443838.690,-1172359.450,370.700
-443839.100,-1172357.350,371.100
-443833.270,-1172373.410,356.740
-443833.390,-1172373.100,356.750
-443833.510,-1172372.810,356.760
-443838.680,-1172357.900,370.690
-443838.730,-1172355.520,370.730
-443838.960,-1172354.920,371.090
-443833.290,-1172371.780,356.720
-443838.940,-1172353.810,371.100
-443838.600,-1172354.040,370.710
-443838.490,-1172350.540,370.710
-443838.600,-1172350.240,370.730
-443838.840,-1172349.640,371.070
-443835.610,-1172356.480,370.680
-443838.530,-1172349.030,370.740
-443838.950,-1172346.040,371.140
-443838.360,-1172345.600,370.710
-443838.390,-1172344.650,370.680
-443838.610,-1172344.060,371.090
-443838.510,-1172337.260,371.110
-443838.510,-1172338.500,371.070
-443838.400,-1172336.880,371.080
-443826.680,-1172365.980,359.750
-443826.770,-1172365.690,365.400
-443826.520,-1172365.930,359.740
-443837.980,-1172334.460,370.690
-443838.390,-1172334.300,371.110
-443826.450,-1172364.840,359.740
-443826.430,-1172361.110,359.750
-443721.230,-1172293.220,357.880
-443735.770,-1172295.760,357.770
-443736.220,-1172296.880,357.900
-443737.950,-1172294.430,359.220
-443738.790,-1172294.300,359.770
-443738.870,-1172295.170,359.640
-443730.200,-1172319.540,360.950
-443730.490,-1172320.520,361.010
-443731.080,-1172320.330,361.240
-443731.770,-1172320.330,361.670
-443744.000,-1172297.400,357.830
-443736.280,-1172326.320,358.180
-443736.410,-1172326.000,358.260
-443738.350,-1172324.000,359.510
-443738.890,-1172323.640,359.860
-443739.610,-1172321.830,360.570
-443740.630,-1172320.850,361.290
-443760.840,-1172290.800,359.190
-443761.060,-1172292.150,359.210
-443761.180,-1172291.860,359.220
-443762.580,-1172291.250,357.260
-443801.670,-1172311.990,356.510
-443827.920,-1172307.420,356.870
-443825.560,-1172332.450,365.330
-443825.600,-1172332.290,371.110
-443825.710,-1172333.940,368.150
-443838.270,-1172332.000,371.070
-443838.030,-1172333.280,370.680
-443838.440,-1172333.300,371.120
-443698.920,-1172299.700,356.830
-443704.220,-1172327.000,360.620
-443704.340,-1172326.690,360.680
-443703.900,-1172326.540,360.670
-443704.020,-1172326.240,360.570
-443704.250,-1172329.480,360.610
-443704.500,-1172328.260,360.700
-443705.190,-1172333.920,360.720
-443705.040,-1172334.880,360.660
-443705.160,-1172334.580,360.740
-443705.200,-1172336.430,360.690
-443705.320,-1172336.130,360.700
-443716.830,-1172317.030,358.020
-443717.540,-1172317.790,358.320
-443717.660,-1172317.490,358.420
-443718.720,-1172318.480,358.930
-443718.830,-1172318.190,359.060
-443718.860,-1172319.970,358.960
-443718.960,-1172319.010,359.010
-443795.770,-1172414.610,353.950
-443795.520,-1172414.820,353.870
-443794.780,-1172415.450,353.600
-443796.000,-1172414.920,354.060
-443795.520,-1172415.320,353.860
-443795.270,-1172415.540,353.790
-443794.520,-1172416.170,353.520
-443796.670,-1172415.290,354.290
-443796.170,-1172415.710,354.090
-443795.680,-1172416.130,353.900
-443795.420,-1172416.350,353.830
-443794.940,-1172416.750,353.660
-443794.460,-1172417.160,353.440
-443796.370,-1172415.150,354.130
-443796.120,-1172415.350,354.030
-443795.890,-1172415.550,353.970
-443795.640,-1172415.760,353.880
-443795.390,-1172415.970,353.780
-443795.150,-1172416.170,353.680
-443795.110,-1172417.430,353.700
-443794.860,-1172417.650,353.590
-443794.600,-1172417.860,353.470
-443796.550,-1172415.780,354.190
-443795.550,-1172416.630,353.830
-443795.310,-1172416.830,353.760
-443795.050,-1172417.050,353.640
-443794.550,-1172417.470,353.470
-443795.900,-1172417.270,353.940
-443795.400,-1172417.700,353.790
-443794.910,-1172418.100,353.530
-443794.670,-1172418.310,353.620
-443796.330,-1172417.280,354.110
-443795.580,-1172417.910,353.850
-443795.310,-1172418.140,353.730
-443796.150,-1172417.940,354.010
-443795.400,-1172418.570,353.750
-443795.150,-1172418.780,353.660
-443794.890,-1172419.000,353.650
-443795.190,-1172419.230,353.650
-443794.660,-1172419.670,353.470
-443796.840,-1172418.420,354.280
-443796.340,-1172418.840,354.060
-443795.630,-1172419.440,353.820
-443795.370,-1172419.670,353.710
-443794.940,-1172420.820,353.580
-443795.340,-1172420.050,353.700
-443796.710,-1172419.320,354.140
-443796.210,-1172419.750,354.050
-443795.960,-1172419.950,353.930
-443795.930,-1172420.420,353.910
-443795.170,-1172421.060,353.650
-443794.930,-1172421.270,353.580
-443826.790,-1172438.220,351.560
-443795.520,-1172414.010,353.850
-443795.020,-1172414.430,353.660
-443794.770,-1172414.640,353.590
-443794.530,-1172414.850,353.490
-443795.540,-1172414.360,353.890
-443795.040,-1172414.790,353.720
-443794.790,-1172415.000,353.610
-443795.240,-1172413.740,353.790
-443794.990,-1172413.950,353.690
-443794.460,-1172414.390,353.500
-443794.960,-1172413.540,353.680
-443794.700,-1172413.750,353.590
-443794.460,-1172413.960,353.480
-443794.460,-1172413.280,353.540
-443794.210,-1172413.500,353.410
-443769.910,-1172421.060,354.080
-443776.950,-1172416.980,354.070
-443789.700,-1172407.020,351.000
-443792.510,-1172417.370,352.780
-443792.280,-1172417.570,352.690
-443794.270,-1172416.380,353.420
-443793.770,-1172416.800,353.250
-443793.520,-1172417.020,353.130
-443793.260,-1172417.240,353.070
-443792.520,-1172417.870,352.800
-443792.260,-1172418.080,352.620
-443792.390,-1172418.510,352.620
-443794.160,-1172417.010,353.590
-443793.900,-1172417.240,353.240
-443793.420,-1172417.640,353.240
-443793.170,-1172417.860,353.000
-443793.960,-1172417.580,353.290
-443793.730,-1172417.780,353.190
-443793.210,-1172418.210,352.990
-443792.970,-1172418.420,352.930
-443794.310,-1172417.680,353.390
-443793.590,-1172418.290,353.130
-443793.350,-1172418.930,353.060
-443793.110,-1172419.130,352.970
-443792.370,-1172419.750,352.660
-443793.910,-1172418.960,353.240
-443793.650,-1172419.170,353.140
-443793.150,-1172419.600,352.950
-443792.900,-1172419.810,352.840
-443792.660,-1172420.020,352.770
-443793.830,-1172419.400,353.220
-443792.560,-1172420.470,352.760
-443794.120,-1172419.650,353.290
-443793.390,-1172420.270,353.150
-443793.150,-1172420.470,352.970
-443792.900,-1172420.690,352.940
-443792.900,-1172421.160,352.870
-443792.660,-1172421.370,352.770
-443793.930,-1172420.300,353.350
-443793.160,-1172420.950,352.960
-443793.640,-1172421.130,353.110
-443793.150,-1172421.550,352.960
-443794.610,-1172420.670,353.470
-443793.630,-1172421.510,353.190
-443793.380,-1172421.710,353.040
-443793.120,-1172421.930,353.050
-443794.700,-1172421.020,353.470
-443793.240,-1172422.260,352.970
-443792.980,-1172422.480,352.880
-443792.930,-1172422.960,352.840
-443792.690,-1172423.160,352.740
-443793.580,-1172422.990,353.060
-443793.090,-1172423.410,352.870
-443792.850,-1172423.610,352.790
-443794.480,-1172422.620,353.390
-443793.230,-1172423.670,352.940
-443792.990,-1172423.880,352.870
-443793.560,-1172416.040,353.190
-443793.310,-1172416.260,353.080
-443792.790,-1172416.700,352.900
-443792.560,-1172416.890,352.820
-443794.270,-1172415.060,353.440
-443793.520,-1172415.700,353.130
-443793.270,-1172415.910,353.050
-443793.030,-1172416.120,352.950
-443792.530,-1172416.540,352.810
-443793.720,-1172415.020,353.230
-443793.240,-1172415.430,353.070
-443792.990,-1172415.640,352.980
-443793.740,-1172414.570,353.260
-443793.490,-1172414.780,353.130
-443793.010,-1172415.190,352.990
-443792.250,-1172415.830,352.690
-443792.790,-1172415.020,352.950
-443792.550,-1172415.230,352.830
-443792.300,-1172415.440,352.770
-443792.450,-1172414.990,352.780
-443792.200,-1172415.190,352.650
-443793.670,-1172413.500,353.280
-443792.690,-1172414.320,352.890
-443792.450,-1172414.530,352.820
-443792.190,-1172414.750,352.730
-443792.640,-1172413.920,352.870
-443792.380,-1172414.140,352.780
-443793.430,-1172412.850,353.160
-443792.940,-1172413.270,352.980
-443792.680,-1172413.490,352.890
-443792.450,-1172413.690,352.830
-443792.190,-1172413.900,352.720
-443793.060,-1172412.800,353.030
-443792.330,-1172413.410,352.770
-443793.190,-1172412.160,353.100
-443792.290,-1172412.500,352.790
-443793.010,-1172411.490,353.240
-443792.740,-1172411.720,352.980
-443792.480,-1172411.940,352.880
-443792.240,-1172412.140,352.790
-443791.980,-1172412.370,352.620
-443792.630,-1172411.480,352.940
-443792.380,-1172411.690,352.830
-443792.120,-1172411.910,352.700
-443792.250,-1172411.300,352.790
-443791.990,-1172411.510,352.650
-443792.030,-1172411.000,352.660
-443790.350,-1172410.380,351.090
-443790.090,-1172407.660,351.060
-443789.830,-1172407.880,351.010
-443789.820,-1172407.360,351.030
-443798.300,-1172377.500,348.210
-443798.370,-1172377.950,348.180
-443825.740,-1172361.160,347.010
-443825.950,-1172361.440,347.070
-443833.840,-1172393.770,353.840
-443753.300,-1172396.820,346.770
-443787.240,-1172378.640,351.090
-443787.580,-1172382.970,351.010
-443787.650,-1172385.690,350.970
-443787.790,-1172386.020,350.980
-443788.740,-1172397.560,350.930
-443788.830,-1172398.330,350.920
-443788.890,-1172397.850,351.030
-443788.880,-1172398.810,350.960
-443789.070,-1172400.080,350.980
-443789.550,-1172403.420,351.100
-443712.190,-1172401.110,352.410
-443712.340,-1172396.030,352.570
-443825.690,-1172332.560,351.370
-443823.830,-1172310.500,355.230
-443823.780,-1172310.050,355.230
-443823.560,-1172309.680,355.090
-443823.580,-1172309.230,355.120
-443823.700,-1172308.690,355.190
-443823.450,-1172308.910,355.100
-443802.820,-1172318.850,351.070
-443802.750,-1172318.440,351.160
-443802.620,-1172317.570,351.060
-443779.540,-1172318.670,351.860
-443779.450,-1172318.290,351.890
-443772.090,-1172322.600,352.720
-443771.840,-1172322.810,352.980
-443771.570,-1172323.040,352.810
-443771.910,-1172322.120,352.940
-443764.050,-1172322.780,352.630
-443743.250,-1172337.520,353.260
-443743.330,-1172336.950,353.270
-443765.290,-1172317.880,355.180
-443765.350,-1172317.020,355.220
-443756.760,-1172322.150,354.260
-443756.990,-1172321.100,354.400
-443756.760,-1172321.290,354.190
-443756.620,-1172320.950,354.190
-443756.670,-1172320.450,354.240
-443764.860,-1172312.970,355.210
-443764.630,-1172313.160,355.150
-443756.780,-1172319.780,354.360
-443756.760,-1172319.440,354.420
-443756.420,-1172319.270,354.320
-443756.340,-1172318.220,354.250
-443756.510,-1172318.720,354.250
-443756.090,-1172317.030,354.300
-443756.110,-1172314.990,354.270
-443755.940,-1172314.130,354.250
-443825.610,-1172335.830,368.200
-443825.810,-1172339.960,361.980
-443838.330,-1172335.260,371.100
-443830.240,-1172343.010,370.770
-443826.160,-1172347.400,368.170
-443838.570,-1172337.280,371.160
-443826.260,-1172347.730,368.170
-443826.170,-1172349.830,365.400
-443826.310,-1172351.060,359.760
-443838.250,-1172341.720,370.750
-443838.240,-1172343.600,370.720
-443826.480,-1172354.580,359.800
-443826.210,-1172354.810,362.600
-443838.660,-1172345.810,371.120
-443838.420,-1172346.020,370.750
-443830.420,-1172354.190,370.670
-443838.770,-1172349.570,371.110
-443838.510,-1172349.790,370.780
-443829.170,-1172358.250,370.660
-443838.820,-1172350.510,371.130
-443835.500,-1172356.250,370.630
-443838.580,-1172354.000,370.740
-443835.640,-1172356.500,370.740
-443838.590,-1172354.330,370.740
-443826.690,-1172365.790,359.810
-443838.980,-1172355.370,371.150
-443838.680,-1172357.580,370.750
-443838.820,-1172360.850,370.710
-443838.870,-1172364.490,370.750
-443770.270,-1172424.830,361.840
-443770.310,-1172425.230,361.840
-443770.050,-1172425.450,361.700
-443770.280,-1172425.760,361.850
-443770.030,-1172425.970,361.650
-443833.380,-1172373.390,356.790
-443833.490,-1172372.830,356.830
-443833.580,-1172373.740,356.850
-443770.370,-1172427.320,361.840
-443833.520,-1172375.330,359.670
-443833.300,-1172376.020,359.630
-443770.610,-1172430.150,361.830
-443833.500,-1172376.330,359.660
-443833.690,-1172378.730,359.790
-443770.420,-1172433.200,361.420
-443850.380,-1172423.030,374.180
-443844.360,-1172421.780,374.820
-443847.860,-1172418.330,374.260
-443847.280,-1172419.310,374.160
-443850.390,-1172414.270,374.730
-443848.800,-1172412.420,374.240
-443848.760,-1172410.980,374.320
-443848.840,-1172411.470,374.330
-443848.770,-1172410.080,374.300
-443848.770,-1172410.520,374.300
-443840.830,-1172415.260,376.350
-443838.690,-1172415.180,374.290
-443845.810,-1172407.640,374.380
-443850.040,-1172399.500,374.980
-443835.670,-1172412.050,374.710
-443834.590,-1172410.800,373.700
-443835.580,-1172409.470,374.720
-443834.590,-1172409.020,373.750
-443835.530,-1172407.610,374.670
-443835.520,-1172406.600,374.670
-443849.380,-1172393.030,374.290
-443835.310,-1172400.650,374.730
-443835.220,-1172397.920,374.750
-443835.110,-1172394.560,374.730
-443834.130,-1172393.540,362.370
-443835.070,-1172388.240,374.790
-443834.840,-1172388.440,374.660
-443848.860,-1172376.560,374.310
-443834.940,-1172387.970,374.730
-443849.260,-1172375.250,374.950
-443833.930,-1172387.370,370.840
-443843.140,-1172378.130,374.730
-443735.900,-1172296.030,357.810
-443738.870,-1172295.070,359.800
-443736.180,-1172297.320,357.890
-443738.390,-1172296.930,359.310
-443761.280,-1172291.310,359.290
-443761.050,-1172291.510,359.280
-443761.110,-1172292.070,359.260
-443730.630,-1172318.770,361.230
-443730.500,-1172319.450,360.930
-443730.370,-1172319.910,360.910
-443730.390,-1172320.440,360.910
-443730.570,-1172320.640,361.020
-443730.600,-1172321.250,360.980
-443775.010,-1172291.650,359.170
-443740.620,-1172320.970,361.360
-443739.600,-1172321.820,360.600
-443739.230,-1172322.620,360.300
-443740.020,-1172322.180,360.790
-443737.740,-1172324.700,359.120
-443737.670,-1172325.140,359.050
-443737.420,-1172325.350,358.850
-443736.690,-1172325.960,358.360
-443736.440,-1172326.170,358.230
-443778.960,-1172315.750,360.020
-443779.200,-1172315.960,360.060
-443808.020,-1172306.990,357.790
-443827.970,-1172306.990,356.860
-443838.410,-1172333.810,371.140
-443838.050,-1172333.730,370.750
-443838.310,-1172332.570,371.140
-443837.960,-1172332.450,370.690
-443701.540,-1172296.630,358.140
-443698.760,-1172299.800,356.890
-443704.290,-1172327.250,360.670
-443704.350,-1172326.630,360.760
-443717.040,-1172317.050,358.110
-443717.570,-1172317.480,358.430
-443704.650,-1172330.530,360.690
-443704.490,-1172330.180,360.630
-443718.870,-1172318.640,359.080
-443719.060,-1172319.750,359.090
-443705.200,-1172336.360,360.530
-443705.150,-1172336.660,360.570
-443794.370,-1172413.190,353.420
-443795.070,-1172414.220,353.660
-443794.920,-1172414.620,353.540
-443794.780,-1172414.960,353.520
-443794.820,-1172413.290,353.520
-443796.650,-1172414.920,354.120
-443796.360,-1172415.670,353.990
-443795.750,-1172417.230,353.700
-443796.200,-1172414.500,353.990
-443796.070,-1172414.850,353.940
-443795.750,-1172415.650,353.800
-443795.590,-1172416.050,353.690
-443794.720,-1172418.290,353.400
-443795.690,-1172414.240,353.750
-443795.550,-1172414.600,353.720
-443795.400,-1172414.980,353.680
-443794.790,-1172416.550,353.410
-443796.680,-1172416.520,354.060
-443796.400,-1172417.240,354.000
-443796.240,-1172417.650,353.940
-443796.090,-1172418.040,353.910
-443795.630,-1172419.210,353.680
-443795.490,-1172419.570,353.680
-443795.340,-1172419.950,353.580
-443795.190,-1172420.330,353.530
-443795.030,-1172420.750,353.450
-443795.610,-1172417.580,353.690
-443795.460,-1172417.980,353.610
-443795.310,-1172418.360,353.590
-443795.150,-1172418.760,353.460
-443795.010,-1172419.110,353.470
-443796.810,-1172419.010,354.210
-443796.710,-1172417.980,354.060
-443796.550,-1172418.390,353.970
-443796.410,-1172418.770,353.950
-443796.110,-1172419.540,353.820
-443851.390,-1172419.450,348.590
-443851.730,-1172420.140,348.460
-443792.860,-1172411.490,352.960
-443792.710,-1172411.880,352.930
-443792.390,-1172412.670,352.820
-443793.560,-1172412.550,353.110
-443793.130,-1172412.100,352.960
-443792.980,-1172412.490,352.870
-443792.820,-1172412.870,352.850
-443792.690,-1172413.220,352.880
-443792.530,-1172413.630,352.730
-443793.350,-1172414.560,352.900
-443793.070,-1172415.270,352.830
-443794.480,-1172415.740,353.410
-443794.320,-1172416.150,353.300
-443793.870,-1172417.280,353.190
-443793.720,-1172417.670,353.110
-443793.580,-1172418.040,353.050
-443793.410,-1172418.450,352.980
-443793.270,-1172418.830,352.900
-443793.120,-1172419.190,352.900
-443793.900,-1172415.630,353.110
-443793.610,-1172416.380,353.050
-443793.300,-1172417.150,352.850
-443793.150,-1172417.550,352.810
-443792.990,-1172417.940,352.770
-443794.080,-1172413.940,353.300
-443793.750,-1172414.770,353.140
-443793.610,-1172415.120,353.070
-443793.310,-1172415.910,352.940
-443793.010,-1172416.660,352.880
-443794.200,-1172418.040,353.230
-443794.060,-1172418.400,353.200
-443793.920,-1172418.780,353.110
-443793.760,-1172419.170,353.090
-443793.610,-1172419.560,352.970
-443793.460,-1172419.950,352.920
-443793.310,-1172420.310,352.890
-443792.860,-1172421.470,352.750
-443794.120,-1172419.820,353.190
-443793.680,-1172420.930,353.080
-443793.510,-1172421.380,352.900
-443794.290,-1172422.650,353.220
-443794.390,-1172420.700,353.220
-443793.940,-1172421.860,352.990
-443793.800,-1172422.210,353.000
-443793.630,-1172422.640,352.880
-443793.480,-1172423.030,352.810
-443793.340,-1172423.380,352.830
-443793.190,-1172423.770,352.750
-443769.010,-1172402.260,349.470
-443711.830,-1172396.740,352.440
-443823.670,-1172309.620,355.150
-443850.780,-1172431.160,374.210
-443852.210,-1172429.730,368.290
-443851.840,-1172422.360,356.890
-443851.710,-1172422.710,356.930
-443851.720,-1172420.290,356.930
-443848.940,-1172412.510,374.120
-443848.710,-1172411.550,374.230
-443848.740,-1172408.970,374.240
-443848.620,-1172409.310,374.200
-443848.360,-1172398.480,374.240
-443844.040,-1172407.360,374.790
-443836.150,-1172427.290,373.790
-443849.850,-1172388.300,374.880
-443838.800,-1172415.310,374.180
-443849.670,-1172385.710,374.730
-443850.390,-1172382.370,370.990
-443849.670,-1172384.390,374.700
-443849.530,-1172384.750,374.710
-443843.590,-1172399.700,374.460
-443849.520,-1172382.700,374.680
-443849.040,-1172382.650,374.250
-443849.060,-1172379.840,374.250
-443846.770,-1172386.060,374.260
-443848.620,-1172371.440,374.210
-443835.180,-1172394.040,373.780
-443842.500,-1172374.420,374.190
-443839.310,-1172363.180,371.160
-443839.230,-1172361.870,371.050
-443838.900,-1172362.740,370.620
-443838.740,-1172361.730,370.680
-443838.810,-1172358.780,370.690
-443838.970,-1172354.680,371.010
-443838.650,-1172355.520,370.630
-443838.530,-1172352.890,370.640
-443838.630,-1172351.140,370.710
-443838.880,-1172349.010,370.980
-443838.580,-1172349.800,370.660
-443835.510,-1172356.170,370.610
-443838.810,-1172345.930,371.110
-443838.470,-1172345.550,370.670
-443838.690,-1172343.680,371.030
-443838.590,-1172337.270,371.120
-443830.460,-1172354.210,370.600
-443770.050,-1172424.170,361.630
-443838.280,-1172331.350,371.040
-443774.990,-1172292.640,359.180
-443738.220,-1172324.190,359.180
-443731.380,-1172320.320,361.170
-443730.630,-1172320.640,361.020
-443730.610,-1172318.770,361.110
-443739.010,-1172296.770,359.540
-443738.030,-1172297.040,358.870
-443738.710,-1172293.580,359.470
-443736.380,-1172295.250,358.090
-443736.070,-1172296.000,357.850
-443736.420,-1172294.510,357.980
-443718.650,-1172319.510,358.670
-443718.970,-1172318.730,358.950
-443717.590,-1172317.880,358.120
-443717.030,-1172317.120,357.870
-443706.720,-1172326.170,361.050
-443851.760,-1172420.260,348.520
-443851.030,-1172419.120,348.500
-443846.480,-1172418.250,351.650
-443846.380,-1172418.010,351.670
-443846.650,-1172417.770,351.680
-443850.500,-1172405.510,348.520
-443795.140,-1172421.490,353.520
-443795.480,-1172421.190,353.660
-443795.810,-1172420.900,353.760
-443794.620,-1172421.570,353.360
-443795.240,-1172421.010,353.580
-443796.240,-1172420.110,353.960
-443796.550,-1172419.840,354.030
-443794.750,-1172421.040,353.420
-443796.020,-1172419.900,353.850
-443794.840,-1172420.460,353.430
-443795.480,-1172419.880,353.680
-443795.010,-1172419.480,353.500
-443795.340,-1172419.190,353.610
-443796.080,-1172418.860,353.880
-443796.730,-1172418.280,354.140
-443794.580,-1172419.490,353.380
-443795.560,-1172418.610,353.730
-443796.200,-1172418.040,353.980
-443794.630,-1172419.040,353.390
-443795.630,-1172418.150,353.770
-443796.270,-1172417.570,353.990
-443794.940,-1172418.340,353.480
-443795.270,-1172418.040,353.600
-443795.590,-1172417.750,353.760
-443794.590,-1172418.350,353.390
-443795.240,-1172417.770,353.640
-443795.550,-1172417.490,353.740
-443795.880,-1172417.190,353.850
-443795.230,-1172417.050,353.600
-443796.530,-1172415.880,354.070
-443794.770,-1172416.500,353.490
-443795.080,-1172416.220,353.610
-443795.380,-1172415.940,353.690
-443795.710,-1172415.650,353.810
-443794.630,-1172417.050,353.420
-443794.960,-1172416.750,353.550
-443795.620,-1172416.160,353.810
-443796.290,-1172415.560,354.010
-443794.550,-1172416.270,353.410
-443795.540,-1172415.380,353.740
-443794.690,-1172415.090,353.470
-443795.000,-1172414.810,353.590
-443795.650,-1172414.230,353.810
-443794.290,-1172415.970,353.320
-443794.620,-1172415.670,353.440
-443794.950,-1172415.370,353.570
-443795.590,-1172414.800,353.790
-443795.910,-1172414.520,353.890
-443794.640,-1172414.780,353.470
-443795.280,-1172414.200,353.700
-443794.620,-1172414.400,353.470
-443794.300,-1172413.300,353.370
-443794.160,-1172413.010,353.290
-443794.800,-1172413.760,353.560
-443794.510,-1172413.530,353.430
-443793.190,-1172423.750,352.790
-443793.540,-1172423.440,352.950
-443794.500,-1172422.580,353.290
-443792.870,-1172423.520,352.720
-443793.530,-1172422.930,352.960
-443793.840,-1172422.660,353.090
-443794.190,-1172422.340,353.240
-443794.510,-1172422.050,353.310
-443793.000,-1172423.010,352.760
-443793.640,-1172422.440,352.990
-443794.110,-1172421.610,353.160
-443792.850,-1172422.230,352.730
-443793.170,-1172421.940,352.850
-443793.520,-1172421.640,352.960
-443794.160,-1172421.060,353.170
-443792.810,-1172421.800,352.740
-443793.120,-1172421.510,352.860
-443793.430,-1172421.240,352.920
-443794.420,-1172420.350,353.310
-443792.730,-1172421.520,352.720
-443793.070,-1172421.220,352.840
-443793.400,-1172420.920,352.900
-443794.070,-1172420.320,353.180
-443792.620,-1172421.250,352.710
-443794.240,-1172419.800,353.250
-443792.680,-1172420.780,352.710
-443793.620,-1172419.510,353.000
-443793.940,-1172419.230,353.120
-443794.280,-1172418.920,353.270
-443792.680,-1172420.360,352.700
-443793.640,-1172419.200,353.040
-443792.660,-1172419.780,352.710
-443793.980,-1172418.600,353.170
-443794.320,-1172418.300,353.280
-443793.280,-1172418.800,352.900
-443793.610,-1172418.500,353.050
-443794.240,-1172417.930,353.220
-443793.340,-1172418.210,352.940
-443793.670,-1172417.910,353.080
-443793.990,-1172417.630,353.190
-443792.770,-1172418.280,352.770
-443793.100,-1172417.990,352.890
-443793.420,-1172417.700,352.990
-443793.760,-1172417.400,353.150
-443792.610,-1172418.000,352.750
-443793.580,-1172417.130,353.070
-443793.890,-1172416.850,353.180
-443792.670,-1172417.420,352.740
-443793.630,-1172416.560,353.100
-443792.460,-1172417.090,352.700
-443793.410,-1172416.230,353.020
-443792.690,-1172416.520,352.780
-443793.340,-1172415.940,353.010
-443794.000,-1172415.350,353.240
-443793.310,-1172415.580,352.990
-443793.640,-1172415.280,353.100
-443777.050,-1172422.140,353.550
-443792.180,-1172411.690,352.690
-443792.470,-1172411.430,352.760
-443792.470,-1172411.830,352.790
-443792.820,-1172411.520,352.920
-443792.390,-1172412.380,352.740
-443792.740,-1172412.070,352.890
-443792.830,-1172412.470,352.900
-443792.800,-1172412.840,352.880
-443793.130,-1172412.540,353.000
-443792.520,-1172413.470,352.780
-443793.170,-1172412.880,352.990
-443793.820,-1172412.300,353.250
-443792.390,-1172414.070,352.690
-443792.710,-1172413.790,352.790
-443792.560,-1172414.450,352.730
-443792.320,-1172415.070,352.690
-443792.870,-1172415.000,352.840
-443793.880,-1172414.100,353.220
-443793.170,-1172415.220,352.970
-443793.470,-1172414.950,353.050
-443753.390,-1172397.030,346.960
-443768.910,-1172402.240,349.480
-443787.750,-1172385.210,350.930
-443768.990,-1172403.530,349.440
-443788.080,-1172388.510,350.940
-443789.190,-1172399.840,351.040
-443712.160,-1172402.300,352.330
-443712.080,-1172401.120,352.300
-443711.950,-1172395.770,352.300
-443711.800,-1172396.570,352.510
-443711.850,-1172396.530,351.860
-443712.390,-1172396.040,352.540
-443823.950,-1172310.400,355.220
-443824.270,-1172310.110,355.420
-443823.760,-1172309.750,355.090
-443823.660,-1172309.320,355.080
-443802.890,-1172318.880,350.960
-443743.290,-1172337.310,353.250
-443757.060,-1172322.050,354.320
-443756.800,-1172321.310,354.250
-443757.000,-1172320.500,354.300
-443756.910,-1172320.250,354.340
-443756.580,-1172318.750,354.240
-443756.400,-1172317.620,354.240
-443851.210,-1172430.660,357.060
-443851.430,-1172431.010,356.990
-443851.720,-1172420.300,357.230
-443847.420,-1172419.180,374.190
-443848.890,-1172412.850,374.190
-443850.720,-1172409.200,362.550
-443848.770,-1172411.570,374.130
-443848.750,-1172410.450,374.190
-443851.090,-1172407.790,357.690
-443851.350,-1172407.560,357.710
-443848.450,-1172408.850,374.130
-443851.720,-1172396.780,373.930
-443834.660,-1172408.740,373.690
-443835.440,-1172402.080,374.740
-443849.670,-1172388.180,374.930
-443849.940,-1172383.310,371.010
-443846.850,-1172386.070,374.250
-443849.090,-1172382.090,374.270
-443849.150,-1172381.580,374.290
-443835.050,-1172390.530,374.800
-443839.260,-1172365.850,371.080
-443770.310,-1172425.620,361.750
-443838.810,-1172361.620,370.670
-443770.100,-1172423.950,361.640
-443839.080,-1172357.490,371.100
-443839.050,-1172355.330,371.080
-443838.650,-1172352.560,370.700
-443838.540,-1172350.020,370.690
-443838.270,-1172341.940,370.670
-443838.630,-1172341.610,371.040
-443838.390,-1172340.400,370.710
-443837.960,-1172332.330,370.650
-443838.270,-1172331.140,370.970
-443824.960,-1172309.480,355.990
-443785.490,-1172319.790,357.720
-443775.030,-1172291.730,359.100
-443737.310,-1172325.790,358.660
-443738.070,-1172324.290,359.280
-443738.810,-1172323.620,359.800
-443740.730,-1172320.850,361.220
-443731.040,-1172320.330,361.230
-443730.670,-1172320.680,360.970
-443730.550,-1172319.990,360.910
-443731.240,-1172319.350,361.340
-443738.830,-1172295.910,359.540
-443738.780,-1172295.120,359.600
-443737.660,-1172295.730,358.780
-443738.710,-1172294.760,359.550
-443736.900,-1172295.480,358.340
-443718.830,-1172319.890,358.840
-443705.090,-1172333.070,360.660
-443705.040,-1172332.180,360.660
-443705.020,-1172332.600,360.690
-443706.740,-1172317.750,360.290
-443835.010,-1172422.970,348.530
-443826.850,-1172440.270,351.490
-443826.840,-1172438.530,351.510
-443802.600,-1172436.720,347.620
-443794.400,-1172413.330,353.420
-443794.680,-1172416.790,353.510
-443795.010,-1172414.510,353.680
-443794.880,-1172414.840,353.630
-443794.670,-1172414.700,353.560
-443794.620,-1172413.340,353.540
-443795.170,-1172417.960,353.660
-443795.920,-1172414.280,353.970
-443795.800,-1172414.600,353.910
-443795.670,-1172414.930,353.860
-443795.430,-1172415.550,353.800
-443795.640,-1172414.260,353.880
-443795.520,-1172414.560,353.780
-443795.160,-1172415.530,353.690
-443795.260,-1172420.640,353.660
-443796.400,-1172416.980,354.090
-443795.550,-1172419.220,353.750
-443795.440,-1172419.530,353.700
-443795.310,-1172419.850,353.670
-443796.350,-1172415.710,354.090
-443796.100,-1172416.370,354.010
-443795.740,-1172417.320,353.890
-443795.500,-1172417.960,353.780
-443795.250,-1172418.610,353.680
-443796.880,-1172418.140,354.210
-443796.630,-1172418.780,354.140
-443796.510,-1172419.100,354.060
-443796.380,-1172419.440,354.070
-443796.270,-1172419.750,353.980
-443796.140,-1172420.090,353.970
-443795.900,-1172420.710,353.840
-443796.840,-1172416.470,354.220
-443796.350,-1172417.760,354.060
-443796.230,-1172418.080,354.010
-443795.990,-1172418.700,353.930
-443795.880,-1172419.010,353.810
-443795.620,-1172419.670,353.800
-443795.500,-1172419.980,353.740
-443795.380,-1172420.300,353.740
-443796.840,-1172419.090,354.210
-443796.590,-1172419.770,354.100
-443776.890,-1172416.180,354.090
-443777.160,-1172417.610,354.080
-443777.080,-1172418.600,353.550
-443790.120,-1172408.150,351.070
-443790.200,-1172410.470,350.940
-443792.050,-1172411.340,352.690
-443792.610,-1172411.530,352.880
-443792.490,-1172411.850,352.820
-443792.360,-1172412.200,352.840
-443792.240,-1172412.510,352.750
-443792.720,-1172411.990,352.900
-443792.470,-1172412.640,352.790
-443793.220,-1172411.930,353.100
-443793.110,-1172412.240,353.040
-443792.990,-1172412.560,353.000
-443792.860,-1172412.890,352.950
-443792.750,-1172413.200,352.880
-443792.620,-1172413.520,352.830
-443792.380,-1172414.180,352.750
-443793.270,-1172412.330,353.130
-443793.150,-1172412.650,353.040
-443793.020,-1172412.990,352.990
-443792.900,-1172413.320,353.000
-443792.790,-1172413.610,352.920
-443792.530,-1172414.280,352.820
-443792.290,-1172414.920,352.770
-443792.170,-1172415.230,352.700
-443793.730,-1172412.710,353.220
-443793.680,-1172413.720,353.200
-443793.430,-1172414.370,353.120
-443792.580,-1172416.620,352.780
-443794.270,-1172413.670,353.360
-443794.140,-1172414.000,353.340
-443793.910,-1172414.620,353.270
-443793.770,-1172414.970,353.210
-443793.650,-1172415.290,353.160
-443793.530,-1172415.620,353.140
-443793.410,-1172415.940,353.050
-443793.280,-1172416.280,353.020
-443793.160,-1172416.580,352.980
-443793.640,-1172415.930,353.180
-443793.510,-1172416.270,353.130
-443792.520,-1172418.870,352.750
-443794.170,-1172416.010,353.360
-443793.680,-1172417.290,353.180
-443793.330,-1172418.230,353.020
-443793.100,-1172418.840,352.910
-443792.730,-1172419.810,352.760
-443792.610,-1172420.120,352.770
-443794.520,-1172415.810,353.510
-443794.400,-1172416.130,353.420
-443794.160,-1172416.760,353.340
-443793.920,-1172417.380,353.260
-443793.800,-1172417.720,353.210
-443793.560,-1172418.330,353.100
-443793.440,-1172418.660,353.040
-443793.200,-1172419.300,352.950
-443792.950,-1172419.950,352.870
-443792.710,-1172420.600,352.830
-443792.580,-1172420.930,352.750
-443794.560,-1172417.110,353.430
-443794.440,-1172417.430,353.390
-443794.320,-1172417.730,353.340
-443794.580,-1172417.810,353.470
-443794.450,-1172418.150,353.430
-443794.200,-1172418.820,353.330
-443793.350,-1172421.050,352.990
-443793.100,-1172421.700,352.870
-443792.970,-1172422.050,352.860
-443792.600,-1172423.010,352.720
-443794.190,-1172418.090,353.340
-443794.060,-1172418.410,353.250
-443793.700,-1172419.370,353.150
-443793.570,-1172419.700,353.090
-443793.330,-1172420.360,352.970
-443792.960,-1172421.310,352.880
-443792.840,-1172421.630,352.830
-443794.080,-1172420.830,353.220
-443793.120,-1172423.370,352.840
-443792.990,-1172423.700,352.820
-443794.880,-1172419.590,353.530
-443794.510,-1172420.560,353.380
-443794.400,-1172420.860,353.330
-443794.280,-1172421.180,353.310
-443793.800,-1172422.450,353.190
-443793.690,-1172422.740,353.060
-443793.560,-1172423.090,353.020
-443793.440,-1172423.400,352.990
-443793.320,-1172423.710,352.930
-443794.960,-1172420.790,353.530
-443794.840,-1172421.100,353.470
-443794.710,-1172421.450,353.450
-443794.590,-1172421.750,353.370
-443794.470,-1172422.080,353.350
-443794.340,-1172422.410,353.300
-443795.020,-1172421.270,353.570
-443794.900,-1172421.580,353.520
-443794.770,-1172421.920,353.460
-443794.650,-1172422.250,353.410
-443794.520,-1172422.580,353.390
-443834.800,-1172398.010,354.190
-443834.010,-1172395.730,353.880
-443834.330,-1172394.070,354.020
-443834.210,-1172394.380,353.940
-443834.230,-1172387.740,354.120
-443833.960,-1172386.050,348.570
-443833.830,-1172386.390,348.540
-443833.840,-1172386.900,348.480
-443833.460,-1172371.850,353.950
-443826.240,-1172335.890,354.210
-443826.110,-1172336.220,354.190
-443826.220,-1172335.900,351.410
-443826.040,-1172346.600,354.140
-443732.790,-1172400.650,349.040
-443732.820,-1172403.340,349.090
-443732.890,-1172406.470,349.140
-443768.720,-1172399.200,349.670
-443769.150,-1172399.940,349.760
-443787.040,-1172378.490,350.940
-443787.410,-1172379.440,351.120
-443787.310,-1172379.730,350.950
-443789.010,-1172397.560,351.050
-443788.890,-1172397.880,350.950
-443789.160,-1172399.630,350.910
-443789.020,-1172400.000,351.050
-443789.550,-1172403.420,350.870
-443712.080,-1172401.350,352.450
-443712.380,-1172398.350,352.580
-443706.610,-1172396.290,352.500
-443826.080,-1172332.320,351.380
-443825.960,-1172332.640,351.360
-443826.060,-1172332.330,348.620
-443825.850,-1172332.210,351.410
-443825.720,-1172332.550,351.380
-443823.840,-1172310.470,355.160
-443823.650,-1172308.720,355.160
-443802.270,-1172315.700,350.930
-443802.620,-1172317.720,350.950
-443731.040,-1172324.560,352.830
-443743.310,-1172337.030,353.230
-443743.340,-1172336.190,353.240
-443756.410,-1172318.360,354.200
-443756.760,-1172319.900,354.300
-443756.800,-1172321.970,354.170
-443764.940,-1172313.100,355.250
-443764.880,-1172315.320,355.170
-443763.910,-1172322.720,352.460
-443779.590,-1172318.450,351.960
-443704.680,-1172330.240,352.190
-443850.940,-1172430.230,374.750
-443850.100,-1172409.980,374.620
-443848.870,-1172413.170,374.260
-443850.060,-1172409.810,374.730
-443848.810,-1172411.450,374.210
-443848.690,-1172411.780,374.180
-443848.710,-1172410.130,374.210
-443848.540,-1172408.870,374.200
-443848.130,-1172408.050,374.230
-443840.470,-1172428.030,374.820
-443840.300,-1172428.030,374.830
-443849.760,-1172403.340,374.190
-443850.050,-1172400.240,374.720
-443845.720,-1172407.740,374.210
-443836.710,-1172431.230,374.200
-443836.500,-1172431.790,373.910
-443836.310,-1172428.710,373.870
-443835.910,-1172429.630,359.920
-443836.220,-1172427.260,373.850
-443836.200,-1172424.350,373.890
-443835.970,-1172423.700,373.850
-443836.110,-1172422.630,373.860
-443835.630,-1172423.750,359.860
-443835.050,-1172423.540,359.510
-443849.620,-1172385.690,374.780
-443849.210,-1172386.120,374.240
-443846.950,-1172385.930,374.370
-443835.290,-1172414.800,369.390
-443849.250,-1172378.360,374.700
-443835.760,-1172409.760,374.700
-443835.630,-1172410.100,374.670
-443835.500,-1172410.430,374.650
-443835.380,-1172410.750,374.600
-443835.620,-1172409.650,374.650
-443835.480,-1172408.810,374.610
-443835.050,-1172409.790,358.110
-443834.520,-1172410.740,373.760
-443834.690,-1172410.260,369.250
-443834.850,-1172409.800,363.690
-443834.730,-1172410.110,363.680
-443831.220,-1172419.410,377.680
-443834.540,-1172409.070,373.700
-443834.370,-1172409.430,363.610
-443835.400,-1172406.210,374.620
-443835.340,-1172404.740,374.600
-443848.560,-1172371.800,374.330
-443835.230,-1172404.150,374.570
-443834.670,-1172405.580,371.830
-443835.340,-1172401.560,373.960
-443835.280,-1172397.570,374.750
-443834.560,-1172398.710,362.400
-443834.440,-1172399.040,362.370
-443834.310,-1172397.850,362.390
-443835.230,-1172395.560,374.730
-443834.650,-1172397.050,371.030
-443834.410,-1172397.670,370.890
-443835.210,-1172394.680,374.750
-443835.100,-1172394.960,374.580
-443835.190,-1172394.720,373.870
-443834.420,-1172396.720,370.880
-443834.620,-1172394.230,362.590
-443834.490,-1172394.560,362.610
-443834.430,-1172393.920,362.570
-443834.200,-1172394.520,362.370
-443834.540,-1172393.620,362.650
-443834.380,-1172391.960,369.270
-443834.250,-1172392.300,369.240
-443834.970,-1172388.400,374.780
-443834.720,-1172386.650,373.880
-443834.320,-1172387.660,370.900
-443834.200,-1172387.990,370.920
-443834.070,-1172388.320,370.870
-443833.780,-1172387.310,370.770
-443839.250,-1172364.020,371.030
-443838.890,-1172364.940,370.710
-443839.150,-1172361.850,371.080
-443834.490,-1172374.100,374.740
-443833.250,-1172375.370,359.600
-443833.680,-1172373.700,356.900
-443833.310,-1172373.180,356.750
-443833.470,-1172371.840,356.780
-443838.680,-1172359.250,370.720
-443839.080,-1172357.270,371.070
-443838.680,-1172355.600,370.740
-443838.860,-1172351.290,371.090
-443838.830,-1172349.070,371.090
-443838.480,-1172350.000,370.690
-443838.730,-1172346.710,371.080
-443838.390,-1172347.610,370.700
-443838.800,-1172345.890,371.110
-443838.700,-1172344.900,371.050
-443830.750,-1172361.630,370.670
-443838.590,-1172340.290,371.100
-443838.240,-1172341.210,370.720
-443838.220,-1172339.820,370.730
-443826.670,-1172365.820,359.750
-443826.550,-1172366.120,359.700
-443838.160,-1172337.430,370.710
-443826.690,-1172365.020,356.960
-443838.420,-1172335.010,371.100
-443838.090,-1172335.890,370.700
-443826.620,-1172360.920,359.780
-443826.670,-1172358.010,367.600
-443826.320,-1172357.340,367.690
-443826.680,-1172354.210,359.760
-443826.600,-1172351.060,359.740
-443826.480,-1172350.030,362.590
-443826.340,-1172349.870,365.430
-443826.580,-1172346.890,359.790
-443826.520,-1172347.650,357.000
-443826.230,-1172347.900,368.120
-443826.270,-1172343.140,368.180
-443826.410,-1172343.320,368.140
-443825.770,-1172342.790,359.720
-443826.270,-1172335.850,357.040
-443825.650,-1172335.770,359.730
-443770.710,-1172435.660,361.810
-443770.230,-1172430.190,361.430
-443770.330,-1172425.210,361.810
-443770.080,-1172427.180,361.580
-443838.090,-1172333.590,370.700
-443825.980,-1172332.660,356.990
-443826.140,-1172332.310,362.640
-443827.670,-1172306.830,356.840
-443824.450,-1172308.840,355.680
-443825.070,-1172309.160,356.060
-443775.050,-1172291.810,359.080
-443761.250,-1172291.940,359.180
-443761.120,-1172292.310,359.180
-443760.830,-1172290.840,359.110
-443752.210,-1172292.550,358.640
-443740.730,-1172320.870,361.340
-443739.530,-1172322.620,360.380
-443738.060,-1172323.810,359.390
-443737.730,-1172324.720,359.080
-443736.480,-1172326.040,358.240
-443731.140,-1172319.360,361.390
-443730.660,-1172320.650,361.020
-443730.200,-1172319.250,360.770
-443736.690,-1172294.780,358.310
-443735.920,-1172295.370,357.840
-443735.810,-1172295.670,357.790
-443719.010,-1172320.280,359.030
-443718.960,-1172318.840,358.980
-443718.730,-1172319.470,358.840
-443718.490,-1172319.300,358.730
-443718.540,-1172317.970,358.880
-443717.850,-1172318.290,358.390
-443717.850,-1172317.420,358.470
-443717.460,-1172317.140,358.270
-443705.290,-1172336.330,360.650
-443705.130,-1172332.210,360.680
-443705.000,-1172332.570,360.710
-443704.990,-1172332.040,360.720
-443704.840,-1172329.900,360.720
-443704.760,-1172331.230,360.660
-443706.100,-1172322.650,358.530
-443705.980,-1172322.960,358.510
-443706.100,-1172323.250,358.470
-443705.820,-1172322.550,358.520
-443705.710,-1172322.860,358.440
-443704.340,-1172326.600,360.680
-443704.100,-1172327.260,360.590
-443706.580,-1172316.530,360.050
-443826.850,-1172441.020,351.260
-443802.450,-1172436.610,347.610
-443837.420,-1172405.740,349.650
-443794.640,-1172422.000,353.460
-443794.770,-1172421.610,353.490
-443795.030,-1172421.400,353.590
-443795.790,-1172420.780,353.820
-443796.020,-1172420.590,353.940
-443795.330,-1172420.300,353.690
-443796.090,-1172419.680,353.950
-443796.590,-1172419.260,354.160
-443794.680,-1172421.270,353.460
-443794.930,-1172421.060,353.540
-443795.190,-1172420.850,353.630
-443795.980,-1172420.200,353.880
-443796.730,-1172419.590,354.190
-443795.310,-1172419.940,353.700
-443795.580,-1172419.720,353.780
-443795.260,-1172419.610,353.660
-443796.010,-1172419.000,353.930
-443795.000,-1172418.860,353.570
-443795.250,-1172418.660,353.710
-443795.520,-1172418.440,353.760
-443796.270,-1172417.820,354.070
-443796.530,-1172417.610,354.150
-443794.430,-1172418.920,353.410
-443794.900,-1172418.530,353.580
-443795.150,-1172418.330,353.660
-443795.420,-1172418.110,353.760
-443796.190,-1172417.480,354.040
-443796.450,-1172417.270,354.130
-443795.140,-1172417.920,353.640
-443795.380,-1172417.730,353.780
-443795.630,-1172417.520,353.830
-443796.390,-1172416.900,354.110
-443794.680,-1172417.360,353.540
-443795.190,-1172416.950,353.700
-443795.460,-1172416.730,353.790
-443796.200,-1172416.120,354.080
-443796.460,-1172415.910,354.190
-443794.490,-1172417.990,353.450
-443795.250,-1172417.380,353.710
-443795.500,-1172417.170,353.810
-443796.290,-1172416.530,354.090
-443795.980,-1172415.540,354.000
-443796.230,-1172415.340,354.070
-443794.700,-1172416.940,353.540
-443794.950,-1172416.740,353.600
-443795.460,-1172416.320,353.830
-443795.700,-1172416.130,353.900
-443796.220,-1172415.700,354.090
-443794.240,-1172416.960,353.350
-443794.740,-1172416.560,353.530
-443794.980,-1172416.360,353.640
-443795.240,-1172416.140,353.750
-443795.730,-1172415.740,353.900
-443794.840,-1172409.360,351.660
-443794.190,-1172413.660,353.410
-443794.450,-1172413.450,353.480
-443793.990,-1172413.370,353.330
-443794.260,-1172413.150,353.420
-443794.560,-1172414.630,353.500
-443795.060,-1172414.220,353.690
-443794.890,-1172415.180,353.630
-443795.650,-1172414.560,353.900
-443795.890,-1172414.360,353.980
-443794.900,-1172414.840,353.630
-443795.150,-1172414.640,353.690
-443795.670,-1172414.220,353.870
-443794.920,-1172415.950,353.650
-443795.190,-1172415.720,353.720
-443795.450,-1172415.510,353.800
-443795.950,-1172415.100,353.980
-443794.350,-1172415.970,353.410
-443795.610,-1172414.940,353.890
-443795.880,-1172414.730,353.990
-443793.210,-1172423.890,352.930
-443793.270,-1172423.410,352.940
-443793.530,-1172423.200,353.030
-443793.770,-1172423.010,353.120
-443794.540,-1172422.380,353.410
-443792.850,-1172423.460,352.790
-443793.880,-1172422.620,353.170
-443794.390,-1172422.200,353.360
-443792.750,-1172423.270,352.700
-443792.980,-1172423.080,352.830
-443793.750,-1172422.450,353.130
-443793.990,-1172422.250,353.190
-443794.500,-1172421.830,353.400
-443793.240,-1172422.450,350.420
-443792.920,-1172422.700,352.830
-443793.400,-1172422.310,352.990
-443793.670,-1172422.100,353.090
-443793.920,-1172421.890,353.190
-443792.940,-1172422.250,350.120
-443792.800,-1172422.360,352.820
-443793.060,-1172422.150,352.880
-443793.300,-1172421.950,352.990
-443793.550,-1172421.750,353.040
-443793.070,-1172421.770,352.870
-443793.580,-1172421.350,353.070
-443793.070,-1172421.400,350.240
-443792.720,-1172421.690,352.750
-443792.960,-1172421.490,352.840
-443793.160,-1172420.830,350.410
-443792.820,-1172421.110,352.820
-443793.040,-1172420.460,350.320
-443792.700,-1172420.740,352.790
-443793.230,-1172420.310,352.970
-443793.460,-1172420.110,353.050
-443793.710,-1172419.910,353.150
-443792.640,-1172420.380,352.730
-443792.870,-1172420.190,352.840
-443793.890,-1172419.360,353.200
-443792.950,-1172419.710,350.180
-443792.570,-1172420.030,352.730
-443793.590,-1172419.190,353.080
-443794.090,-1172418.780,353.260
-443792.890,-1172419.310,350.060
-443792.490,-1172419.630,352.710
-443793.240,-1172419.020,352.950
-443793.470,-1172418.830,353.100
-443793.440,-1172418.380,353.100
-443792.680,-1172418.590,352.810
-443793.210,-1172418.160,353.000
-443793.950,-1172417.560,353.270
-443792.840,-1172418.110,350.040
-443792.450,-1172418.420,352.640
-443792.680,-1172418.240,352.810
-443792.940,-1172418.020,352.880
-443793.710,-1172417.390,353.160
-443790.130,-1172410.510,350.900
-443792.320,-1172411.420,352.810
-443792.570,-1172411.210,352.900
-443792.320,-1172411.890,352.800
-443792.570,-1172411.690,352.900
-443792.110,-1172412.590,352.650
-443792.360,-1172412.390,352.820
-443792.260,-1172413.020,352.750
-443792.770,-1172412.600,352.930
-443793.010,-1172412.410,353.040
-443793.250,-1172412.210,353.120
-443792.300,-1172413.530,352.750
-443792.550,-1172413.330,352.840
-443793.050,-1172412.920,353.040
-443793.560,-1172412.510,353.200
-443793.810,-1172412.300,353.300
-443792.250,-1172413.960,352.680
-443792.480,-1172413.770,352.790
-443792.740,-1172413.560,352.940
-443793.000,-1172413.340,353.010
-443793.240,-1172413.150,353.090
-443792.520,-1172414.120,352.840
-443792.770,-1172413.920,352.910
-443793.740,-1172413.570,353.240
-443792.470,-1172414.600,352.780
-443793.500,-1172413.770,353.150
-443792.430,-1172415.100,352.750
-443792.660,-1172414.910,352.900
-443793.940,-1172413.870,353.310
-443792.290,-1172415.610,352.620
-443793.570,-1172414.570,353.160
-443793.120,-1172415.340,353.010
-443793.560,-1172415.440,353.170
-443793.800,-1172415.250,353.240
-443792.630,-1172416.690,352.790
-443793.630,-1172415.880,353.180
-443792.340,-1172417.260,352.630
-443792.600,-1172417.050,352.820
-443792.320,-1172417.630,352.590
-443792.550,-1172417.450,352.770
-443793.590,-1172416.590,353.120
-443793.850,-1172416.380,353.230
-443793.160,-1172417.380,352.980
-443793.890,-1172416.790,353.260
-443834.210,-1172394.140,353.980
-443834.260,-1172394.480,354.120
-443834.000,-1172393.780,353.900
-443833.850,-1172386.330,348.530
-443826.140,-1172336.170,348.720
-443826.130,-1172336.170,351.440
-443826.120,-1172346.620,354.080
-443826.260,-1172350.550,351.370
-443826.240,-1172351.090,351.320
-443826.590,-1172351.240,351.680
-443798.370,-1172377.900,347.990
-443798.570,-1172377.730,348.310
-443825.620,-1172361.250,347.120
-443833.410,-1172371.900,354.030
-443833.350,-1172372.430,353.950
-443732.690,-1172400.480,349.090
-443732.880,-1172400.330,349.430
-443732.860,-1172400.720,349.170
-443732.980,-1172403.530,349.330
-443732.910,-1172406.450,349.070
-443787.010,-1172378.660,350.900
-443787.450,-1172379.440,351.110
-443787.650,-1172385.130,350.890
-443787.800,-1172385.590,350.920
-443788.950,-1172397.750,351.010
-443788.920,-1172397.520,350.940
-443788.940,-1172398.220,350.940
-443789.200,-1172399.970,351.050
-443789.150,-1172399.440,351.020
-443789.580,-1172403.490,351.100
-443789.330,-1172401.920,350.980
-443712.150,-1172402.220,352.400
-443712.200,-1172401.110,352.450
-443826.070,-1172332.420,348.680
-443825.840,-1172332.600,351.390
-443826.100,-1172332.390,351.480
-443823.680,-1172309.380,355.120
-443796.590,-1172328.830,350.800
-443802.830,-1172318.470,351.120
-443756.270,-1172316.480,354.210
-443764.610,-1172311.240,355.210
-443756.440,-1172318.670,354.160
-443756.820,-1172319.610,354.410
-443756.810,-1172320.170,354.250
-443764.720,-1172313.500,355.160
-443756.840,-1172321.320,354.210
-443756.760,-1172320.710,354.180
-443756.860,-1172321.920,354.170
-443765.310,-1172318.590,355.170
-443763.750,-1172322.850,352.460
-443763.990,-1172322.650,352.630
-443771.890,-1172322.590,352.840
-443772.170,-1172322.360,352.830
-443779.680,-1172318.600,351.890
-443779.270,-1172318.400,351.880
-443850.440,-1172424.590,374.140
-443836.370,-1172431.440,374.070
-443835.450,-1172430.180,359.730
-443836.330,-1172428.780,373.960
-443835.380,-1172429.960,359.650
-443847.770,-1172418.180,374.220
-443847.300,-1172418.910,374.180
-443847.850,-1172418.440,374.240
-443836.190,-1172426.800,373.910
-443841.350,-1172421.810,374.820
-443836.200,-1172426.530,374.010
-443835.650,-1172426.560,358.190
-443848.900,-1172414.250,374.170
-443848.790,-1172413.180,374.190
-443835.110,-1172423.870,359.590
-443835.310,-1172423.710,359.890
-443835.160,-1172424.260,359.610
-443848.730,-1172411.760,374.200
-443836.120,-1172422.250,373.990
-443848.690,-1172410.990,374.140
-443835.160,-1172422.730,359.680
-443848.770,-1172410.490,374.230
-443848.850,-1172409.770,374.340
-443848.670,-1172410.230,374.200
-443848.690,-1172409.420,374.170
-443848.630,-1172409.010,374.210
-443848.050,-1172408.040,374.210
-443849.780,-1172403.280,374.170
-443835.780,-1172414.870,373.880
-443835.070,-1172414.850,369.310
-443835.320,-1172414.640,369.370
-443844.060,-1172407.400,374.790
-443835.100,-1172414.430,369.560
-443848.650,-1172400.590,374.290
-443850.100,-1172399.390,375.020
-443850.010,-1172399.040,374.880
-443835.620,-1172410.400,374.510
-443835.150,-1172410.340,369.350
-443834.840,-1172410.210,369.240
-443835.020,-1172409.710,363.680
-443834.960,-1172409.310,363.730
-443835.620,-1172408.760,374.570
-443834.730,-1172409.140,363.590
-443834.590,-1172409.260,365.090
-443834.960,-1172408.950,363.710
-443834.580,-1172408.980,373.690
-443834.500,-1172408.850,373.710
-443834.640,-1172408.750,365.200
-443835.600,-1172407.580,374.570
-443848.250,-1172395.240,374.230
-443848.250,-1172394.960,374.250
-443835.060,-1172404.170,363.760
-443834.760,-1172404.410,371.860
-443835.440,-1172402.430,374.690
-443849.630,-1172388.140,374.850
-443834.440,-1172398.980,362.510
-443834.360,-1172398.660,362.440
-443834.880,-1172397.440,371.070
-443835.160,-1172397.210,371.130
-443834.760,-1172397.120,371.110
-443846.840,-1172385.820,374.430
-443835.060,-1172395.150,374.560
-443834.240,-1172394.920,362.470
-443848.930,-1172382.070,374.270
-443834.160,-1172394.560,362.400
-443834.650,-1172394.160,362.640
-443834.160,-1172392.520,369.210
-443834.400,-1172392.330,369.310
-443834.190,-1172392.040,369.190
-443834.440,-1172391.840,369.310
-443835.090,-1172388.240,374.810
-443834.070,-1172388.270,371.000
-443834.020,-1172387.940,370.890
-443848.830,-1172373.630,374.320
-443849.260,-1172371.600,374.650
-443837.160,-1172380.350,374.690
-443770.450,-1172433.020,361.350
-443833.740,-1172377.640,360.270
-443833.640,-1172376.270,359.790
-443833.490,-1172376.080,359.630
-443833.660,-1172375.940,359.980
-443770.290,-1172426.240,361.840
-443770.090,-1172425.970,361.600
-443770.300,-1172425.800,361.850
-443770.230,-1172425.390,361.810
-443770.220,-1172424.940,361.820
-443833.200,-1172373.590,356.680
-443833.280,-1172373.210,356.760
-443770.170,-1172424.360,361.780
-443770.120,-1172423.990,361.760
-443839.210,-1172365.070,371.120
-443839.200,-1172364.160,371.080
-443839.280,-1172363.520,371.160
-443838.890,-1172363.240,370.740
-443839.180,-1172361.890,371.120
-443839.070,-1172359.770,371.110
-443826.880,-1172365.850,359.820
-443826.920,-1172365.810,365.380
-443827.120,-1172364.920,368.260
-443830.690,-1172361.660,370.640
-443826.790,-1172364.870,357.000
-443826.900,-1172364.770,365.380
-443826.900,-1172364.760,368.210
-443830.680,-1172361.120,370.620
-443835.870,-1172356.290,370.910
-443838.950,-1172353.770,371.100
-443827.050,-1172361.810,362.830
-443826.600,-1172360.980,359.750
-443829.160,-1172358.330,370.680
-443838.500,-1172350.040,370.730
-443826.460,-1172358.260,367.430
-443826.950,-1172357.850,367.630
-443830.580,-1172354.880,370.680
-443838.370,-1172345.980,370.730
-443826.730,-1172355.030,357.060
-443838.710,-1172344.850,371.150
-443826.790,-1172354.230,357.070
-443826.830,-1172354.190,359.850
-443826.670,-1172351.170,360.050
-443826.320,-1172351.020,359.730
-443838.580,-1172340.440,371.120
-443826.260,-1172349.930,365.330
-443838.270,-1172340.090,370.770
-443830.370,-1172343.660,370.760
-443838.090,-1172337.330,370.690
-443830.200,-1172343.260,370.650
-443838.380,-1172336.560,371.080
-443826.250,-1172343.150,368.220
-443828.690,-1172338.830,370.840
-443826.180,-1172336.120,357.050
-443826.240,-1172336.510,357.110
-443826.140,-1172335.760,365.460
-443825.860,-1172335.980,368.140
-443838.070,-1172333.450,370.720
-443838.300,-1172331.460,371.100
-443838.290,-1172331.990,371.090
-443838.470,-1172332.350,371.140
-443838.350,-1172332.800,371.110
-443826.230,-1172333.470,368.280
-443828.000,-1172307.080,356.820
-443812.900,-1172307.130,357.610
-443784.950,-1172320.830,357.360
-443775.430,-1172317.610,357.580
-443736.570,-1172326.020,358.290
-443731.300,-1172320.880,361.400
-443730.640,-1172320.910,360.990
-443730.880,-1172320.700,361.140
-443765.270,-1172290.880,358.510
-443730.540,-1172319.880,360.980
-443730.530,-1172319.430,361.020
-443730.660,-1172318.870,361.140
-443761.070,-1172291.790,359.160
-443761.010,-1172291.330,359.180
-443761.240,-1172291.130,359.280
-443738.390,-1172297.000,359.280
-443736.050,-1172297.070,357.780
-443735.880,-1172295.950,357.730
-443705.350,-1172336.400,360.520
-443705.030,-1172332.540,360.740
-443704.860,-1172332.160,360.630
-443704.330,-1172326.730,360.760
-443704.260,-1172327.410,360.610
-443704.090,-1172326.410,360.570
-443706.030,-1172322.830,358.520
-443701.630,-1172296.650,358.190
