-443802.980,-1172330.730,350.400
-443743.720,-1172332.630,353.080
-443751.050,-1172334.660,352.040
-443754.950,-1172328.930,354.830
-443717.430,-1172328.780,352.690
-443707.130,-1172293.530,355.270
-443706.440,-1172293.430,355.430
-443706.570,-1172293.120,355.100
-443741.090,-1172437.950,361.690
-443829.630,-1172366.950,370.990
-443789.000,-1172308.640,358.040
-443789.290,-1172309.880,358.900
-443789.380,-1172312.910,360.850
-443810.810,-1172306.390,356.690
-443811.070,-1172307.440,357.430
-443811.190,-1172307.140,357.140
-443811.060,-1172308.940,358.630
-443811.300,-1172308.340,358.150
-443697.320,-1172291.090,358.320
-443697.440,-1172290.810,358.100
-443697.560,-1172290.520,357.810
-443697.160,-1172290.560,357.980
-443697.550,-1172291.820,358.900
-443697.670,-1172291.540,358.610
-443697.790,-1172291.230,358.340
-443697.910,-1172290.950,358.090
-443698.010,-1172291.370,358.270
-443698.580,-1172293.200,357.540
-443698.700,-1172292.910,357.360
-443698.980,-1172294.090,358.310
-443698.760,-1172293.490,357.580
-443699.240,-1172294.400,358.390
-443699.730,-1172293.200,357.140
-443699.730,-1172294.570,358.470
-443700.210,-1172293.410,357.140
-443700.030,-1172294.600,358.320
-443700.400,-1172293.690,357.430
-443700.870,-1172294.030,357.570
-443701.120,-1172294.290,357.750
-443701.240,-1172293.990,357.330
-443701.070,-1172294.920,358.290
-443701.440,-1172294.020,357.490
-443701.560,-1172293.720,357.120
-443701.510,-1172294.770,358.110
-443701.640,-1172294.460,357.790
-443701.720,-1172295.180,358.410
-443701.970,-1172294.590,357.730
-443702.210,-1172295.200,358.290
-443702.320,-1172294.930,357.940
-443702.440,-1172294.630,357.680
-443702.800,-1172294.580,357.530
-443702.920,-1172294.310,357.180
-443703.450,-1172294.790,357.500
-443704.300,-1172295.740,358.080
-443704.650,-1172296.010,358.350
-443705.020,-1172295.110,357.100
-443705.730,-1172295.170,357.040
-443705.840,-1172294.900,356.720
-443706.200,-1172294.010,355.990
-443705.000,-1172296.180,358.350
-443705.540,-1172296.510,358.390
-443705.670,-1172296.210,358.160
-443706.400,-1172294.410,356.180
-443706.520,-1172294.120,356.000
-443711.020,-1172292.770,356.060
-443705.490,-1172318.350,358.970
-443706.080,-1172316.910,357.700
-443705.290,-1172317.890,358.560
-443705.410,-1172317.600,358.250
-443706.160,-1172322.160,362.080
-443810.190,-1172433.590,350.390
-443830.420,-1172418.210,348.400
-443837.470,-1172304.680,353.970
-443837.420,-1172303.220,352.890
-443798.860,-1172324.260,351.240
-443751.050,-1172334.710,352.040
-443743.510,-1172332.470,352.750
-443707.130,-1172293.310,355.170
-443706.650,-1172293.250,355.250
-443706.390,-1172293.460,355.460
-443827.520,-1172367.050,371.030
-443834.480,-1172366.730,370.860
-443788.970,-1172308.800,358.360
-443810.790,-1172306.100,356.620
-443811.140,-1172306.770,356.990
-443810.880,-1172306.990,357.280
-443811.270,-1172308.100,358.020
-443696.740,-1172290.490,358.010
-443697.340,-1172290.420,357.870
-443697.090,-1172290.640,358.090
-443696.850,-1172290.830,358.290
-443697.570,-1172290.750,358.040
-443697.070,-1172291.170,358.470
-443696.820,-1172291.370,358.710
-443697.840,-1172291.140,358.320
-443698.090,-1172291.320,358.360
-443698.780,-1172293.080,357.480
-443698.880,-1172294.130,358.390
-443699.120,-1172293.930,358.190
-443699.440,-1172294.070,358.140
-443699.210,-1172294.260,358.340
-443700.930,-1172293.750,357.390
-443699.940,-1172294.580,358.410
-443701.250,-1172294.040,357.550
-443701.450,-1172294.220,357.650
-443700.690,-1172294.850,358.440
-443702.130,-1172294.060,357.340
-443701.400,-1172294.670,358.070
-443701.140,-1172294.880,358.350
-443702.030,-1172294.560,357.790
-443701.540,-1172294.970,358.300
-443702.320,-1172294.820,357.930
-443701.830,-1172295.220,358.410
-443702.900,-1172294.700,357.640
-443702.160,-1172295.320,358.420
-443706.620,-1172293.740,355.700
-443705.140,-1172294.970,357.250
-443704.400,-1172295.580,358.000
-443704.160,-1172295.790,358.270
-443706.680,-1172294.240,356.080
-443706.180,-1172294.650,356.570
-443705.920,-1172294.870,356.860
-443705.670,-1172295.080,357.130
-443705.420,-1172295.290,357.390
-443705.180,-1172295.480,357.640
-443704.460,-1172296.080,358.410
-443705.090,-1172296.170,358.340
-443705.530,-1172296.250,358.270
-443705.980,-1172296.310,358.140
-443705.740,-1172296.500,358.450
-443705.200,-1172317.710,358.520
-443705.560,-1172320.820,361.170
-443716.180,-1172336.180,360.950
-443772.270,-1172425.200,353.820
-443824.220,-1172304.900,352.930
-443819.970,-1172304.790,353.720
-443802.970,-1172330.730,350.300
-443746.460,-1172338.650,353.230
-443706.900,-1172292.870,354.770
-443706.700,-1172293.350,355.270
-443851.290,-1172393.300,373.990
-443837.690,-1172306.720,355.340
-443833.090,-1172305.140,356.440
-443815.760,-1172308.720,356.470
-443811.030,-1172307.430,357.530
-443811.080,-1172308.500,358.410
-443810.920,-1172306.260,356.630
-443789.600,-1172312.910,360.820
-443789.500,-1172313.150,361.070
-443789.190,-1172309.800,358.920
-443772.780,-1172293.590,358.900
-443735.150,-1172313.650,358.200
-443722.530,-1172317.400,356.830
-443722.430,-1172317.640,357.050
-443721.210,-1172292.340,356.880
-443715.190,-1172318.000,359.450
-443715.080,-1172318.280,359.650
-443716.120,-1172317.050,358.760
-443718.390,-1172291.810,356.330
-443705.460,-1172318.350,358.900
-443699.000,-1172316.490,355.580
-443698.880,-1172316.790,355.780
-443706.650,-1172294.270,356.060
-443705.210,-1172295.310,357.470
-443705.030,-1172295.780,357.970
-443706.170,-1172293.630,355.640
-443705.570,-1172295.120,357.170
-443706.610,-1172293.590,355.510
-443706.410,-1172294.090,356.060
-443706.310,-1172294.340,356.300
-443704.280,-1172295.780,358.170
-443704.180,-1172296.050,358.310
-443704.700,-1172295.670,357.900
-443704.600,-1172295.910,358.230
-443703.380,-1172294.770,357.600
-443703.740,-1172294.570,357.260
-443703.180,-1172294.400,357.280
-443703.080,-1172294.660,357.540
-443702.970,-1172294.930,357.740
-443702.820,-1172294.220,357.240
-443702.860,-1172294.740,357.600
-443701.870,-1172294.570,357.760
-443701.670,-1172295.080,358.210
-443702.320,-1172294.550,357.680
-443702.020,-1172295.300,358.360
-443701.370,-1172294.020,357.520
-443701.270,-1172294.290,357.710
-443700.980,-1172295.030,358.460
-443701.770,-1172293.900,357.170
-443701.480,-1172294.630,357.990
-443701.360,-1172294.910,358.200
-443700.700,-1172294.790,358.340
-443700.670,-1172293.510,357.220
-443700.770,-1172294.010,357.580
-443699.580,-1172294.490,358.420
-443700.250,-1172293.920,357.740
-443700.050,-1172294.420,358.240
-443699.480,-1172293.810,357.840
-443699.280,-1172294.300,358.360
-443699.430,-1172293.030,357.170
-443697.700,-1172290.990,358.160
-443697.580,-1172291.280,358.390
-443698.060,-1172291.170,358.150
-443696.960,-1172291.170,358.500
-443697.480,-1172290.640,357.910
-443697.280,-1172291.130,358.330
-443697.790,-1172290.770,357.910
-443696.910,-1172290.530,357.890
-443753.970,-1172396.500,347.020
-443835.160,-1172317.540,349.350
-443837.390,-1172304.690,353.900
-443837.360,-1172302.610,352.390
-443815.410,-1172305.380,353.880
-443756.150,-1172328.970,353.860
-443743.730,-1172332.620,353.110
-443717.600,-1172329.040,353.050
-443706.970,-1172293.570,355.390
-443706.540,-1172293.440,355.460
-443706.730,-1172293.270,355.200
-443703.640,-1172291.310,353.990
-443833.010,-1172305.610,356.770
-443815.670,-1172308.560,356.360
-443811.270,-1172308.190,357.980
-443810.990,-1172306.750,356.880
-443810.870,-1172307.390,357.600
-443811.040,-1172307.230,357.250
-443811.260,-1172307.030,357.120
-443810.880,-1172306.400,356.720
-443811.060,-1172306.240,356.450
-443748.990,-1172290.730,358.980
-443705.620,-1172320.750,361.090
-443705.590,-1172296.200,358.200
-443705.700,-1172296.650,358.490
-443704.990,-1172296.220,358.360
-443704.350,-1172295.990,358.310
-443704.760,-1172295.610,357.870
-443704.960,-1172295.430,357.600
-443705.960,-1172294.500,356.510
-443706.350,-1172294.140,356.060
-443704.720,-1172296.110,358.310
-443705.140,-1172295.730,357.850
-443705.520,-1172295.370,357.430
-443705.750,-1172295.160,357.220
-443706.550,-1172294.420,356.260
-443706.750,-1172294.240,356.040
-443704.400,-1172294.730,357.210
-443702.640,-1172294.660,357.680
-443703.040,-1172294.300,357.220
-443701.580,-1172295.020,358.250
-443701.800,-1172294.810,358.030
-443702.020,-1172294.620,357.810
-443700.770,-1172294.880,358.390
-443701.400,-1172294.290,357.690
-443701.810,-1172293.920,357.230
-443701.160,-1172294.900,358.330
-443701.770,-1172294.330,357.650
-443700.800,-1172294.360,357.940
-443701.000,-1172294.180,357.730
-443701.200,-1172294.000,357.500
-443700.080,-1172294.600,358.380
-443700.480,-1172294.230,357.910
-443699.910,-1172294.350,358.220
-443700.310,-1172293.990,357.790
-443700.700,-1172293.630,357.320
-443699.540,-1172294.350,358.280
-443700.570,-1172293.400,357.140
-443698.810,-1172294.120,358.370
-443699.820,-1172293.190,357.150
-443699.100,-1172294.260,358.390
-443699.310,-1172294.070,358.130
-443699.510,-1172293.870,357.910
-443700.100,-1172293.340,357.240
-443699.030,-1172292.940,357.190
-443698.560,-1172292.880,357.270
-443697.730,-1172291.160,358.280
-443697.940,-1172290.960,358.060
-443696.660,-1172291.540,358.800
-443697.080,-1172291.150,358.430
-443697.500,-1172290.760,358.030
-443697.680,-1172290.590,357.840
-443697.000,-1172290.790,358.160
-443697.220,-1172290.580,357.960
-443697.420,-1172290.400,357.730
-443810.860,-1172305.570,356.130
-443721.080,-1172292.330,357.060
-443715.080,-1172319.100,360.430
-443705.900,-1172320.810,361.140
-443705.840,-1172321.960,362.000
-443839.980,-1172411.780,352.630
-443731.770,-1172398.450,351.960
-443706.780,-1172293.680,355.600
-443707.170,-1172293.340,355.130
-443706.510,-1172293.440,355.460
-443742.420,-1172437.590,361.550
-443811.120,-1172308.080,358.130
-443811.010,-1172307.650,357.720
-443809.270,-1172307.080,356.990
-443789.310,-1172311.410,359.940
-443721.120,-1172292.340,357.070
-443715.320,-1172316.780,358.460
-443718.160,-1172291.620,356.310
-443704.820,-1172296.180,358.400
-443705.210,-1172295.840,358.000
-443704.420,-1172295.730,358.110
-443705.230,-1172295.030,357.240
-443706.370,-1172294.040,356.000
-443703.000,-1172294.760,357.660
-443703.390,-1172294.420,357.270
-443701.630,-1172294.730,358.060
-443702.420,-1172294.740,357.860
-443701.140,-1172293.990,357.530
-443699.690,-1172294.260,358.210
-443700.070,-1172293.920,357.840
-443698.680,-1172294.090,358.460
-443698.830,-1172292.890,357.200
-443697.520,-1172291.860,358.880
-443697.680,-1172291.350,358.490
-443697.340,-1172290.940,358.200
-443697.710,-1172290.610,357.870
-443697.270,-1172290.470,357.940
-443696.890,-1172290.800,358.310
