-443852.230,-1172430.500,350.990
-443770.250,-1172423.410,353.970
-443802.440,-1172328.680,349.060
-443802.040,-1172328.830,349.500
-443746.630,-1172333.720,352.310
-443734.530,-1172433.410,361.790
-443826.260,-1172336.680,370.780
-443851.610,-1172412.330,370.820
-443850.480,-1172392.440,374.270
-443850.400,-1172372.970,373.970
-443835.400,-1172391.630,374.340
-443710.010,-1172326.230,360.650
-443851.690,-1172423.230,351.130
-443770.310,-1172422.610,354.100
-443770.680,-1172432.980,350.930
-443746.600,-1172333.650,352.320
-443734.680,-1172437.310,361.300
-443827.180,-1172364.020,370.800
-443834.840,-1172373.170,374.400
-443851.980,-1172428.390,360.800
-443851.670,-1172422.780,360.840
-443835.840,-1172404.490,374.400
-443850.560,-1172392.490,374.110
-443850.310,-1172392.700,374.430
-443835.700,-1172401.160,374.500
-443835.670,-1172399.340,374.430
-443850.580,-1172384.440,374.250
-443850.130,-1172373.280,374.350
-443850.190,-1172372.640,374.110
-443849.920,-1172372.380,374.460
-443851.670,-1172421.340,352.380
-443770.600,-1172430.360,350.910
-443777.450,-1172418.120,353.240
-443777.330,-1172422.630,347.850
-443840.020,-1172334.990,354.320
-443839.630,-1172335.970,351.590
-443839.640,-1172335.980,354.370
-443839.710,-1172334.140,354.400
-443840.150,-1172336.310,351.500
-443840.160,-1172336.320,354.290
-443839.930,-1172340.180,348.720
-443839.790,-1172340.570,351.500
-443840.150,-1172342.170,348.680
-443840.030,-1172342.480,348.710
-443840.160,-1172342.190,354.300
-443840.040,-1172342.510,354.330
-443840.380,-1172340.280,348.650
-443840.250,-1172340.610,348.680
-443840.380,-1172340.300,351.450
-443840.260,-1172340.610,351.520
-443840.180,-1172343.710,354.330
-443840.280,-1172349.640,354.360
-443840.400,-1172352.940,348.700
-443840.290,-1172353.250,351.580
-443840.680,-1172353.570,348.700
-443840.570,-1172353.890,351.560
-443840.620,-1172356.520,351.530
-443840.740,-1172354.920,351.500
-443840.610,-1172355.240,351.590
-443840.790,-1172357.500,351.490
-443840.650,-1172363.060,348.890
-443840.590,-1172362.130,351.600
-443840.860,-1172361.440,354.350
-443840.640,-1172364.530,351.620
-443840.980,-1172365.330,354.290
-443841.060,-1172365.030,348.670
-443840.950,-1172365.350,351.510
-443850.850,-1172370.420,347.320
-443850.290,-1172370.790,347.520
-443851.130,-1172380.120,353.400
-443840.080,-1172333.140,351.480
-443839.820,-1172332.170,351.550
-443839.690,-1172332.500,351.570
-443839.570,-1172332.810,351.600
-443802.390,-1172328.770,349.410
-443730.970,-1172296.770,352.000
-443747.000,-1172333.370,352.240
-443751.450,-1172323.290,352.210
-443746.990,-1172334.000,352.260
-443708.680,-1172293.920,350.750
-443852.120,-1172428.440,360.880
-443851.550,-1172406.270,357.890
-443851.000,-1172405.070,358.100
-443850.730,-1172397.790,374.530
-443837.030,-1172428.210,374.640
-443850.520,-1172392.570,374.290
-443850.440,-1172392.800,374.570
-443850.900,-1172385.410,374.220
-443850.050,-1172378.590,374.280
-443850.530,-1172373.010,373.820
-443844.500,-1172385.610,374.620
-443841.830,-1172392.830,374.700
-443835.710,-1172393.960,374.700
-443835.500,-1172391.450,374.750
-443835.410,-1172388.590,374.730
-443840.690,-1172366.230,365.610
-443840.840,-1172365.870,368.350
-443840.620,-1172364.770,365.570
-443840.510,-1172365.060,365.620
-443840.870,-1172364.080,365.530
-443840.980,-1172362.380,365.480
-443835.220,-1172375.610,374.650
-443840.630,-1172362.110,359.970
-443840.940,-1172361.370,365.520
-443840.930,-1172360.230,357.120
-443840.770,-1172359.170,359.940
-443840.810,-1172357.510,357.120
-443840.680,-1172357.860,357.080
-443840.460,-1172358.440,357.320
-443840.840,-1172357.490,362.640
-443840.680,-1172356.490,362.720
-443840.720,-1172355.170,368.320
-443840.490,-1172354.230,362.730
-443840.250,-1172354.870,362.770
-443840.300,-1172354.820,368.430
-443840.580,-1172352.590,359.880
-443840.320,-1172353.280,359.950
-443840.320,-1172353.310,362.680
-443840.310,-1172352.250,368.580
-443840.470,-1172349.270,365.550
-443840.340,-1172349.620,365.580
-443840.230,-1172351.240,359.960
-443840.360,-1172350.910,362.680
-443840.390,-1172350.860,365.550
-443840.480,-1172346.260,368.330
-443840.480,-1172347.640,359.890
-443840.260,-1172345.220,357.120
-443840.310,-1172343.380,357.110
-443840.190,-1172343.730,359.910
-443840.040,-1172342.570,359.930
-443839.920,-1172342.890,359.960
-443839.940,-1172342.910,365.550
-443840.320,-1172340.650,368.320
-443840.210,-1172340.950,368.350
-443840.350,-1172339.240,362.600
-443840.250,-1172339.550,368.320
-443839.880,-1172340.530,368.380
-443840.290,-1172336.020,357.020
-443840.160,-1172336.360,357.050
-443840.170,-1172336.400,362.640
-443840.180,-1172336.410,365.460
-443840.060,-1172336.730,365.490
-443840.330,-1172336.060,368.260
-443840.200,-1172336.390,368.270
-443839.900,-1172335.330,357.110
-443827.100,-1172357.540,370.970
-443826.480,-1172335.630,371.030
-443840.090,-1172331.590,362.690
-443839.960,-1172331.940,362.690
-443839.700,-1172332.600,362.740
-443839.960,-1172333.560,359.860
-443840.220,-1172332.910,362.610
-443840.270,-1172332.860,368.290
-443839.940,-1172331.900,357.120
-443749.900,-1172314.040,355.600
-443742.570,-1172294.510,357.660
-443716.850,-1172336.580,360.640
-443715.030,-1172317.860,360.230
-443851.830,-1172426.600,355.210
-443851.660,-1172421.280,352.370
-443852.270,-1172412.460,350.960
-443851.400,-1172413.030,349.510
-443850.940,-1172405.120,352.520
-443801.700,-1172416.130,350.120
-443776.830,-1172422.850,347.990
-443777.070,-1172422.630,347.820
-443770.460,-1172430.310,354.500
-443770.390,-1172430.370,350.980
-443770.650,-1172430.140,350.870
-443770.440,-1172430.820,351.790
-443770.660,-1172434.110,350.930
-443770.530,-1172434.630,351.070
-443850.670,-1172370.470,347.330
-443839.720,-1172333.920,348.710
-443839.870,-1172335.430,351.510
-443839.650,-1172336.020,354.390
-443839.640,-1172336.030,351.620
-443839.800,-1172336.400,348.720
-443839.840,-1172336.860,351.520
-443840.090,-1172338.860,351.320
-443839.720,-1172340.620,351.610
-443839.960,-1172340.400,351.530
-443839.990,-1172340.370,348.680
-443839.760,-1172342.310,354.440
-443839.770,-1172342.300,351.640
-443839.750,-1172342.320,348.800
-443840.110,-1172342.480,354.300
-443839.800,-1172343.560,351.600
-443840.030,-1172343.350,351.530
-443839.890,-1172346.190,351.630
-443840.200,-1172346.290,351.540
-443840.140,-1172348.140,348.710
-443840.240,-1172349.010,348.730
-443840.150,-1172349.640,354.360
-443840.070,-1172350.180,354.400
-443840.070,-1172350.180,351.670
-443840.020,-1172350.750,354.410
-443840.220,-1172353.270,351.600
-443839.950,-1172353.520,348.790
-443840.190,-1172353.880,354.400
-443840.450,-1172353.650,351.570
-443840.440,-1172353.660,348.660
-443840.320,-1172354.180,351.570
-443840.440,-1172355.020,351.580
-443840.500,-1172355.840,348.750
-443840.480,-1172357.510,351.520
-443840.400,-1172359.720,351.600
-443840.380,-1172359.740,348.720
-443840.690,-1172362.290,351.510
-443840.410,-1172362.550,348.790
-443840.410,-1172363.450,348.800
-443840.680,-1172363.210,348.740
-443840.730,-1172364.520,354.320
-443840.730,-1172364.520,351.520
-443840.810,-1172365.340,348.390
-443711.550,-1172398.350,354.010
-443839.770,-1172333.300,351.520
-443839.600,-1172332.950,351.540
-443839.450,-1172331.740,351.610
-443802.320,-1172328.720,349.370
-443799.060,-1172317.160,351.220
-443746.590,-1172333.740,352.810
-443746.690,-1172333.640,352.280
-443746.640,-1172333.450,352.270
-443730.520,-1172296.940,352.070
-443726.460,-1172318.930,355.210
-443851.310,-1172412.590,372.350
-443851.630,-1172412.300,370.780
-443851.090,-1172405.830,358.070
-443851.130,-1172405.310,357.960
-443851.010,-1172405.050,358.070
-443850.740,-1172397.200,374.460
-443850.520,-1172392.470,374.100
-443850.470,-1172392.150,374.200
-443850.420,-1172391.870,374.220
-443851.540,-1172380.480,372.850
-443850.010,-1172378.780,374.190
-443851.380,-1172375.020,373.120
-443851.410,-1172374.670,372.960
-443851.350,-1172374.300,373.150
-443841.710,-1172382.390,374.630
-443850.480,-1172373.080,373.850
-443849.960,-1172372.960,374.600
-443850.200,-1172371.820,374.340
-443771.050,-1172434.160,360.650
-443770.910,-1172430.800,360.750
-443840.550,-1172366.000,368.400
-443840.810,-1172365.770,368.310
-443840.510,-1172365.610,365.600
-443840.470,-1172365.640,357.280
-443840.480,-1172365.110,359.980
-443840.700,-1172364.910,357.130
-443840.380,-1172364.500,357.200
-443840.620,-1172364.280,357.140
-443840.450,-1172363.950,365.640
-443840.280,-1172363.570,365.610
-443840.520,-1172363.350,365.540
-443840.750,-1172362.240,365.380
-443840.710,-1172362.280,362.610
-443840.600,-1172360.500,368.360
-443840.720,-1172360.390,357.060
-443840.310,-1172360.270,368.400
-443840.570,-1172359.150,359.930
-443840.600,-1172357.750,357.020
-443840.530,-1172357.110,359.890
-443840.260,-1172356.900,359.990
-443840.560,-1172355.790,365.420
-443840.330,-1172355.570,357.140
-443840.490,-1172354.980,368.310
-443840.440,-1172355.020,362.710
-443840.090,-1172354.800,368.470
-443840.510,-1172354.430,365.400
-443840.100,-1172354.390,362.770
-443840.350,-1172354.160,362.700
-443840.220,-1172353.850,359.970
-443840.460,-1172353.630,359.880
-443840.250,-1172353.240,359.930
-443840.070,-1172351.280,362.790
-443840.070,-1172351.280,360.030
-443840.070,-1172351.280,357.220
-443840.020,-1172350.760,357.210
-443840.210,-1172349.590,365.550
-443840.030,-1172349.200,365.610
-443840.020,-1172349.210,362.770
-443840.250,-1172347.130,362.650
-443840.240,-1172347.130,359.860
-443840.240,-1172346.260,368.300
-443839.980,-1172346.490,362.800
-443840.190,-1172346.300,359.910
-443840.200,-1172346.290,357.100
-443839.950,-1172346.140,368.430
-443839.930,-1172346.160,360.020
-443839.930,-1172346.150,357.230
-443839.860,-1172345.720,362.820
-443840.100,-1172345.500,362.710
-443840.150,-1172343.740,359.880
-443839.810,-1172343.560,359.980
-443839.890,-1172343.030,357.150
-443839.870,-1172342.700,359.970
-443839.870,-1172342.700,365.580
-443839.760,-1172342.320,365.660
-443839.880,-1172340.980,368.360
-443839.750,-1172340.600,368.410
-443840.110,-1172339.720,368.160
-443840.110,-1172339.720,356.960
-443840.070,-1172338.880,362.590
-443840.080,-1172338.870,359.790
-443840.090,-1172338.860,356.920
-443734.520,-1172433.810,361.520
-443839.880,-1172337.370,359.890
-443840.060,-1172336.670,370.050
-443839.820,-1172336.880,357.100
-443839.980,-1172336.240,365.330
-443839.550,-1172336.620,357.210
-443839.870,-1172335.810,357.100
-443839.820,-1172335.480,359.910
-443839.830,-1172335.470,357.090
-443826.390,-1172335.340,370.890
-443839.720,-1172332.360,357.090
-443839.820,-1172332.750,362.640
-443839.510,-1172333.540,359.970
-443839.760,-1172333.320,359.890
-443839.830,-1172331.000,362.590
-443839.490,-1172332.190,365.550
-443839.770,-1172331.940,362.670
-443749.540,-1172313.790,355.660
-443742.560,-1172295.290,357.550
-443721.580,-1172294.320,357.940
-443851.730,-1172391.280,374.550
-443851.580,-1172391.660,374.720
-443834.940,-1172410.140,366.460
-443834.320,-1172390.520,369.260
-443834.980,-1172380.260,374.320
-443834.850,-1172411.570,354.260
-443834.050,-1172374.260,348.990
-443835.530,-1172427.360,360.780
-443835.540,-1172412.920,357.020
-443835.020,-1172412.840,360.770
-443851.730,-1172392.370,374.640
-443834.500,-1172401.490,360.250
-443834.650,-1172401.360,360.720
-443834.100,-1172389.730,369.110
-443834.440,-1172379.160,368.240
-443765.900,-1172292.710,358.880
