-443827.420,-1172436.320,344.670
-443801.470,-1172418.080,352.720
-443799.700,-1172408.330,350.790
-443799.810,-1172408.040,350.690
-443799.930,-1172407.730,350.590
-443798.670,-1172409.260,351.440
-443799.130,-1172408.070,351.080
-443799.260,-1172407.750,351.080
-443799.380,-1172407.440,350.960
-443799.620,-1172406.830,350.780
-443799.860,-1172406.220,350.600
-443799.970,-1172405.940,350.580
-443800.080,-1172405.650,350.480
-443799.130,-1172404.400,350.890
-443799.610,-1172403.180,350.590
-443798.220,-1172407.510,351.460
-443798.580,-1172406.600,351.330
-443798.690,-1172406.320,351.210
-443798.810,-1172406.020,351.150
-443799.030,-1172405.440,351.010
-443799.610,-1172403.970,350.580
-443799.740,-1172403.640,350.520
-443799.820,-1172404.420,350.530
-443798.120,-1172405.640,351.490
-443798.240,-1172405.360,351.480
-443798.360,-1172405.040,351.370
-443798.480,-1172404.730,351.300
-443798.960,-1172403.520,350.900
-443797.810,-1172404.280,351.630
-443770.330,-1172420.610,353.810
-443795.550,-1172378.320,351.470
-443795.910,-1172377.410,351.220
-443796.080,-1172378.710,351.160
-443796.200,-1172378.420,351.090
-443796.140,-1172380.950,351.330
-443797.090,-1172378.530,350.650
-443797.320,-1172377.940,350.560
-443795.550,-1172383.390,351.880
-443795.780,-1172382.810,351.650
-443796.130,-1172381.910,351.390
-443796.370,-1172381.310,351.240
-443797.330,-1172378.870,350.620
-443797.550,-1172378.310,350.500
-443796.060,-1172383.900,351.520
-443796.180,-1172383.570,351.460
-443796.660,-1172382.370,351.100
-443796.770,-1172382.080,351.070
-443797.350,-1172380.610,350.620
-443797.470,-1172380.300,350.560
-443797.590,-1172380.000,350.530
-443797.360,-1172381.510,350.570
-443796.610,-1172384.210,351.310
-443797.800,-1172381.190,350.500
-443797.810,-1172382.080,350.340
-443797.670,-1172383.490,350.600
-443797.800,-1172383.170,350.530
-443797.910,-1172382.880,350.530
-443797.330,-1172384.360,350.890
-443796.510,-1172387.690,351.560
-443797.930,-1172384.060,350.530
-443833.720,-1172381.700,352.360
-443799.850,-1172402.560,350.470
-443799.790,-1172401.410,350.540
-443798.410,-1172402.760,351.190
-443798.530,-1172402.450,351.120
-443799.220,-1172400.700,350.650
-443799.330,-1172400.400,350.540
-443799.530,-1172399.070,350.480
-443798.540,-1172400.500,351.050
-443798.650,-1172400.210,350.930
-443799.370,-1172398.390,350.430
-443798.970,-1172398.510,350.650
-443799.120,-1172397.190,350.540
-443799.230,-1172396.900,350.500
-443797.590,-1172401.080,351.610
-443797.710,-1172400.770,351.520
-443798.070,-1172399.860,351.270
-443797.670,-1172400.070,351.500
-443798.250,-1172398.600,351.150
-443798.480,-1172398.020,350.940
-443799.070,-1172396.510,350.590
-443797.190,-1172400.010,351.800
-443797.670,-1172398.800,351.460
-443797.890,-1172398.220,351.330
-443798.020,-1172397.910,351.230
-443798.970,-1172395.500,350.530
-443797.890,-1172397.260,351.150
-443798.840,-1172394.840,350.550
-443797.740,-1172396.710,351.260
-443797.860,-1172396.400,351.160
-443798.210,-1172395.490,350.960
-443797.000,-1172397.960,351.750
-443797.480,-1172396.750,351.450
-443797.600,-1172396.440,351.410
-443797.720,-1172396.140,351.220
-443797.830,-1172395.860,351.150
-443797.940,-1172395.560,351.110
-443798.520,-1172394.090,350.650
-443798.750,-1172393.500,350.480
-443797.360,-1172396.110,351.380
-443798.180,-1172394.020,350.810
-443797.720,-1172394.420,351.170
-443797.850,-1172394.100,351.060
-443797.970,-1172393.800,350.980
-443798.790,-1172391.710,350.410
-443797.330,-1172394.470,351.410
-443798.150,-1172392.380,350.800
-443798.630,-1172391.170,350.490
-443798.740,-1172390.880,350.410
-443796.710,-1172395.200,351.770
-443798.350,-1172391.010,350.680
-443797.160,-1172392.720,351.430
-443798.440,-1172389.440,350.510
-443797.170,-1172391.640,351.330
-443797.280,-1172391.360,351.250
-443797.630,-1172390.450,351.050
-443797.750,-1172390.150,350.880
-443798.110,-1172389.240,350.670
-443798.340,-1172388.650,350.510
-443798.280,-1172387.800,350.490
-443798.040,-1172387.660,350.640
-443796.860,-1172390.650,351.440
-443797.100,-1172390.050,351.300
-443797.340,-1172389.430,351.100
-443797.450,-1172389.140,351.030
-443796.910,-1172389.460,351.360
-443798.240,-1172385.150,350.400
-443796.460,-1172388.750,351.600
-443796.570,-1172388.460,351.500
-443797.060,-1172387.220,351.160
-443797.290,-1172386.640,350.990
-443797.640,-1172385.750,350.770
-443797.760,-1172385.430,350.670
-443798.000,-1172384.830,350.500
-443727.970,-1172324.340,350.950
-443750.410,-1172337.330,352.230
-443755.270,-1172330.360,354.660
-443755.630,-1172329.460,354.390
-443757.120,-1172330.210,353.720
-443757.250,-1172329.890,353.600
-443756.080,-1172334.560,354.450
-443759.830,-1172336.350,352.660
-443759.940,-1172336.070,352.700
-443759.700,-1172335.630,352.760
-443734.250,-1172428.810,361.560
-443734.070,-1172428.440,361.770
-443734.340,-1172429.730,361.540
-443826.260,-1172336.690,371.050
-443826.620,-1172344.160,370.720
-443826.760,-1172348.270,370.730
-443826.740,-1172350.300,370.720
-443851.840,-1172426.130,360.800
-443850.830,-1172428.570,373.730
-443851.890,-1172427.100,360.800
-443850.510,-1172417.760,373.820
-443850.370,-1172407.870,373.770
-443850.550,-1172400.410,374.500
-443850.660,-1172400.120,374.480
-443850.390,-1172399.680,374.730
-443850.970,-1172394.090,374.440
-443850.450,-1172394.290,374.680
-443851.070,-1172390.950,373.670
-443850.780,-1172384.350,373.960
-443850.900,-1172384.040,373.960
-443850.520,-1172383.990,374.090
-443850.440,-1172379.340,373.970
-443842.180,-1172400.350,374.720
-443850.550,-1172378.060,373.680
-443850.780,-1172377.470,373.570
-443850.430,-1172377.460,373.770
-443835.680,-1172399.730,374.700
-443841.930,-1172378.910,377.460
-443835.160,-1172386.480,374.740
-443839.520,-1172365.800,370.400
-443839.200,-1172354.320,370.430
-443836.150,-1172338.070,370.790
-443827.060,-1172361.220,370.750
-443826.970,-1172360.790,371.060
-443827.200,-1172360.210,370.750
-443826.970,-1172355.800,370.700
-443721.670,-1172294.680,357.810
-443720.330,-1172319.110,358.470
-443720.450,-1172318.800,358.360
-443720.690,-1172318.210,358.210
-443721.170,-1172317.020,357.870
-443721.290,-1172318.370,357.880
-443721.410,-1172318.060,357.860
-443721.530,-1172317.770,357.750
-443721.760,-1172317.190,357.640
-443725.940,-1172320.230,358.350
-443726.060,-1172319.920,358.270
-443726.300,-1172319.320,358.060
-443726.490,-1172321.100,358.160
-443726.970,-1172319.920,357.890
-443739.480,-1172293.660,359.450
-443739.830,-1172292.770,359.180
-443740.000,-1172292.970,359.030
-443739.830,-1172294.730,359.360
-443740.160,-1172295.790,359.210
-443740.290,-1172295.470,359.030
-443740.420,-1172295.150,358.930
-443741.020,-1172293.660,358.480
-443740.180,-1172296.370,359.160
-443740.780,-1172294.890,358.630
-443741.140,-1172295.270,358.520
-443741.500,-1172294.380,358.280
-443741.620,-1172294.080,358.180
-443743.500,-1172291.130,359.000
-443741.590,-1172295.880,358.280
-443741.700,-1172295.600,358.210
-443741.830,-1172295.290,358.100
-443742.070,-1172294.700,357.880
-443742.190,-1172294.410,357.820
-443742.100,-1172296.200,358.090
-443742.340,-1172295.600,357.860
-443747.740,-1172315.260,359.810
-443747.860,-1172314.960,359.730
-443747.560,-1172316.740,359.980
-443747.690,-1172316.430,360.040
-443748.160,-1172315.230,359.500
-443748.280,-1172314.930,359.530
-443748.410,-1172314.620,359.350
-443749.170,-1172313.680,358.740
-443747.880,-1172317.690,359.870
-443747.990,-1172317.400,359.880
-443748.110,-1172317.090,359.690
-443748.700,-1172315.630,359.040
-443748.740,-1172316.630,359.260
-443748.980,-1172316.020,359.050
-443749.560,-1172314.560,358.610
-443749.190,-1172316.650,358.990
-443749.550,-1172315.740,358.650
-443749.800,-1172315.130,358.410
-443749.060,-1172318.090,359.130
-443749.310,-1172317.460,358.930
-443750.270,-1172315.060,358.030
-443749.780,-1172317.330,358.570
-443749.550,-1172319.170,358.930
-443749.900,-1172318.290,358.560
-443749.910,-1172319.340,358.710
-443750.610,-1172318.430,358.210
-443775.660,-1172314.160,360.640
-443775.780,-1172315.850,360.810
-443790.260,-1172315.700,359.980
-443790.910,-1172316.430,359.650
-443791.250,-1172316.590,359.390
-443791.830,-1172317.090,359.120
-443792.500,-1172317.240,358.690
-443794.130,-1172318.530,357.830
-443797.810,-1172312.670,360.430
-443798.040,-1172312.100,360.260
-443797.450,-1172312.660,360.620
-443798.300,-1172313.460,360.180
-443820.350,-1172309.860,356.820
-443826.140,-1172331.740,371.040
-443826.170,-1172335.140,371.080
-443826.210,-1172333.730,371.060
-443826.440,-1172333.140,370.670
-443841.500,-1172307.650,355.600
-443715.720,-1172327.030,360.450
-443720.090,-1172319.690,358.640
-443720.210,-1172319.410,358.520
-443719.700,-1172319.830,358.840
-443716.100,-1172330.110,360.490
-443715.910,-1172330.060,360.600
-443716.030,-1172329.780,360.560
-443716.300,-1172332.570,360.530
-443716.430,-1172332.910,360.450
-443716.880,-1172336.170,360.550
-443801.410,-1172418.560,352.700
-443851.780,-1172422.260,351.000
-443851.780,-1172422.680,351.010
-443800.080,-1172409.630,350.650
-443798.280,-1172409.590,351.650
-443799.630,-1172409.230,350.900
-443800.200,-1172407.510,350.480
-443799.420,-1172407.400,350.920
-443799.190,-1172407.600,351.100
-443797.970,-1172408.630,351.820
-443799.290,-1172407.890,351.020
-443800.100,-1172405.880,350.350
-443798.380,-1172407.340,351.490
-443798.140,-1172407.540,351.630
-443800.020,-1172406.380,350.520
-443798.720,-1172406.320,351.300
-443798.840,-1172406.550,351.190
-443798.600,-1172406.750,351.370
-443798.480,-1172404.580,351.290
-443798.230,-1172404.800,351.440
-443798.900,-1172404.670,351.020
-443798.410,-1172405.090,351.350
-443799.060,-1172403.500,350.900
-443798.830,-1172403.690,351.060
-443798.580,-1172403.910,351.210
-443769.960,-1172414.330,353.920
-443770.690,-1172432.130,350.940
-443795.650,-1172377.510,351.460
-443795.920,-1172377.640,351.320
-443795.670,-1172377.860,351.400
-443795.700,-1172378.380,351.490
-443795.460,-1172378.580,351.600
-443796.380,-1172378.730,351.100
-443796.140,-1172378.930,351.240
-443797.180,-1172378.960,350.680
-443796.470,-1172380.540,351.130
-443797.610,-1172380.030,350.430
-443797.130,-1172380.440,350.750
-443797.790,-1172380.490,350.320
-443796.080,-1172381.950,351.440
-443795.860,-1172382.140,351.590
-443795.630,-1172382.860,351.690
-443797.800,-1172381.020,350.340
-443797.810,-1172381.470,350.370
-443797.730,-1172381.930,350.480
-443796.240,-1172383.190,351.380
-443797.300,-1172382.790,350.810
-443796.060,-1172383.840,351.550
-443795.820,-1172384.040,351.690
-443797.880,-1172382.780,350.420
-443797.120,-1172383.430,350.930
-443796.400,-1172384.500,351.390
-443796.400,-1172384.940,351.410
-443796.140,-1172385.740,351.580
-443797.610,-1172384.490,350.730
-443797.380,-1172384.680,350.870
-443797.210,-1172385.370,351.000
-443796.720,-1172385.780,351.280
-443798.080,-1172385.080,350.440
-443796.890,-1172386.090,351.210
-443797.910,-1172385.560,350.620
-443797.680,-1172385.760,350.760
-443796.930,-1172386.400,351.210
-443797.560,-1172386.300,350.860
-443797.080,-1172387.540,351.170
-443796.460,-1172388.910,351.630
-443797.910,-1172388.130,350.760
-443796.470,-1172389.360,351.640
-443796.240,-1172389.550,351.760
-443796.130,-1172390.010,351.810
-443797.580,-1172389.120,351.010
-443797.070,-1172390.010,351.340
-443798.480,-1172389.710,350.470
-443797.740,-1172390.340,350.990
-443796.770,-1172391.170,351.520
-443798.640,-1172390.010,350.380
-443798.630,-1172391.100,350.460
-443798.640,-1172391.540,350.510
-443797.380,-1172392.600,351.260
-443798.660,-1172391.940,350.540
-443798.430,-1172392.140,350.660
-443798.190,-1172392.340,350.790
-443797.630,-1172393.350,351.190
-443796.670,-1172394.170,351.760
-443798.740,-1172392.940,350.530
-443797.860,-1172394.120,351.050
-443796.890,-1172394.950,351.670
-443798.900,-1172393.680,350.470
-443798.970,-1172394.640,350.500
-443797.980,-1172395.470,351.130
-443797.500,-1172395.890,351.410
-443798.850,-1172395.130,350.600
-443798.650,-1172395.700,350.740
-443797.690,-1172396.520,351.310
-443799.080,-1172396.320,350.510
-443798.340,-1172396.950,350.990
-443797.870,-1172397.350,351.240
-443797.130,-1172397.980,351.750
-443799.320,-1172396.970,350.390
-443799.070,-1172397.180,350.580
-443797.880,-1172398.190,351.300
-443798.460,-1172398.180,350.950
-443797.280,-1172399.190,351.690
-443799.480,-1172397.870,350.350
-443799.230,-1172398.090,350.540
-443798.500,-1172398.710,350.950
-443799.430,-1172398.320,350.400
-443799.170,-1172398.530,350.550
-443798.950,-1172398.720,350.720
-443799.040,-1172399.100,350.710
-443798.800,-1172399.310,350.840
-443798.060,-1172399.930,351.280
-443799.700,-1172402.460,350.470
-443799.200,-1172402.370,350.750
-443798.230,-1172403.190,351.340
-443797.660,-1172402.540,351.620
-443797.430,-1172402.740,351.780
-443799.360,-1172400.160,350.550
-443799.130,-1172400.350,350.700
-443798.160,-1172401.170,351.270
-443797.920,-1172401.380,351.420
-443797.430,-1172401.800,351.720
-443798.440,-1172400.570,351.140
-443798.190,-1172400.790,351.290
-443798.690,-1172399.840,350.920
-443797.690,-1172400.690,351.540
-443797.440,-1172400.900,351.690
-443842.340,-1172307.610,354.990
-443841.810,-1172308.060,355.360
-443759.940,-1172336.400,352.640
-443759.780,-1172334.940,352.690
-443759.540,-1172334.180,352.770
-443757.180,-1172330.040,353.700
-443826.570,-1172342.110,370.770
-443831.210,-1172343.110,370.740
-443826.700,-1172348.350,370.760
-443734.210,-1172428.270,361.580
-443734.240,-1172429.220,361.670
-443826.910,-1172350.550,370.720
-443826.740,-1172352.520,370.980
-443827.180,-1172358.840,370.760
-443827.130,-1172362.050,370.780
-443827.260,-1172362.780,370.770
-443827.040,-1172362.970,371.070
-443827.090,-1172365.890,371.050
-443851.980,-1172428.960,360.840
-443851.860,-1172426.860,360.840
-443851.740,-1172425.960,360.850
-443851.060,-1172400.370,374.300
-443850.520,-1172399.090,374.720
-443851.090,-1172393.890,374.430
-443851.060,-1172391.610,373.610
-443850.190,-1172385.710,374.840
-443850.830,-1172384.230,373.970
-443835.550,-1172393.730,374.340
-443850.790,-1172377.140,373.620
-443849.940,-1172378.290,374.110
-443841.920,-1172382.920,377.350
-443849.890,-1172373.850,374.720
-443850.880,-1172371.570,373.640
-443721.710,-1172293.090,357.680
-443739.320,-1172293.180,359.570
-443739.550,-1172293.420,359.400
-443740.420,-1172293.300,358.850
-443739.430,-1172294.120,359.550
-443743.530,-1172291.180,359.000
-443739.620,-1172294.990,359.490
-443740.800,-1172294.320,358.620
-443740.550,-1172294.530,358.800
-443739.820,-1172295.150,359.310
-443739.570,-1172295.350,359.500
-443741.830,-1172294.060,357.950
-443741.350,-1172294.470,358.330
-443740.830,-1172294.900,358.680
-443740.350,-1172295.300,359.030
-443740.060,-1172295.980,359.270
-443740.770,-1172295.900,358.860
-443740.000,-1172296.540,359.410
-443739.770,-1172296.730,359.590
-443741.900,-1172295.270,358.070
-443741.120,-1172296.500,358.650
-443742.560,-1172295.740,357.690
-443721.130,-1172317.150,357.940
-443720.790,-1172318.300,358.170
-443721.760,-1172317.480,357.590
-443721.510,-1172317.700,357.750
-443721.490,-1172318.300,357.790
-443726.320,-1172319.440,358.160
-443725.350,-1172320.260,358.820
-443726.750,-1172319.920,357.950
-443725.760,-1172320.760,358.620
-443749.580,-1172313.020,358.460
-443749.080,-1172313.440,358.800
-443749.180,-1172313.770,358.770
-443748.550,-1172314.790,359.260
-443748.300,-1172315.000,359.440
-443748.050,-1172315.200,359.600
-443747.810,-1172315.410,359.810
-443747.310,-1172315.820,360.160
-443749.060,-1172314.580,358.890
-443748.330,-1172315.190,359.440
-443748.480,-1172315.670,359.380
-443747.280,-1172316.680,360.280
-443750.170,-1172314.630,358.250
-443748.920,-1172315.670,359.130
-443748.170,-1172316.310,359.660
-443747.680,-1172316.720,360.000
-443747.210,-1172317.120,360.340
-443749.670,-1172315.630,358.620
-443749.430,-1172315.820,358.790
-443747.930,-1172317.090,359.880
-443749.670,-1172315.990,358.610
-443748.200,-1172317.230,359.690
-443747.710,-1172317.640,360.050
-443749.530,-1172317.120,358.790
-443749.040,-1172317.540,359.160
-443748.800,-1172317.740,359.310
-443749.980,-1172317.310,358.510
-443749.730,-1172317.520,358.700
-443749.500,-1172317.710,358.840
-443749.250,-1172317.920,359.050
-443750.110,-1172317.480,358.460
-443749.150,-1172318.300,359.140
-443750.060,-1172318.150,358.540
-443749.810,-1172318.360,358.710
-443750.050,-1172319.090,358.570
-443749.810,-1172319.290,358.770
-443750.300,-1172319.220,358.420
-443750.050,-1172319.430,358.640
-443774.540,-1172314.880,361.530
-443791.220,-1172316.520,359.520
-443791.590,-1172316.750,359.220
-443792.230,-1172317.300,358.890
-443798.090,-1172311.730,360.280
-443797.580,-1172312.770,360.640
-443793.250,-1172318.030,358.330
-443792.890,-1172317.860,358.490
-443798.590,-1172313.500,360.100
-443815.790,-1172308.720,357.980
-443815.560,-1172308.920,358.140
-443815.290,-1172309.150,358.360
-443815.860,-1172308.250,358.000
-443815.630,-1172308.440,358.070
-443820.400,-1172310.600,356.780
-443820.490,-1172309.680,356.740
-443820.240,-1172309.900,356.880
-443841.460,-1172307.450,355.590
-443841.210,-1172307.660,355.790
-443841.600,-1172307.810,355.510
-443826.470,-1172333.140,370.720
-443720.580,-1172317.220,358.240
-443720.390,-1172318.290,358.440
-443720.140,-1172318.500,358.580
-443720.410,-1172317.750,358.380
-443719.670,-1172318.370,358.790
-443720.520,-1172319.120,358.390
-443719.800,-1172319.720,358.830
-443719.550,-1172319.930,358.950
-443715.750,-1172327.040,360.430
-443716.350,-1172332.560,360.540
-443716.280,-1172333.660,360.520
-443798.660,-1172406.630,351.440
-443798.520,-1172406.980,351.500
-443797.870,-1172404.250,351.740
-443799.790,-1172403.720,350.640
-443800.160,-1172407.580,350.590
-443799.640,-1172408.900,350.970
-443799.530,-1172409.190,351.090
-443800.220,-1172405.740,350.470
-443799.360,-1172407.960,351.100
-443798.990,-1172408.910,351.330
-443801.540,-1172418.110,352.800
-443770.690,-1172423.930,354.140
-443770.670,-1172432.440,350.930
-443777.060,-1172419.050,349.430
-443795.580,-1172377.930,351.600
-443795.450,-1172378.260,351.690
-443796.240,-1172378.630,351.270
-443796.070,-1172381.760,351.520
-443796.810,-1172381.230,351.080
-443796.690,-1172381.540,351.180
-443796.310,-1172382.510,351.400
-443797.800,-1172380.240,350.470
-443797.210,-1172383.050,350.910
-443797.090,-1172383.340,351.020
-443796.970,-1172383.640,351.120
-443796.480,-1172384.880,351.450
-443796.360,-1172385.200,351.530
-443796.110,-1172385.830,351.710
-443796.900,-1172386.110,351.270
-443796.150,-1172388.000,351.810
-443798.040,-1172383.210,350.490
-443797.540,-1172384.490,350.850
-443798.050,-1172384.770,350.590
-443798.490,-1172386.670,350.480
-443798.360,-1172386.990,350.550
-443798.240,-1172387.310,350.650
-443798.120,-1172387.610,350.740
-443798.000,-1172387.900,350.820
-443797.870,-1172388.230,350.920
-443797.480,-1172389.220,351.060
-443796.870,-1172390.770,351.590
-443796.740,-1172391.110,351.670
-443798.460,-1172389.520,350.640
-443797.980,-1172390.760,351.020
-443796.830,-1172393.680,351.710
-443798.850,-1172390.970,350.520
-443798.240,-1172392.530,350.920
-443797.990,-1172393.170,351.100
-443797.480,-1172394.450,351.430
-443797.340,-1172394.810,351.430
-443798.680,-1172393.990,350.700
-443798.060,-1172395.570,351.180
-443797.690,-1172396.530,351.440
-443797.550,-1172396.870,351.540
-443797.930,-1172397.370,351.320
-443798.920,-1172397.330,350.730
-443798.540,-1172398.300,350.980
-443797.530,-1172400.880,351.720
-443797.400,-1172401.220,351.750
-443799.190,-1172398.190,350.670
-443798.680,-1172399.500,351.040
-443797.930,-1172401.410,351.530
-443799.110,-1172401.090,350.890
-443798.500,-1172402.650,351.330
-443840.070,-1172339.880,354.330
-443839.940,-1172340.220,354.360
-443839.830,-1172338.870,348.770
-443839.700,-1172339.200,348.770
-443840.130,-1172346.950,348.760
-443840.010,-1172350.360,354.360
-443840.550,-1172351.380,348.710
-443840.170,-1172354.920,348.770
-443840.320,-1172354.590,354.370
-443840.190,-1172354.940,354.390
-443840.480,-1172356.860,348.780
-443840.740,-1172354.950,354.260
-443840.750,-1172360.630,348.700
-443840.640,-1172360.940,351.560
-443840.690,-1172361.810,348.740
-443840.600,-1172362.140,354.380
-443840.620,-1172364.560,348.780
-443840.650,-1172364.540,354.400
-443840.380,-1172365.250,354.330
-443839.960,-1172333.480,354.290
-443839.690,-1172332.470,348.720
-443726.580,-1172320.210,354.830
-443746.860,-1172333.710,352.260
-443755.810,-1172330.980,354.420
-443755.920,-1172334.140,354.580
-443758.190,-1172329.350,353.230
-443760.020,-1172336.040,352.710
-443852.070,-1172425.920,360.850
-443851.690,-1172426.960,360.880
-443852.290,-1172426.830,360.790
-443851.220,-1172421.860,374.610
-443850.380,-1172413.600,374.100
-443850.230,-1172408.970,374.140
-443851.100,-1172398.270,374.230
-443850.560,-1172386.340,374.510
-443850.620,-1172374.340,374.220
-443831.910,-1172420.840,377.820
-443841.090,-1172365.200,368.310
-443840.800,-1172364.170,357.170
-443840.440,-1172365.170,360.010
-443840.900,-1172361.440,362.710
-443840.770,-1172361.770,362.750
-443840.830,-1172361.680,368.370
-443840.430,-1172362.720,365.630
-443840.950,-1172360.220,359.850
-443840.700,-1172360.890,359.920
-443840.590,-1172361.220,362.700
-443840.470,-1172361.530,362.740
-443840.430,-1172360.130,365.520
-443840.280,-1172357.500,357.220
-443840.310,-1172357.480,362.810
-443840.590,-1172356.780,365.570
-443840.350,-1172354.570,359.990
-443840.270,-1172354.840,365.580
-443840.550,-1172354.140,368.370
-443840.240,-1172349.910,368.410
-443840.300,-1172349.660,359.960
-443840.080,-1172347.270,365.610
-443840.190,-1172342.220,362.670
-443840.040,-1172341.250,357.180
-443840.020,-1172341.450,368.850
-443840.070,-1172339.910,357.110
-443840.100,-1172339.880,362.700
-443840.120,-1172339.870,365.510
-443839.990,-1172340.200,365.550
-443840.040,-1172336.730,362.680
-443839.660,-1172336.020,362.760
-443827.170,-1172365.400,371.110
-443827.240,-1172360.060,370.900
-443827.020,-1172360.630,371.120
-443826.760,-1172352.070,371.080
-443826.680,-1172349.440,371.070
-443826.920,-1172350.330,370.890
-443826.850,-1172347.700,370.840
-443826.620,-1172348.280,371.110
-443826.710,-1172343.620,370.790
-443826.230,-1172336.270,371.120
-443734.410,-1172429.680,361.610
-443734.260,-1172429.050,361.780
-443840.070,-1172331.610,359.860
-443839.940,-1172331.940,359.890
-443840.090,-1172331.660,368.300
-443839.970,-1172331.970,368.310
-443840.170,-1172333.130,370.340
-443838.460,-1172332.260,370.610
-443839.400,-1172331.880,357.110
-443839.540,-1172331.550,359.920
-443839.570,-1172331.580,368.390
-443819.990,-1172310.260,357.170
-443820.640,-1172309.880,356.710
-443820.520,-1172310.190,356.770
-443815.980,-1172308.200,357.960
-443815.740,-1172308.810,358.110
-443815.620,-1172309.100,358.180
-443815.500,-1172308.370,358.290
-443815.380,-1172308.660,358.390
-443815.260,-1172308.970,358.480
-443813.840,-1172306.360,357.270
-443813.730,-1172306.650,357.360
-443808.710,-1172307.010,357.590
-443808.600,-1172307.290,357.720
-443798.880,-1172312.760,359.920
-443793.180,-1172317.950,358.390
-443775.770,-1172313.690,360.650
-443775.850,-1172314.680,360.730
-443775.610,-1172315.250,360.920
-443774.970,-1172314.800,361.350
-443774.840,-1172315.110,361.430
-443748.640,-1172315.640,359.360
-443748.140,-1172316.850,359.860
-443749.130,-1172313.370,358.860
-443747.420,-1172316.720,360.320
-443742.030,-1172295.080,358.080
-443741.900,-1172295.390,358.150
-443741.650,-1172296.000,358.380
-443741.440,-1172294.460,358.380
-443740.840,-1172293.960,358.710
-443740.730,-1172294.240,358.820
-443740.600,-1172294.540,358.920
-443740.470,-1172294.860,358.990
-443740.350,-1172295.150,359.090
-443740.230,-1172295.450,359.210
-443739.520,-1172295.200,359.670
-443739.950,-1172294.480,359.340
-443740.080,-1172292.800,359.140
-443739.700,-1172293.710,359.450
-443740.140,-1172293.690,359.200
-443739.900,-1172294.270,359.380
-443739.250,-1172292.800,359.640
-443739.800,-1172292.750,359.310
-443739.680,-1172293.060,359.410
-443739.560,-1172293.350,359.500
-443739.430,-1172293.650,359.640
-443727.150,-1172320.630,357.860
-443727.030,-1172320.940,357.980
-443727.380,-1172321.040,357.760
-443726.570,-1172320.280,358.180
-443726.460,-1172319.340,358.190
-443726.090,-1172320.250,358.480
-443725.950,-1172320.580,358.550
-443725.740,-1172320.450,358.670
-443722.120,-1172317.540,357.530
-443721.570,-1172317.660,357.820
-443721.440,-1172317.970,357.900
-443723.130,-1172291.290,357.160
-443723.010,-1172291.600,357.280
-443721.770,-1172293.350,357.770
-443716.750,-1172334.940,360.600
-443715.980,-1172328.810,360.580
-443720.080,-1172319.570,358.730
-443697.410,-1172327.000,360.710
-443696.820,-1172324.180,361.350
-443851.840,-1172422.920,351.190
-443851.960,-1172422.280,350.880
-443827.090,-1172437.070,350.880
-443799.410,-1172421.160,353.490
-443801.370,-1172413.410,352.450
-443800.200,-1172409.390,350.650
-443800.440,-1172409.570,350.410
-443798.670,-1172404.020,351.200
-443797.800,-1172404.430,351.690
-443798.720,-1172403.600,351.130
-443798.870,-1172405.280,351.170
-443800.000,-1172404.260,350.330
-443798.080,-1172405.490,351.570
-443799.750,-1172403.990,350.580
-443799.960,-1172403.800,350.370
-443798.020,-1172407.320,351.710
-443800.110,-1172405.440,350.420
-443798.780,-1172406.160,351.240
-443799.010,-1172405.960,351.090
-443799.950,-1172405.110,350.520
-443800.160,-1172404.920,350.340
-443798.310,-1172407.890,351.600
-443799.970,-1172406.400,350.600
-443798.570,-1172407.300,351.410
-443799.250,-1172407.910,351.060
-443799.910,-1172408.270,350.720
-443798.450,-1172409.160,351.560
-443799.860,-1172407.900,350.750
-443800.090,-1172407.700,350.600
-443800.310,-1172407.490,350.470
-443799.590,-1172409.450,350.940
-443798.910,-1172409.580,351.360
-443799.870,-1172408.720,350.790
-443769.960,-1172419.380,354.060
-443770.330,-1172420.690,353.860
-443770.480,-1172422.660,353.810
-443770.520,-1172424.850,354.100
-443777.330,-1172418.720,353.000
-443776.940,-1172419.070,349.420
-443770.590,-1172432.440,350.920
-443784.810,-1172419.670,350.250
-443784.990,-1172419.860,350.070
-443770.940,-1172433.860,350.840
-443851.250,-1172379.260,355.380
-443839.780,-1172336.410,354.330
-443839.540,-1172336.630,351.630
-443795.660,-1172377.340,351.440
-443795.700,-1172377.650,351.460
-443795.930,-1172377.440,351.290
-443795.550,-1172378.160,351.570
-443795.770,-1172377.960,351.410
-443839.610,-1172338.820,348.850
-443796.510,-1172377.770,351.000
-443839.630,-1172339.280,348.790
-443839.930,-1172339.430,354.320
-443839.700,-1172339.640,348.870
-443796.360,-1172378.790,351.150
-443797.270,-1172377.970,350.560
-443796.080,-1172379.490,351.270
-443839.870,-1172339.930,354.320
-443839.980,-1172340.390,354.300
-443795.700,-1172380.390,351.600
-443797.560,-1172378.710,350.410
-443796.540,-1172380.130,351.090
-443796.550,-1172380.860,351.110
-443796.170,-1172381.670,351.400
-443796.880,-1172381.030,350.950
-443797.770,-1172380.230,350.360
-443797.900,-1172380.600,350.310
-443796.740,-1172382.000,351.130
-443797.210,-1172381.580,350.800
-443797.450,-1172381.360,350.670
-443797.670,-1172381.160,350.510
-443795.740,-1172383.340,351.700
-443796.690,-1172382.480,351.140
-443839.790,-1172343.570,354.390
-443796.050,-1172383.540,351.530
-443796.130,-1172384.350,351.530
-443796.730,-1172384.200,351.230
-443796.270,-1172385.560,351.530
-443797.200,-1172384.720,350.980
-443797.670,-1172384.290,350.720
-443797.910,-1172384.080,350.550
-443795.840,-1172386.310,351.830
-443796.700,-1172385.950,351.330
-443796.850,-1172386.280,351.290
-443797.070,-1172386.080,351.130
-443797.790,-1172385.430,350.710
-443798.010,-1172385.230,350.560
-443839.790,-1172347.540,351.680
-443840.230,-1172347.680,351.530
-443796.340,-1172387.270,351.620
-443797.770,-1172385.990,350.790
-443797.440,-1172386.650,350.950
-443798.350,-1172385.830,350.310
-443796.110,-1172388.290,351.760
-443797.050,-1172387.440,351.210
-443797.270,-1172387.240,351.070
-443839.900,-1172349.870,354.400
-443798.150,-1172387.520,350.660
-443797.550,-1172389.040,351.050
-443798.080,-1172388.030,350.710
-443798.540,-1172389.760,350.520
-443797.950,-1172390.800,350.890
-443797.230,-1172392.010,351.370
-443797.450,-1172391.820,351.200
-443798.390,-1172390.980,350.640
-443797.440,-1172392.410,351.260
-443798.630,-1172391.340,350.510
-443798.850,-1172391.140,350.310
-443796.810,-1172393.390,351.650
-443798.700,-1172391.690,350.470
-443840.250,-1172354.660,354.350
-443840.190,-1172355.250,354.390
-443840.420,-1172355.040,354.320
-443798.190,-1172392.560,350.840
-443797.650,-1172393.580,351.210
-443798.140,-1172393.140,350.900
-443797.110,-1172394.510,351.580
-443796.760,-1172395.240,351.760
-443797.020,-1172395.000,351.620
-443797.690,-1172394.400,351.200
-443798.860,-1172393.350,350.460
-443798.950,-1172393.630,350.440
-443798.350,-1172394.650,350.830
-443797.900,-1172395.850,351.190
-443798.130,-1172395.640,351.030
-443798.840,-1172395.000,350.640
-443799.070,-1172394.800,350.460
-443797.580,-1172396.490,351.430
-443797.800,-1172396.300,351.220
-443798.540,-1172396.100,350.830
-443797.120,-1172397.910,351.760
-443798.960,-1172396.260,350.590
-443799.250,-1172396.760,350.470
-443798.810,-1172397.610,350.770
-443797.410,-1172399.370,351.660
-443798.580,-1172398.310,350.950
-443797.280,-1172399.820,351.710
-443799.200,-1172398.100,350.610
-443840.180,-1172360.880,351.570
-443840.700,-1172360.400,351.460
-443840.350,-1172361.070,351.620
-443798.990,-1172398.700,350.730
-443799.210,-1172398.500,350.600
-443799.420,-1172398.310,350.400
-443797.640,-1172400.450,351.590
-443797.830,-1172400.280,351.380
-443798.780,-1172399.430,350.860
-443840.690,-1172361.730,348.590
-443797.360,-1172401.270,351.750
-443797.600,-1172401.050,351.640
-443798.760,-1172400.020,350.960
-443799.460,-1172399.390,350.460
-443797.510,-1172401.620,351.690
-443798.070,-1172401.530,351.410
-443799.260,-1172400.460,350.640
-443798.570,-1172402.430,351.130
-443840.340,-1172364.530,354.390
-443840.580,-1172364.320,348.730
-443840.490,-1172364.740,354.390
-443840.720,-1172364.540,348.710
-443799.890,-1172401.600,350.300
-443840.640,-1172365.490,348.730
-443799.670,-1172402.750,350.560
-443799.880,-1172402.560,350.340
-443839.510,-1172332.550,348.800
-443839.740,-1172332.340,348.690
-443841.960,-1172308.080,355.290
-443759.880,-1172336.340,352.730
-443760.110,-1172336.130,352.580
-443755.610,-1172335.350,354.720
-443758.840,-1172332.020,353.040
-443755.640,-1172333.400,354.620
-443755.870,-1172333.180,354.510
-443758.480,-1172330.810,353.150
-443750.330,-1172337.190,352.550
-443757.150,-1172330.160,353.720
-443755.650,-1172329.760,354.420
-443751.210,-1172322.800,352.250
-443749.490,-1172314.320,352.410
-443851.860,-1172427.010,360.870
-443851.770,-1172425.850,360.890
-443852.010,-1172426.200,360.580
-443851.100,-1172425.500,373.830
-443850.420,-1172400.000,374.830
-443851.170,-1172398.860,374.320
-443851.050,-1172395.750,374.260
-443844.750,-1172400.220,374.750
-443850.520,-1172394.670,374.600
-443842.170,-1172400.340,374.660
-443850.190,-1172390.390,374.650
-443850.200,-1172385.680,374.680
-443850.290,-1172385.320,374.690
-443850.630,-1172378.550,373.710
-443835.520,-1172391.720,374.370
-443850.620,-1172376.620,373.840
-443849.750,-1172372.230,374.690
-443841.130,-1172377.800,374.630
-443840.540,-1172365.590,368.410
-443840.780,-1172365.370,368.310
-443840.540,-1172365.060,368.390
-443840.510,-1172364.730,359.990
-443840.500,-1172364.730,357.190
-443840.410,-1172363.990,362.850
-443840.520,-1172363.360,362.770
-443840.550,-1172362.910,366.020
-443840.530,-1172362.440,368.370
-443840.250,-1172362.690,365.570
-443840.580,-1172361.830,368.360
-443840.510,-1172361.880,362.710
-443840.420,-1172361.420,362.760
-443840.660,-1172361.210,362.650
-443840.610,-1172360.840,359.900
-443840.540,-1172360.060,365.520
-443840.530,-1172360.070,362.720
-443840.210,-1172359.890,357.280
-443840.440,-1172359.270,363.200
-443840.410,-1172358.410,362.730
-443840.370,-1172357.960,362.730
-443840.130,-1172358.180,360.020
-443840.520,-1172357.470,357.270
-443840.540,-1172357.460,365.490
-443840.250,-1172357.720,362.810
-443840.350,-1172357.270,365.560
-443840.250,-1172354.670,359.930
-443840.410,-1172354.110,368.330
-443840.140,-1172354.350,365.590
-443840.020,-1172353.460,362.790
-443840.280,-1172353.220,362.710
-443840.320,-1172352.100,368.980
-443839.940,-1172349.830,360.010
-443840.180,-1172349.620,359.940
-443839.960,-1172349.820,368.410
-443827.130,-1172359.880,370.850
-443840.160,-1172346.740,368.340
-443827.100,-1172358.530,370.860
-443839.760,-1172346.690,368.530
-443827.100,-1172357.240,370.760
-443839.830,-1172343.540,365.580
-443839.900,-1172343.030,368.390
-443839.750,-1172342.320,362.810
-443734.520,-1172437.860,361.790
-443826.770,-1172354.050,371.050
-443839.950,-1172341.290,360.420
-443839.990,-1172340.390,365.510
-443826.690,-1172351.850,371.030
-443839.660,-1172340.130,365.590
-443839.900,-1172339.910,362.700
-443839.870,-1172339.930,357.110
-443826.650,-1172351.010,371.060
-443839.840,-1172336.870,362.700
-443839.770,-1172336.420,368.360
-443839.510,-1172336.660,365.590
-443839.880,-1172335.810,368.330
-443839.620,-1172336.050,365.610
-443839.860,-1172335.830,365.530
-443839.610,-1172336.050,362.840
-443826.790,-1172348.160,370.770
-443839.580,-1172335.700,368.410
-443839.580,-1172335.700,365.630
-443826.800,-1172346.720,370.710
-443839.900,-1172334.080,370.140
-443734.270,-1172427.770,361.630
-443826.350,-1172340.450,371.080
-443826.390,-1172338.420,371.050
-443839.450,-1172332.600,359.970
-443839.390,-1172331.410,359.980
-443839.650,-1172331.560,368.350
-443839.860,-1172331.370,368.190
-443839.390,-1172331.790,359.990
-443839.640,-1172331.570,359.900
-443839.430,-1172331.760,357.200
-443839.750,-1172331.960,368.310
-443839.540,-1172332.150,359.940
-443839.780,-1172331.930,359.850
-443841.310,-1172307.640,355.760
-443820.290,-1172309.960,356.840
-443820.380,-1172310.240,356.790
-443820.610,-1172310.030,356.640
-443815.180,-1172309.010,358.430
-443815.640,-1172308.590,358.070
-443815.580,-1172309.200,358.190
-443808.670,-1172307.150,357.540
-443808.900,-1172306.940,357.380
-443794.030,-1172318.660,357.910
-443798.480,-1172312.620,360.130
-443792.930,-1172318.090,358.540
-443793.140,-1172317.900,358.340
-443798.320,-1172313.180,360.230
-443798.710,-1172312.830,359.810
-443792.320,-1172317.410,358.880
-443797.420,-1172312.770,360.780
-443797.660,-1172312.550,360.640
-443797.890,-1172312.340,360.450
-443798.120,-1172312.130,360.320
-443792.150,-1172317.160,358.960
-443775.570,-1172315.220,360.860
-443774.890,-1172315.120,361.340
-443775.100,-1172314.930,361.140
-443774.870,-1172314.800,361.300
-443750.000,-1172319.380,358.710
-443750.230,-1172319.170,358.540
-443750.440,-1172318.970,358.370
-443750.050,-1172318.320,358.580
-443749.620,-1172318.260,358.860
-443750.050,-1172317.870,358.540
-443750.060,-1172317.360,358.500
-443748.720,-1172318.260,359.510
-443749.170,-1172317.850,359.160
-443750.150,-1172316.070,358.330
-443748.060,-1172317.640,359.830
-443749.180,-1172316.610,358.990
-443749.410,-1172316.400,358.840
-443749.620,-1172316.210,358.700
-443750.070,-1172315.800,358.370
-443747.930,-1172317.470,359.930
-443748.160,-1172317.260,359.770
-443748.810,-1172316.660,359.290
-443748.030,-1172316.850,359.830
-443749.160,-1172315.820,358.980
-443749.370,-1172315.630,358.820
-443750.050,-1172315.010,358.310
-443750.270,-1172314.800,358.180
-443747.700,-1172316.750,360.010
-443748.150,-1172316.340,359.710
-443748.370,-1172316.140,359.540
-443748.580,-1172315.950,359.380
-443748.800,-1172315.740,359.210
-443749.590,-1172314.540,358.580
-443746.940,-1172316.960,360.550
-443747.170,-1172316.750,360.400
-443747.590,-1172316.370,360.100
-443748.700,-1172315.350,359.280
-443749.370,-1172314.750,358.750
-443746.800,-1172316.770,360.640
-443748.570,-1172315.150,359.320
-443749.230,-1172314.550,358.820
-443748.080,-1172315.120,359.650
-443748.280,-1172314.940,359.500
-443749.240,-1172313.710,358.740
-443748.940,-1172313.600,358.950
-443749.150,-1172313.400,358.800
-443749.620,-1172312.980,358.450
-443765.820,-1172293.690,359.110
-443727.180,-1172321.060,357.740
-443726.920,-1172319.920,357.900
-443725.790,-1172320.500,358.580
-443726.020,-1172320.290,358.430
-443725.950,-1172319.880,358.460
-443726.420,-1172319.450,358.140
-443720.660,-1172318.750,358.290
-443721.590,-1172317.890,357.730
-443720.790,-1172318.080,358.200
-443721.030,-1172317.860,358.060
-443721.720,-1172317.230,357.640
-443720.410,-1172317.550,358.400
-443720.640,-1172317.340,358.250
-443741.900,-1172296.320,358.180
-443742.170,-1172295.650,357.960
-443741.700,-1172295.630,358.230
-443741.060,-1172295.710,358.640
-443741.510,-1172295.300,358.320
-443739.960,-1172296.350,359.420
-443740.180,-1172296.150,359.240
-443739.660,-1172295.710,359.560
-443740.300,-1172295.120,359.100
-443740.750,-1172294.710,358.770
-443739.660,-1172295.140,359.510
-443740.100,-1172294.740,359.200
-443739.870,-1172294.580,359.350
-443740.330,-1172294.160,359.010
-443739.370,-1172294.580,359.670
-443740.230,-1172293.780,359.040
-443740.470,-1172293.560,358.870
-443739.410,-1172293.560,359.520
-443739.390,-1172293.180,359.550
-443739.610,-1172292.980,359.390
-443739.830,-1172292.780,359.230
-443739.470,-1172292.550,359.470
-443723.080,-1172292.050,357.170
-443716.400,-1172332.990,360.560
-443716.460,-1172333.310,360.450
-443716.380,-1172332.540,360.520
-443715.930,-1172330.020,360.640
-443720.420,-1172318.960,358.450
-443720.250,-1172319.590,358.570
-443719.960,-1172319.390,358.750
-443835.670,-1172430.190,354.260
-443834.970,-1172409.400,354.200
-443798.750,-1172404.580,351.090
-443798.630,-1172404.190,351.240
-443798.300,-1172403.580,351.370
-443798.460,-1172409.230,351.650
-443799.900,-1172403.710,350.410
-443799.060,-1172405.950,351.110
-443798.790,-1172406.650,351.180
-443799.380,-1172407.660,350.950
-443798.840,-1172409.110,351.260
-443799.570,-1172406.290,350.900
-443800.360,-1172408.890,350.570
-443784.840,-1172418.340,350.290
-443795.430,-1172378.320,351.660
-443795.630,-1172378.390,351.410
-443796.410,-1172378.850,351.000
-443797.240,-1172378.140,350.740
-443797.120,-1172378.480,350.720
-443796.290,-1172381.390,351.260
-443796.160,-1172381.760,351.420
-443795.750,-1172382.830,351.650
-443795.610,-1172383.230,351.820
-443797.400,-1172379.960,350.710
-443796.990,-1172381.030,350.870
-443796.850,-1172381.400,351.010
-443796.440,-1172382.520,351.330
-443796.000,-1172383.680,351.700
-443796.960,-1172381.840,350.910
-443795.830,-1172384.860,351.730
-443797.660,-1172381.890,350.470
-443797.240,-1172383.010,350.770
-443796.100,-1172386.030,351.580
-443795.970,-1172386.390,351.640
-443797.600,-1172383.680,350.790
-443798.080,-1172384.560,350.600
-443797.230,-1172386.830,351.130
-443796.680,-1172388.310,351.530
-443797.540,-1172384.620,350.670
-443796.840,-1172386.490,351.200
-443796.420,-1172387.620,351.520
-443796.280,-1172387.990,351.590
-443796.130,-1172388.390,351.710
-443798.270,-1172387.520,350.440
-443798.120,-1172387.920,350.630
-443797.440,-1172391.290,351.250
-443797.290,-1172391.670,351.370
-443798.380,-1172389.580,350.600
-443797.400,-1172392.170,351.170
-443797.280,-1172392.500,351.200
-443796.850,-1172393.650,351.500
-443797.110,-1172394.640,351.670
-443798.640,-1172393.030,350.610
-443798.490,-1172393.430,350.740
-443798.510,-1172391.830,350.610
-443798.810,-1172393.410,350.540
-443797.690,-1172396.380,351.240
-443797.340,-1172398.980,351.700
-443797.180,-1172399.410,351.890
-443799.000,-1172395.320,350.440
-443799.020,-1172396.570,350.660
-443798.590,-1172397.690,350.990
-443798.230,-1172399.160,350.950
-443797.660,-1172400.680,351.550
-443797.540,-1172401.020,351.480
-443799.280,-1172398.010,350.590
-443799.010,-1172398.730,350.740
-443797.740,-1172402.080,351.610
-443799.300,-1172400.340,350.770
-443799.420,-1172400.600,350.600
-443798.870,-1172402.050,350.890
-443798.590,-1172402.800,351.120
-443727.960,-1172324.350,350.770
-443755.520,-1172335.130,354.590
-443759.880,-1172335.000,352.820
-443850.700,-1172398.540,374.670
-443850.450,-1172390.130,374.620
-443844.760,-1172400.050,374.810
-443850.620,-1172372.570,373.530
-443835.810,-1172398.740,374.760
-443834.980,-1172373.650,374.730
-443840.340,-1172344.110,370.390
-443827.190,-1172362.270,370.750
-443826.880,-1172358.170,371.040
-443826.940,-1172353.640,370.730
-443826.680,-1172351.540,370.940
-443830.960,-1172336.090,370.710
-443830.820,-1172336.470,370.790
-443826.530,-1172342.490,371.160
-443826.190,-1172336.210,371.170
-443826.270,-1172336.880,371.050
-443734.360,-1172429.640,361.520
-443734.160,-1172427.870,361.780
-443734.020,-1172428.240,361.830
-443826.380,-1172333.220,370.730
-443826.190,-1172333.700,371.140
-443826.190,-1172331.530,371.180
-443819.830,-1172309.540,357.130
-443820.310,-1172309.940,357.010
-443815.700,-1172308.820,358.060
-443815.550,-1172309.220,358.140
-443815.510,-1172308.380,358.300
-443813.750,-1172306.730,357.400
-443791.970,-1172316.950,359.230
-443792.340,-1172317.370,358.910
-443790.960,-1172316.140,359.700
-443775.510,-1172315.570,360.940
-443749.390,-1172315.680,358.790
-443749.730,-1172312.670,358.280
-443747.640,-1172317.480,360.180
-443741.920,-1172296.310,358.280
-443741.360,-1172296.410,358.410
-443741.760,-1172294.210,358.160
-443740.810,-1172294.240,358.780
-443740.530,-1172295.010,358.990
-443740.390,-1172295.390,359.130
-443740.250,-1172295.790,359.240
-443739.960,-1172296.590,359.480
-443740.560,-1172293.540,358.710
-443740.130,-1172294.720,359.110
-443739.860,-1172294.380,359.350
-443739.580,-1172295.160,359.630
-443739.410,-1172293.140,359.570
-443739.450,-1172293.900,359.420
-443739.320,-1172294.280,359.490
-443726.960,-1172319.890,357.860
-443726.620,-1172320.240,358.140
-443726.480,-1172320.600,358.210
-443725.890,-1172320.140,358.540
-443725.310,-1172320.290,358.760
-443721.750,-1172317.600,357.610
-443721.610,-1172317.980,357.700
-443721.150,-1172317.150,358.000
-443723.140,-1172291.450,357.110
-443723.000,-1172291.850,357.260
-443716.380,-1172333.320,360.500
-443719.810,-1172319.770,358.840
-443716.010,-1172330.200,360.480
-443720.870,-1172317.920,358.160
-443720.720,-1172318.320,358.290
-443720.580,-1172318.690,358.370
-443720.320,-1172319.420,358.550
-443720.340,-1172317.790,358.490
-443835.110,-1172401.510,351.400
-443798.530,-1172404.140,351.260
-443799.100,-1172405.290,351.040
-443797.990,-1172405.750,351.640
-443799.720,-1172406.940,350.790
-443798.550,-1172407.340,351.410
-443799.860,-1172406.270,350.630
-443799.400,-1172408.510,351.030
-443800.060,-1172407.980,350.620
-443799.550,-1172409.300,350.990
-443795.560,-1172378.180,351.550
-443796.630,-1172377.780,350.950
-443796.130,-1172378.780,351.260
-443797.140,-1172378.490,350.690
-443795.670,-1172380.450,351.600
-443796.450,-1172380.300,351.150
-443796.800,-1172380.010,350.960
-443797.410,-1172380.030,350.630
-443796.310,-1172381.370,351.300
-443797.670,-1172380.260,350.510
-443795.740,-1172382.290,351.640
-443796.070,-1172382.020,351.450
-443797.780,-1172380.630,350.420
-443796.850,-1172381.920,351.030
-443797.840,-1172381.110,350.420
-443797.660,-1172381.830,350.550
-443797.930,-1172383.230,350.460
-443797.600,-1172384.160,350.740
-443797.970,-1172383.860,350.500
-443797.150,-1172385.060,351.040
-443796.720,-1172386.020,351.350
-443797.680,-1172385.830,350.810
-443797.010,-1172386.380,351.180
-443796.170,-1172387.700,351.730
-443797.510,-1172386.610,350.910
-443796.110,-1172388.260,351.770
-443797.110,-1172387.450,351.180
-443796.360,-1172389.190,351.730
-443798.370,-1172387.550,350.470
-443797.760,-1172388.600,350.920
-443798.030,-1172389.440,350.780
-443798.570,-1172389.370,350.480
-443798.550,-1172389.650,350.500
-443798.610,-1172389.870,350.470
-443798.790,-1172390.660,350.400
-443797.470,-1172392.650,351.230
-443798.140,-1172392.110,350.860
-443798.490,-1172391.820,350.630
-443798.820,-1172391.550,350.450
-443796.880,-1172393.700,351.610
-443796.940,-1172394.630,351.640
-443797.590,-1172394.100,351.250
-443798.590,-1172393.280,350.680
-443797.050,-1172395.000,351.600
-443797.370,-1172394.740,351.400
-443797.710,-1172394.460,351.210
-443798.140,-1172395.390,351.030
-443797.630,-1172396.390,351.370
-443798.960,-1172395.310,350.550
-443799.220,-1172396.230,350.440
-443797.780,-1172397.980,351.360
-443799.110,-1172396.900,350.560
-443798.420,-1172397.900,351.020
-443799.090,-1172397.350,350.590
-443797.130,-1172399.430,351.810
-443799.040,-1172398.440,350.720
-443797.550,-1172400.730,351.650
-443797.370,-1172401.300,351.770
-443798.710,-1172400.210,350.970
-443799.050,-1172401.450,350.790
-443799.760,-1172402.660,350.480
-443755.900,-1172331.130,354.380
-443757.230,-1172330.020,353.680
-443758.670,-1172330.550,353.140
-443758.520,-1172331.240,353.170
-443759.800,-1172336.110,352.790
-443850.900,-1172394.210,374.690
-443835.300,-1172402.200,359.830
-443835.130,-1172402.000,359.810
-443835.300,-1172401.340,359.820
-443851.050,-1172379.010,373.510
-443834.740,-1172392.060,371.120
-443850.670,-1172372.580,373.430
-443850.450,-1172372.300,373.570
-443827.120,-1172358.720,370.750
-443826.890,-1172351.500,370.720
-443826.610,-1172350.240,371.070
-443826.620,-1172342.850,370.780
-443826.400,-1172340.180,371.030
-443841.740,-1172307.840,355.520
-443820.460,-1172310.060,356.740
-443815.680,-1172309.000,358.070
-443815.560,-1172308.570,358.170
-443808.600,-1172307.120,357.620
-443794.130,-1172318.560,357.820
-443798.540,-1172313.170,360.110
-443793.280,-1172318.230,358.320
-443797.370,-1172312.850,360.840
-443797.710,-1172312.570,360.630
-443798.060,-1172312.280,360.400
-443790.300,-1172315.770,360.040
-443775.000,-1172315.100,361.240
-443775.360,-1172315.440,361.010
-443750.350,-1172318.880,358.460
-443749.890,-1172316.940,358.610
-443747.710,-1172317.720,360.100
-443748.060,-1172317.430,359.860
-443749.120,-1172316.530,359.080
-443750.190,-1172315.000,358.270
-443747.090,-1172317.110,360.480
-443747.810,-1172316.500,359.930
-443748.840,-1172315.630,359.200
-443749.210,-1172314.740,358.830
-443749.540,-1172314.460,358.590
-443748.060,-1172315.080,359.730
-443748.420,-1172314.770,359.440
-443748.760,-1172314.490,359.200
-443749.210,-1172313.440,358.750
-443727.110,-1172320.720,357.800
-443725.990,-1172320.650,358.480
-443725.910,-1172320.040,358.550
-443726.230,-1172319.760,358.330
-443721.900,-1172317.150,357.580
-443721.540,-1172317.910,357.820
-443741.260,-1172296.170,358.620
-443741.600,-1172295.870,358.360
-443740.930,-1172295.990,358.750
-443740.760,-1172294.970,358.740
-443741.440,-1172294.390,358.250
-443741.820,-1172294.060,357.960
-443739.560,-1172295.410,359.630
-443740.050,-1172294.420,359.200
-443741.110,-1172293.520,358.450
-443739.460,-1172294.150,359.590
-443740.530,-1172293.230,358.830
-443739.830,-1172293.180,359.250
-443716.320,-1172333.620,360.690
-443719.760,-1172319.960,358.890
-443720.090,-1172319.680,358.680
-443720.300,-1172318.520,358.530
