-443769.790,-1172421.000,353.880
-443742.060,-1172297.180,354.460
-443758.360,-1172322.540,354.470
-443763.580,-1172321.980,354.920
-443697.410,-1172298.940,354.580
-443697.030,-1172298.930,354.510
-443844.030,-1172407.820,374.740
-443843.700,-1172400.440,374.200
-443841.200,-1172377.990,382.260
-443831.140,-1172361.870,370.830
-443721.440,-1172295.250,357.800
-443736.140,-1172294.100,358.160
-443731.520,-1172320.970,361.420
-443748.200,-1172291.420,358.800
-443737.740,-1172325.550,358.890
-443737.870,-1172325.230,359.070
-443739.170,-1172321.940,360.280
-443739.280,-1172321.660,360.420
-443739.520,-1172321.060,360.720
-443738.650,-1172324.230,359.630
-443739.230,-1172323.690,359.960
-443752.120,-1172291.460,358.880
-443739.910,-1172322.650,360.550
-443752.150,-1172293.080,358.510
-443752.660,-1172295.960,358.000
-443762.230,-1172290.980,357.160
-443749.740,-1172324.720,357.080
-443779.690,-1172316.040,360.150
-443780.360,-1172315.350,360.640
-443785.880,-1172318.550,358.230
-443786.390,-1172319.600,358.320
-443787.560,-1172316.590,359.470
-443788.280,-1172313.780,361.180
-443787.070,-1172318.820,358.820
-443787.780,-1172317.940,359.260
-443801.900,-1172313.300,356.520
-443803.290,-1172311.830,357.620
-443806.370,-1172310.490,358.260
-443817.320,-1172312.000,356.270
-443832.630,-1172308.520,356.310
-443832.670,-1172306.840,357.450
-443701.960,-1172295.820,358.550
-443702.560,-1172296.060,358.600
-443809.460,-1172318.580,351.790
-443741.950,-1172297.110,354.510
-443756.320,-1172293.560,351.870
-443710.810,-1172299.390,354.180
-443697.380,-1172298.920,354.580
-443838.600,-1172351.890,370.810
-443835.910,-1172356.610,370.830
-443848.200,-1172408.080,374.300
-443839.980,-1172414.540,374.670
-443833.520,-1172418.040,377.600
-443843.900,-1172407.890,374.760
-443848.460,-1172399.820,374.280
-443737.090,-1172293.440,358.720
-443748.460,-1172291.290,359.370
-443751.860,-1172290.590,358.930
-443731.700,-1172320.730,361.620
-443739.980,-1172319.280,362.060
-443739.260,-1172321.690,360.470
-443738.640,-1172322.630,359.950
-443737.250,-1172324.280,358.880
-443737.070,-1172324.660,358.760
-443740.430,-1172322.440,360.790
-443739.710,-1172323.050,360.390
-443739.460,-1172323.250,360.270
-443738.890,-1172324.110,359.790
-443738.650,-1172324.320,359.720
-443780.410,-1172314.940,360.900
-443786.300,-1172317.870,358.620
-443784.860,-1172319.680,357.520
-443788.670,-1172317.030,359.930
-443788.410,-1172317.240,359.910
-443787.940,-1172317.640,359.560
-443787.700,-1172317.850,359.420
-443786.690,-1172319.170,358.600
-443785.470,-1172320.820,357.670
-443698.700,-1172294.690,358.570
-443712.630,-1172295.880,357.990
-443761.000,-1172404.850,349.500
-443848.380,-1172399.860,374.280
-443754.480,-1172421.920,361.760
-443837.920,-1172330.770,370.630
-443752.330,-1172295.830,357.980
-443738.910,-1172324.060,359.670
-443739.930,-1172320.780,360.910
-443738.060,-1172325.250,359.110
-443739.470,-1172321.220,360.550
-443739.280,-1172321.660,360.340
-443737.590,-1172323.850,359.080
-443735.840,-1172294.670,357.820
-443813.020,-1172304.900,352.590
-443831.600,-1172419.560,377.720
-443835.900,-1172356.600,370.770
-443830.600,-1172343.820,370.790
-443806.120,-1172310.730,358.070
-443785.460,-1172320.760,357.620
-443787.180,-1172318.800,358.850
-443788.570,-1172317.000,359.860
-443786.890,-1172317.220,358.990
-443787.220,-1172316.920,359.170
-443788.820,-1172314.880,360.390
-443779.230,-1172316.300,360.020
-443780.200,-1172315.410,360.600
-443740.200,-1172322.340,360.750
-443739.030,-1172321.890,360.220
-443739.370,-1172321.590,360.410
-443731.040,-1172321.500,361.100
-443731.390,-1172321.170,361.310
-443732.180,-1172320.030,361.930
-443752.600,-1172295.850,358.160
-443751.900,-1172290.460,358.890
-443735.770,-1172294.700,357.720
-443705.610,-1172337.560,360.640
-443712.520,-1172295.950,358.050
-443704.500,-1172296.670,358.480
-443819.560,-1172440.990,351.330
-443792.040,-1172424.440,347.600
-443793.080,-1172424.340,352.740
-443831.770,-1172385.540,348.340
-443825.960,-1172355.970,349.210
-443797.180,-1172331.680,351.040
-443808.170,-1172316.510,352.180
-443808.060,-1172316.810,352.060
-443809.480,-1172318.530,351.770
-443809.670,-1172317.570,351.540
-443810.510,-1172317.770,352.010
-443756.340,-1172293.580,351.890
-443750.370,-1172324.950,351.190
-443774.390,-1172319.250,354.740
-443717.200,-1172326.830,354.460
-443715.760,-1172299.770,355.440
-443715.660,-1172300.040,355.270
-443697.300,-1172298.690,354.650
-443847.710,-1172416.180,374.130
-443841.060,-1172432.030,372.050
-443840.960,-1172432.290,371.900
-443841.640,-1172422.170,374.820
-443840.360,-1172415.600,377.480
-443848.010,-1172386.950,374.300
-443831.280,-1172421.020,377.680
-443830.480,-1172421.290,371.170
-443849.190,-1172372.420,374.700
-443831.140,-1172361.950,370.720
-443830.610,-1172343.980,370.690
-443825.270,-1172332.410,365.100
-443806.160,-1172310.790,358.060
-443805.820,-1172311.680,357.650
-443785.430,-1172319.140,357.860
-443740.470,-1172322.270,360.810
-443740.290,-1172322.070,360.850
-443751.820,-1172290.490,358.910
-443739.810,-1172320.810,360.870
-443738.500,-1172322.620,359.850
-443738.280,-1172323.210,359.550
-443737.280,-1172325.940,358.670
-443731.360,-1172321.120,361.340
-443721.310,-1172295.370,357.690
-443709.790,-1172322.500,361.900
-443700.440,-1172295.140,358.550
-443697.320,-1172292.500,359.040
-443789.800,-1172320.470,351.170
-443750.470,-1172324.970,351.120
-443751.450,-1172325.190,351.240
-443757.320,-1172322.600,354.340
-443760.580,-1172321.980,350.800
-443700.890,-1172300.790,350.380
-443698.030,-1172299.080,354.630
-443850.020,-1172401.680,374.710
-443848.450,-1172399.800,374.200
-443848.650,-1172399.630,374.430
-443843.240,-1172385.790,374.680
-443850.090,-1172379.790,373.810
-443831.100,-1172361.980,370.670
-443826.160,-1172346.580,368.100
-443826.400,-1172346.380,368.200
-443785.880,-1172320.050,358.070
-443785.230,-1172321.130,357.510
-443785.210,-1172319.400,357.730
-443786.940,-1172317.290,358.990
-443787.200,-1172317.070,359.140
-443787.300,-1172316.520,359.410
-443787.540,-1172316.320,359.530
-443787.790,-1172316.110,359.670
-443788.720,-1172313.910,361.160
-443788.430,-1172313.810,361.130
-443779.870,-1172315.890,360.380
-443737.270,-1172325.940,358.720
-443737.780,-1172325.500,358.980
-443739.170,-1172323.820,359.960
-443739.780,-1172322.720,360.540
-443740.040,-1172322.500,360.690
-443740.270,-1172322.310,360.830
-443738.820,-1172322.240,360.090
-443739.910,-1172320.730,360.930
-443752.610,-1172296.100,358.000
-443752.210,-1172291.690,358.860
-443747.000,-1172291.250,358.960
-443713.260,-1172300.420,356.960
-443699.190,-1172299.800,357.030
-443697.470,-1172292.520,359.080
