-443800.190,-1172409.370,350.650
-443800.050,-1172407.440,350.550
-443795.200,-1172379.220,351.780
-443795.790,-1172377.720,351.340
-443799.660,-1172401.720,350.480
-443798.980,-1172401.290,350.840
-443799.450,-1172400.100,350.510
-443797.690,-1172388.550,350.900
-443797.810,-1172388.240,350.730
-443797.930,-1172387.940,350.700
-443796.620,-1172391.270,351.600
-443796.740,-1172390.960,351.540
-443796.940,-1172387.530,351.230
-443842.020,-1172308.400,355.190
-443801.400,-1172325.230,351.430
-443755.390,-1172330.060,354.560
-443755.510,-1172329.760,354.530
-443757.480,-1172329.300,353.520
-443756.630,-1172334.210,354.140
-443756.750,-1172333.900,354.110
-443826.460,-1172345.800,371.090
-443826.700,-1172351.410,371.040
-443831.040,-1172343.230,370.780
-443850.490,-1172413.440,373.770
-443849.210,-1172407.110,374.180
-443836.830,-1172428.950,374.770
-443850.250,-1172391.130,374.670
-443850.430,-1172385.240,374.700
-443849.770,-1172384.990,374.980
-443849.990,-1172384.420,375.020
-443850.670,-1172381.880,373.370
-443849.380,-1172381.030,373.780
-443850.310,-1172377.750,373.830
-443850.000,-1172375.050,374.320
-443849.930,-1172374.160,374.750
-443850.870,-1172371.770,373.660
-443835.900,-1172407.010,374.150
-443830.560,-1172420.560,378.570
-443835.660,-1172396.800,374.760
-443834.820,-1172377.720,374.730
-443834.950,-1172375.370,374.360
-443834.860,-1172373.150,374.740
-443840.120,-1172337.040,370.430
-443831.400,-1172354.700,370.710
-443827.180,-1172360.930,370.730
-443720.300,-1172318.350,358.390
-443722.130,-1172317.040,357.370
-443725.700,-1172320.820,358.560
-443740.120,-1172292.670,359.070
-443741.730,-1172293.790,358.130
-443741.950,-1172294.990,358.020
-443765.650,-1172292.690,359.130
-443775.510,-1172315.620,360.910
-443789.980,-1172315.270,360.110
-443792.180,-1172316.980,358.890
-443793.270,-1172317.820,358.290
-443814.980,-1172309.130,358.490
-443815.350,-1172309.240,358.310
-443815.710,-1172308.320,358.090
-443819.760,-1172310.240,357.180
-443837.010,-1172306.340,357.190
-443701.990,-1172298.390,357.690
-443702.120,-1172298.070,357.650
-443702.340,-1172297.520,357.480
-443696.650,-1172323.310,361.410
-443697.010,-1172322.430,361.450
-443697.100,-1172321.140,361.640
-443699.260,-1172319.010,360.970
-443696.680,-1172324.470,361.250
-443696.790,-1172324.190,361.290
-443698.610,-1172322.460,360.690
-443698.850,-1172321.870,360.740
-443698.980,-1172321.550,360.640
-443699.700,-1172319.770,360.590
-443700.170,-1172318.590,360.620
-443700.530,-1172317.710,360.620
-443697.510,-1172326.970,360.490
-443697.750,-1172326.380,360.580
-443696.930,-1172327.560,360.640
-443697.170,-1172326.970,360.640
-443697.290,-1172326.680,360.580
-443697.640,-1172325.820,360.620
-443801.380,-1172418.240,352.770
-443800.060,-1172405.520,350.410
-443770.370,-1172423.410,353.940
-443785.100,-1172419.540,350.050
-443785.200,-1172418.930,349.970
-443785.020,-1172418.260,349.990
-443770.460,-1172424.300,354.060
-443795.280,-1172379.220,351.720
-443796.680,-1172379.380,350.980
-443798.160,-1172387.470,350.580
-443796.970,-1172393.380,351.540
-443798.330,-1172393.720,350.800
-443797.350,-1172394.560,351.400
-443797.120,-1172394.750,351.510
-443798.110,-1172397.140,351.100
-443798.720,-1172397.960,350.800
-443797.820,-1172400.140,351.400
-443798.490,-1172402.970,351.220
-443799.120,-1172401.300,350.760
-443798.400,-1172400.970,351.150
-443841.990,-1172308.330,355.300
-443756.890,-1172333.840,354.060
-443755.450,-1172330.050,354.530
-443755.590,-1172329.600,354.410
-443826.670,-1172340.130,370.730
-443826.680,-1172344.120,370.730
-443826.430,-1172344.330,371.020
-443826.840,-1172356.830,371.050
-443826.990,-1172357.100,370.770
-443851.300,-1172397.910,373.910
-443836.090,-1172410.290,374.230
-443836.110,-1172409.880,374.230
-443850.820,-1172396.570,374.250
-443850.610,-1172394.300,374.630
-443835.690,-1172398.880,374.280
-443850.620,-1172379.580,373.910
-443850.690,-1172377.660,373.670
-443850.700,-1172375.920,373.640
-443850.460,-1172376.120,373.760
-443850.870,-1172375.330,373.520
-443850.180,-1172375.050,374.250
-443721.960,-1172292.880,357.570
-443721.690,-1172294.810,357.820
-443739.830,-1172292.750,359.170
-443741.100,-1172293.750,358.450
-443721.880,-1172317.050,357.570
-443726.990,-1172321.550,357.880
-443764.730,-1172291.110,357.060
-443765.670,-1172292.720,359.080
-443749.790,-1172313.960,358.350
-443775.780,-1172315.840,360.770
-443790.370,-1172315.590,359.890
-443792.470,-1172317.100,358.710
-443798.340,-1172311.510,360.080
-443797.770,-1172313.160,360.600
-443793.000,-1172318.240,358.510
-443819.640,-1172309.950,357.310
-443826.220,-1172332.950,370.960
-443702.210,-1172297.400,357.680
-443701.730,-1172297.800,358.020
-443702.200,-1172297.960,357.560
-443701.970,-1172298.150,357.710
-443701.750,-1172298.340,357.840
-443701.510,-1172298.540,357.980
-443702.510,-1172299.190,357.050
-443702.270,-1172299.390,357.210
-443702.550,-1172298.730,357.160
-443716.620,-1172296.260,357.680
-443700.670,-1172317.630,360.530
-443699.890,-1172319.940,360.550
-443696.710,-1172322.600,361.600
-443700.240,-1172318.860,360.540
-443700.000,-1172319.070,360.570
-443698.680,-1172322.180,360.750
-443696.960,-1172323.610,361.300
-443696.720,-1172323.810,361.390
-443698.430,-1172324.000,360.550
-443698.120,-1172323.990,360.760
-443698.350,-1172323.420,360.770
-443696.870,-1172327.580,360.810
-443696.820,-1172327.040,360.880
-443798.370,-1172402.980,351.310
-443769.830,-1172413.050,354.060
-443770.110,-1172416.330,354.010
-443777.870,-1172424.830,354.020
-443784.980,-1172419.280,350.230
-443796.230,-1172385.530,351.620
-443795.980,-1172386.150,351.800
-443795.850,-1172386.490,351.890
-443797.160,-1172385.440,351.100
-443797.740,-1172388.560,351.000
-443797.820,-1172396.200,351.370
-443799.480,-1172400.140,350.610
-443840.240,-1172337.820,351.690
-443755.400,-1172329.450,354.710
-443755.660,-1172329.710,354.500
-443851.240,-1172406.010,357.990
-443850.540,-1172382.000,373.740
-443850.520,-1172380.840,373.760
-443850.360,-1172377.760,373.810
-443836.430,-1172412.820,374.690
-443850.640,-1172372.710,373.690
-443849.890,-1172374.740,374.750
-443835.130,-1172376.910,374.410
-443840.440,-1172363.780,362.770
-443840.960,-1172361.340,368.370
-443840.510,-1172361.500,368.380
-443840.540,-1172359.810,362.720
-443839.980,-1172335.290,370.400
-443826.960,-1172356.500,371.070
-443831.390,-1172343.610,370.750
-443770.830,-1172428.890,361.790
-443734.220,-1172427.860,361.790
-443841.210,-1172307.710,355.900
-443820.390,-1172310.500,356.900
-443820.740,-1172310.830,356.670
-443815.490,-1172309.420,358.280
-443793.060,-1172318.230,358.560
-443739.290,-1172292.160,359.630
-443726.340,-1172319.640,358.270
-443725.270,-1172320.370,358.990
-443722.380,-1172316.890,357.340
-443721.690,-1172294.830,357.880
-443699.880,-1172319.010,360.760
-443699.740,-1172319.360,360.800
-443700.420,-1172318.810,360.560
-443700.140,-1172319.510,360.580
-443699.460,-1172321.180,360.640
-443699.040,-1172322.220,360.690
-443698.340,-1172323.940,360.720
-443698.220,-1172319.370,361.480
-443697.090,-1172322.160,361.560
-443696.800,-1172322.870,361.570
-443696.720,-1172324.420,361.670
-443699.440,-1172318.380,361.090
-443798.310,-1172405.280,351.460
-443798.460,-1172406.920,351.430
-443798.720,-1172406.700,351.270
-443798.320,-1172407.530,351.540
-443769.920,-1172414.520,354.040
-443770.030,-1172416.540,354.030
-443840.090,-1172341.150,348.600
-443795.510,-1172383.550,351.840
-443796.890,-1172390.800,351.500
-443798.470,-1172391.900,350.640
-443840.480,-1172354.450,348.660
-443798.750,-1172395.440,350.640
-443797.370,-1172397.160,351.520
-443798.570,-1172397.830,350.920
-443798.480,-1172398.750,351.040
-443798.190,-1172401.010,351.270
-443797.430,-1172402.630,351.760
-443798.780,-1172402.240,350.970
-443840.340,-1172364.530,348.800
-443798.530,-1172402.830,351.200
-443755.750,-1172334.830,354.640
-443750.540,-1172337.000,352.370
-443775.370,-1172313.900,350.950
-443750.110,-1172335.400,352.560
-443755.420,-1172329.970,354.540
-443755.520,-1172329.540,354.580
-443851.120,-1172400.640,374.270
-443841.870,-1172407.570,374.960
-443850.940,-1172394.290,374.270
-443851.040,-1172391.320,373.600
-443850.820,-1172391.010,373.780
-443850.170,-1172391.140,374.660
-443850.510,-1172387.860,374.020
-443850.750,-1172387.650,373.930
-443850.800,-1172383.840,374.020
-443850.630,-1172383.670,374.130
-443850.230,-1172383.050,374.570
-443851.440,-1172380.000,365.070
-443851.370,-1172376.680,373.350
-443841.900,-1172383.170,377.420
-443851.330,-1172373.790,373.040
-443850.680,-1172372.900,373.580
-443834.940,-1172375.390,374.370
-443834.820,-1172371.530,374.710
-443840.220,-1172359.880,362.790
-443840.250,-1172352.670,362.700
-443827.040,-1172364.580,371.100
-443840.300,-1172343.120,369.950
-443734.460,-1172433.010,361.450
-443832.690,-1172338.340,370.770
-443826.660,-1172342.930,370.770
-443826.420,-1172342.440,371.060
-443826.180,-1172333.670,371.080
-443826.360,-1172332.180,370.830
-443795.000,-1172319.600,357.650
-443793.810,-1172318.850,358.030
-443793.200,-1172318.310,358.390
-443797.790,-1172313.240,360.560
-443791.930,-1172316.930,359.060
-443791.940,-1172317.350,359.120
-443747.700,-1172317.680,360.100
-443725.270,-1172320.510,358.920
-443722.050,-1172317.460,357.450
-443740.630,-1172292.990,358.710
-443716.080,-1172331.690,360.710
-443714.530,-1172316.500,360.080
-443697.680,-1172326.120,360.520
-443696.970,-1172327.870,360.720
-443698.370,-1172323.360,360.740
-443697.610,-1172324.470,360.900
-443698.610,-1172323.550,360.570
-443698.220,-1172324.460,360.610
-443699.540,-1172320.630,360.600
-443696.970,-1172323.630,361.290
-443699.270,-1172321.510,360.640
-443696.790,-1172324.310,361.330
-443699.680,-1172319.110,360.810
-443700.190,-1172318.650,360.610
-443696.690,-1172322.380,361.640
-443699.970,-1172319.360,360.600
-443698.240,-1172319.360,361.450
-443700.690,-1172317.580,360.530
-443716.610,-1172296.090,357.870
-443702.290,-1172299.250,357.260
-443701.760,-1172298.390,357.920
-443701.990,-1172298.180,357.780
-443702.210,-1172297.970,357.670
-443702.460,-1172297.740,357.550
-443702.070,-1172298.560,357.640
-443701.600,-1172298.010,358.110
-443701.840,-1172297.790,357.960
-443702.320,-1172297.350,357.680
-443701.540,-1172298.600,358.040
-443701.920,-1172297.020,358.110
-443800.060,-1172407.910,350.690
-443770.090,-1172416.370,354.070
-443784.970,-1172419.350,350.310
-443795.700,-1172377.590,351.460
-443795.030,-1172379.390,351.920
-443797.510,-1172382.280,350.670
-443797.090,-1172383.390,350.890
-443797.990,-1172395.590,351.020
-443798.050,-1172399.150,351.270
-443798.360,-1172398.820,350.940
-443797.930,-1172399.970,351.420
-443799.150,-1172398.350,350.630
-443799.280,-1172400.980,350.690
-443809.000,-1172319.340,351.400
-443755.270,-1172330.140,354.530
-443850.170,-1172390.860,374.720
-443850.860,-1172371.960,373.720
-443841.810,-1172383.090,377.440
-443835.530,-1172391.970,374.770
-443833.860,-1172376.510,368.270
-443833.690,-1172371.440,371.240
-443826.950,-1172362.000,371.160
-443826.580,-1172342.910,370.700
-443826.400,-1172343.380,371.050
-443826.510,-1172332.850,370.750
-443820.170,-1172310.320,357.110
-443740.680,-1172293.200,358.710
-443739.880,-1172292.740,359.120
-443721.880,-1172317.260,357.590
-443721.880,-1172292.920,357.640
-443721.730,-1172293.310,357.690
-443716.680,-1172296.430,357.800
-443697.770,-1172326.140,360.650
-443697.520,-1172326.820,360.570
-443697.520,-1172324.710,360.890
-443700.050,-1172318.420,360.760
-443699.940,-1172318.710,360.710
-443699.820,-1172319.050,360.700
-443698.780,-1172321.850,360.780
-443698.650,-1172322.190,360.830
-443696.650,-1172327.580,360.860
-443699.460,-1172320.910,360.500
-443698.940,-1172322.290,360.540
-443698.430,-1172323.680,360.550
-443698.740,-1172318.570,361.300
-443698.360,-1172319.600,361.340
-443698.120,-1172320.240,361.300
-443697.610,-1172321.620,361.330
-443696.830,-1172323.710,361.380
-443702.560,-1172299.140,357.100
-443798.440,-1172402.870,351.230
-443800.160,-1172405.500,350.560
-443784.870,-1172419.590,350.290
-443797.850,-1172400.000,351.460
-443798.370,-1172400.490,351.180
-443799.250,-1172400.250,350.700
-443834.150,-1172372.820,348.580
-443795.740,-1172290.930,355.150
-443754.970,-1172329.330,354.960
-443755.600,-1172329.680,354.460
-443750.320,-1172336.920,352.570
-443849.150,-1172407.120,374.210
-443850.210,-1172385.650,374.780
-443850.460,-1172383.230,374.620
-443850.710,-1172375.890,373.530
-443834.620,-1172386.100,362.700
-443850.710,-1172371.620,373.590
-443833.730,-1172376.200,363.300
-443835.070,-1172374.770,374.350
-443831.460,-1172354.630,370.810
-443826.470,-1172339.450,370.820
-443793.770,-1172318.860,358.060
-443793.080,-1172317.730,358.440
-443726.680,-1172320.060,358.030
-443720.930,-1172317.980,358.150
-443721.170,-1172317.100,357.980
-443739.070,-1172292.680,359.730
-443697.730,-1172326.310,360.540
-443696.780,-1172327.790,360.820
-443698.440,-1172323.940,360.570
-443698.220,-1172324.660,360.590
-443696.890,-1172323.640,361.350
-443698.940,-1172321.880,360.830
-443697.340,-1172324.310,361.110
-443698.240,-1172323.540,360.830
-443699.930,-1172319.380,360.660
-443698.710,-1172321.560,360.870
-443699.020,-1172321.290,360.780
-443699.340,-1172321.020,360.610
-443700.850,-1172317.280,360.580
-443717.160,-1172299.700,357.150
-443702.390,-1172299.470,357.120
-443702.680,-1172299.230,357.000
-443702.740,-1172298.450,357.140
-443702.310,-1172297.560,357.680
