-443707.260,-1172293.230,354.880
-443707.000,-1172292.950,354.720
-443736.210,-1172438.350,361.810
-443736.320,-1172438.080,361.510
-443756.720,-1172437.200,361.530
-443757.110,-1172437.410,361.800
-443760.430,-1172437.370,361.860
-443830.880,-1172342.840,370.820
-443843.870,-1172377.690,374.670
-443702.570,-1172295.160,358.110
-443703.200,-1172295.400,358.010
-443706.160,-1172295.000,356.840
-443705.420,-1172319.260,359.650
-443705.960,-1172321.430,361.510
-443711.330,-1172321.180,361.670
-443715.940,-1172317.270,358.880
-443754.550,-1172328.910,354.910
-443735.030,-1172438.110,361.770
-443746.670,-1172437.540,361.700
-443810.960,-1172307.920,358.010
-443698.600,-1172290.510,357.710
-443706.930,-1172294.030,355.850
-443705.850,-1172295.540,357.530
-443706.500,-1172295.440,357.260
-443705.510,-1172318.090,358.710
-443705.300,-1172319.100,359.680
-443705.810,-1172320.610,360.880
-443743.580,-1172422.980,350.700
-443802.890,-1172330.950,350.670
-443799.610,-1172324.190,351.130
-443746.720,-1172313.040,352.550
-443754.540,-1172328.930,354.860
-443755.980,-1172328.940,353.840
-443698.180,-1172315.910,351.550
-443705.730,-1172292.150,354.240
-443737.920,-1172438.090,361.720
-443837.600,-1172330.260,370.130
-443780.020,-1172308.890,355.450
-443727.770,-1172294.920,356.700
-443711.400,-1172321.090,361.710
-443705.830,-1172320.620,360.920
-443705.770,-1172316.940,357.660
-443705.560,-1172318.100,358.650
-443707.050,-1172295.890,357.670
-443698.700,-1172316.480,355.700
-443706.450,-1172294.770,356.550
-443706.480,-1172295.460,357.270
-443702.410,-1172295.250,358.190
-443702.680,-1172295.210,358.170
-443702.410,-1172294.320,357.460
-443701.170,-1172294.530,357.930
-443701.080,-1172294.760,358.190
-443701.560,-1172294.410,357.730
-443698.690,-1172290.600,357.610
-443743.410,-1172423.040,350.750
-443764.730,-1172422.720,354.460
-443802.650,-1172330.810,350.360
-443799.590,-1172324.210,351.100
-443806.410,-1172305.390,353.170
-443698.200,-1172315.920,351.590
-443702.670,-1172290.950,354.060
-443838.420,-1172432.420,374.420
-443835.950,-1172381.590,374.630
-443789.460,-1172312.980,360.970
-443705.940,-1172321.340,361.410
-443705.600,-1172295.660,357.620
-443705.820,-1172295.460,357.480
-443706.430,-1172294.890,356.720
-443706.950,-1172294.050,355.830
-443703.880,-1172294.700,357.350
-443702.210,-1172294.440,357.580
-443700.990,-1172294.680,358.160
-443701.190,-1172294.490,357.900
-443701.360,-1172294.710,358.130
-443701.410,-1172293.810,357.310
-443700.290,-1172294.410,358.180
-443698.880,-1172293.730,357.970
-443698.060,-1172291.460,358.460
-443698.360,-1172290.570,357.660
-443717.890,-1172329.070,352.770
-443757.070,-1172437.070,361.850
-443751.710,-1172437.120,361.820
-443750.770,-1172437.540,361.390
-443736.920,-1172313.420,358.310
-443715.080,-1172316.630,358.330
-443714.040,-1172320.850,361.740
-443705.700,-1172320.710,361.090
-443705.930,-1172317.100,357.900
-443806.370,-1172305.380,353.250
-443756.110,-1172328.800,353.820
-443720.120,-1172328.760,352.610
-443735.110,-1172438.100,361.730
-443723.320,-1172296.120,357.540
-443713.960,-1172320.720,361.660
-443715.630,-1172316.510,358.280
-443706.050,-1172321.550,361.680
-443706.410,-1172294.800,356.670
-443702.570,-1172295.130,358.200
-443698.450,-1172290.690,357.780
