-443727.780,-1172323.510,350.640
-443734.250,-1172430.500,361.490
-443826.560,-1172343.540,370.900
-443826.640,-1172347.440,371.010
-443826.640,-1172348.570,371.020
-443826.770,-1172352.100,370.790
-443851.080,-1172397.910,374.120
-443850.220,-1172383.840,374.570
-443850.540,-1172381.370,373.720
-443835.950,-1172409.740,374.270
-443849.910,-1172373.240,374.740
-443835.410,-1172392.810,374.360
-443835.090,-1172381.280,374.330
-443826.850,-1172356.090,370.720
-443775.430,-1172313.950,360.820
-443826.250,-1172332.540,370.950
-443799.640,-1172400.360,350.380
-443760.020,-1172334.730,352.500
-443727.850,-1172323.540,350.600
-443826.460,-1172339.890,370.800
-443826.830,-1172355.860,371.010
-443834.950,-1172376.350,374.400
-443851.050,-1172398.110,374.150
-443850.810,-1172398.320,374.470
-443850.190,-1172378.080,373.920
-443835.270,-1172386.660,374.410
-443850.390,-1172373.420,374.000
-443850.430,-1172372.440,373.790
-443742.400,-1172294.850,357.720
-443722.220,-1172317.700,357.190
-443705.650,-1172294.540,356.720
-443840.140,-1172340.950,351.550
-443839.900,-1172344.370,348.790
-443840.160,-1172343.720,351.540
-443749.650,-1172313.480,352.330
-443751.460,-1172322.660,352.210
-443755.530,-1172329.120,354.630
-443760.240,-1172335.490,352.450
-443850.620,-1172398.080,374.660
-443850.500,-1172378.680,373.880
-443835.330,-1172380.640,374.680
-443835.240,-1172377.780,374.670
-443841.000,-1172362.360,368.280
-443839.930,-1172337.050,365.520
-443827.330,-1172366.670,371.010
-443839.820,-1172335.680,368.370
-443826.440,-1172334.220,371.030
-443801.210,-1172411.150,352.670
-443777.230,-1172413.670,352.880
-443770.440,-1172431.620,354.530
-443839.710,-1172340.640,354.390
-443839.880,-1172340.980,351.550
-443840.070,-1172344.320,348.700
-443840.240,-1172362.130,354.520
-443839.450,-1172331.340,351.610
-443834.210,-1172318.410,349.690
-443759.010,-1172332.630,352.830
-443726.830,-1172321.830,350.870
-443850.580,-1172391.220,373.900
-443851.470,-1172381.060,370.920
-443849.900,-1172375.600,374.700
-443770.950,-1172432.120,360.760
-443840.080,-1172354.400,360.000
-443840.290,-1172347.090,368.220
-443840.050,-1172344.340,359.900
-443839.900,-1172343.960,359.980
-443839.590,-1172337.090,365.590
-443839.860,-1172335.830,359.910
-443826.580,-1172341.220,370.830
-443826.470,-1172339.240,370.950
-443826.340,-1172334.060,370.890
-443798.530,-1172312.990,360.080
-443749.570,-1172314.560,355.760
-443765.780,-1172293.190,359.050
-443830.300,-1172420.200,378.930
-443834.680,-1172401.550,359.850
-443834.900,-1172400.180,357.090
-443834.510,-1172391.630,369.320
-443835.160,-1172376.920,374.820
-443833.750,-1172375.980,368.330
-443827.190,-1172363.860,371.100
-443826.440,-1172345.730,370.740
-443826.590,-1172337.440,371.040
-443765.740,-1172292.950,359.090
-443799.600,-1172400.370,350.440
-443849.710,-1172378.960,374.600
-443850.540,-1172376.290,373.570
-443851.120,-1172371.280,373.170
