-443801.030,-1172422.170,352.900
-443802.560,-1172434.400,350.530
-443802.190,-1172439.400,351.520
-443805.800,-1172434.080,350.470
-443826.910,-1172435.450,350.790
-443800.770,-1172419.850,352.970
-443801.120,-1172418.960,352.860
-443800.280,-1172419.890,353.180
-443800.390,-1172419.600,353.110
-443800.500,-1172419.310,353.070
-443801.080,-1172417.840,352.850
-443799.410,-1172420.230,353.420
-443799.520,-1172419.940,353.390
-443799.880,-1172419.040,353.240
-443799.990,-1172418.760,353.230
-443800.360,-1172417.820,353.110
-443800.480,-1172417.520,353.010
-443800.740,-1172414.870,352.900
-443800.860,-1172414.580,352.870
-443798.440,-1172417.520,353.760
-443798.920,-1172416.300,353.600
-443799.030,-1172416.010,353.500
-443799.150,-1172415.720,353.520
-443799.980,-1172413.590,353.190
-443800.570,-1172412.090,352.940
-443797.270,-1172418.490,354.120
-443798.570,-1172415.170,353.660
-443798.810,-1172414.550,353.550
-443799.510,-1172412.760,353.290
-443799.860,-1172411.880,353.190
-443799.980,-1172411.580,353.120
-443800.090,-1172411.290,353.100
-443797.330,-1172419.100,354.240
-443797.800,-1172417.900,353.950
-443800.750,-1172410.390,352.830
-443797.740,-1172416.300,354.000
-443798.220,-1172415.090,353.830
-443798.570,-1172414.190,353.670
-443799.500,-1172411.820,353.290
-443797.930,-1172413.810,353.840
-443798.050,-1172413.520,353.830
-443797.860,-1172415.280,353.950
-443798.790,-1172412.920,353.610
-443798.920,-1172412.600,353.550
-443799.030,-1172412.310,353.470
-443797.240,-1172414.570,354.060
-443797.360,-1172414.270,354.010
-443797.710,-1172409.780,351.920
-443797.540,-1172407.130,351.950
-443797.610,-1172408.260,351.950
-443797.330,-1172405.500,351.940
-443754.770,-1172407.660,350.480
-443769.740,-1172413.700,354.020
-443770.080,-1172412.820,353.810
-443770.180,-1172414.440,353.830
-443770.230,-1172415.390,353.790
-443769.890,-1172417.160,354.020
-443770.420,-1172417.600,353.790
-443770.440,-1172418.500,353.820
-443770.490,-1172419.220,353.800
-443770.480,-1172421.520,353.800
-443771.200,-1172420.990,353.790
-443770.770,-1172424.040,353.780
-443770.830,-1172424.830,353.790
-443776.890,-1172413.220,354.020
-443777.290,-1172419.930,346.920
-443785.470,-1172423.930,350.130
-443784.990,-1172422.750,350.270
-443785.340,-1172421.880,350.050
-443784.790,-1172421.520,350.250
-443784.910,-1172421.210,350.250
-443785.270,-1172420.280,350.010
-443784.830,-1172420.320,350.250
-443785.180,-1172419.430,349.960
-443784.510,-1172419.290,350.270
-443784.570,-1172418.210,350.260
-443795.140,-1172381.100,351.810
-443795.310,-1172383.050,351.900
-443795.320,-1172383.990,351.930
-443795.810,-1172387.170,351.830
-443830.130,-1172396.910,347.300
-443830.250,-1172396.600,347.160
-443830.520,-1172396.770,347.210
-443812.610,-1172377.710,348.290
-443807.180,-1172378.480,348.300
-443797.190,-1172403.050,351.890
-443796.960,-1172401.880,351.920
-443796.960,-1172400.610,351.900
-443796.650,-1172398.860,351.940
-443796.660,-1172397.110,351.900
-443796.500,-1172396.600,351.940
-443796.340,-1172393.750,351.890
-443744.450,-1172388.600,349.240
-443706.770,-1172403.150,352.420
-443706.780,-1172401.930,352.430
-443836.580,-1172321.130,349.260
-443834.750,-1172321.920,349.490
-443834.610,-1172321.580,349.520
-443834.360,-1172319.900,349.520
-443834.480,-1172319.590,349.430
-443834.390,-1172318.110,349.460
-443834.620,-1172317.520,349.470
-443828.860,-1172302.800,351.440
-443819.360,-1172303.810,348.170
-443727.330,-1172291.010,355.540
-443727.930,-1172290.940,355.370
-443728.110,-1172292.630,355.370
-443728.900,-1172292.340,355.070
-443729.020,-1172292.040,355.020
-443729.260,-1172291.470,354.900
-443729.370,-1172291.180,354.880
-443729.500,-1172290.860,354.810
-443729.620,-1172290.570,354.760
-443727.950,-1172293.610,355.420
-443728.950,-1172293.120,355.070
-443729.560,-1172291.600,354.780
-443729.920,-1172290.720,354.710
-443728.540,-1172293.240,355.230
-443728.780,-1172292.640,355.110
-443729.810,-1172292.810,354.790
-443729.930,-1172292.510,354.740
-443721.740,-1172330.020,352.560
-443721.510,-1172332.590,352.690
-443723.080,-1172328.680,352.400
-443722.040,-1172332.240,352.520
-443727.340,-1172319.030,354.510
-443722.690,-1172331.910,352.460
-443722.800,-1172331.630,352.390
-443723.150,-1172330.760,352.340
-443723.390,-1172330.150,352.320
-443723.420,-1172331.960,352.350
-443723.530,-1172331.690,352.310
-443727.480,-1172323.610,352.750
-443727.420,-1172324.380,352.750
-443750.310,-1172312.760,351.290
-443745.880,-1172326.160,351.190
-443751.130,-1172314.000,351.840
-443748.560,-1172324.400,354.650
-443743.800,-1172338.570,353.130
-443746.400,-1172334.300,352.880
-443745.880,-1172336.700,353.000
-443747.020,-1172335.710,352.860
-443747.140,-1172335.410,352.850
-443747.460,-1172337.660,352.870
-443748.670,-1172335.570,352.700
-443749.390,-1172336.890,352.630
-443750.400,-1172335.300,352.360
-443750.320,-1172336.500,352.560
-443750.710,-1172337.750,352.230
-443754.420,-1172331.360,354.990
-443754.840,-1172332.130,354.880
-443755.800,-1172330.670,354.340
-443755.070,-1172333.430,354.880
-443755.070,-1172334.640,354.940
-443757.100,-1172329.510,353.730
-443757.560,-1172330.030,353.550
-443770.470,-1172322.540,352.590
-443770.660,-1172322.770,352.570
-443758.280,-1172332.600,353.380
-443758.390,-1172330.420,353.150
-443720.510,-1172341.000,352.890
-443719.680,-1172341.260,353.010
-443719.810,-1172340.960,352.970
-443720.630,-1172333.500,352.800
-443721.240,-1172332.000,352.700
-443721.100,-1172341.460,352.810
-443720.680,-1172341.200,352.820
-443719.300,-1172340.340,353.080
-443721.140,-1172331.510,352.720
-443719.780,-1172333.840,352.900
-443720.420,-1172331.370,352.810
-443718.450,-1172329.960,353.000
-443733.970,-1172425.520,361.740
-443734.000,-1172427.490,361.760
-443734.140,-1172435.320,361.830
-443734.680,-1172438.520,361.810
-443826.270,-1172340.280,371.100
-443826.680,-1172342.270,370.710
-443831.190,-1172335.840,370.560
-443826.860,-1172350.010,370.700
-443851.870,-1172428.080,358.000
-443852.220,-1172428.310,358.000
-443851.180,-1172431.570,374.720
-443852.040,-1172431.780,360.880
-443851.070,-1172427.960,373.780
-443851.120,-1172428.910,374.640
-443851.130,-1172429.780,373.800
-443851.750,-1172428.370,358.010
-443851.180,-1172425.020,373.790
-443850.750,-1172417.150,374.680
-443850.720,-1172415.480,373.780
-443851.370,-1172412.930,370.830
-443851.490,-1172412.630,370.780
-443851.610,-1172412.290,373.770
-443849.900,-1172417.550,374.240
-443849.750,-1172417.000,374.310
-443851.510,-1172411.470,373.730
-443849.630,-1172414.690,374.180
-443850.920,-1172411.410,374.650
-443849.390,-1172414.270,374.260
-443849.210,-1172413.370,374.290
-443849.280,-1172412.340,374.100
-443850.450,-1172409.380,373.790
-443850.570,-1172409.080,373.790
-443849.180,-1172411.750,374.240
-443849.420,-1172411.140,374.180
-443845.340,-1172421.500,374.800
-443850.310,-1172405.500,374.690
-443850.260,-1172404.450,373.770
-443850.260,-1172402.150,374.670
-443845.270,-1172414.850,374.120
-443843.450,-1172418.420,377.380
-443843.680,-1172417.880,374.140
-443843.800,-1172417.570,374.120
-443847.580,-1172406.820,374.950
-443848.990,-1172403.230,374.140
-443850.320,-1172398.790,374.840
-443846.500,-1172407.550,374.290
-443848.850,-1172400.640,374.260
-443851.530,-1172393.810,374.080
-443836.960,-1172430.870,374.210
-443840.340,-1172422.270,374.240
-443840.250,-1172421.380,374.180
-443851.280,-1172392.200,373.650
-443848.830,-1172398.420,374.250
-443850.210,-1172394.900,374.910
-443840.100,-1172419.640,377.430
-443848.700,-1172395.950,374.220
-443841.060,-1172413.760,374.120
-443836.390,-1172425.620,374.730
-443848.590,-1172393.840,374.300
-443839.260,-1172416.440,377.550
-443851.220,-1172384.950,373.850
-443839.110,-1172415.710,377.550
-443842.040,-1172407.310,374.800
-443848.550,-1172390.010,374.250
-443851.210,-1172382.220,374.400
-443848.530,-1172389.050,374.240
-443850.420,-1172382.500,373.750
-443848.780,-1172385.830,374.300
-443851.360,-1172379.270,373.530
-443835.910,-1172417.400,374.690
-443836.230,-1172415.500,374.730
-443850.910,-1172378.150,373.540
-443851.150,-1172377.550,373.420
-443848.210,-1172383.990,375.990
-443841.820,-1172400.270,374.750
-443836.220,-1172412.420,374.710
-443836.200,-1172410.790,374.170
-443836.320,-1172410.470,374.110
-443850.880,-1172373.410,373.440
-443830.360,-1172419.880,378.770
-443849.520,-1172372.350,374.910
-443835.930,-1172405.730,374.100
-443849.290,-1172370.960,374.950
-443835.800,-1172399.440,374.340
-443835.910,-1172399.170,374.280
-443841.820,-1172382.030,377.420
-443835.670,-1172397.730,374.730
-443835.430,-1172395.500,374.740
-443835.670,-1172394.900,374.290
-443835.790,-1172394.600,374.280
-443840.410,-1172382.750,380.740
-443841.580,-1172379.820,377.500
-443835.540,-1172394.260,374.740
-443835.530,-1172392.500,374.790
-443838.380,-1172381.880,377.520
-443835.070,-1172385.550,377.620
-443836.790,-1172381.140,380.020
-443834.780,-1172384.700,377.570
-443834.600,-1172376.240,374.770
-443839.420,-1172364.030,370.360
-443834.990,-1172372.840,374.310
-443839.320,-1172361.840,370.430
-443839.480,-1172362.300,370.410
-443839.470,-1172359.550,370.440
-443839.340,-1172356.750,370.420
-443839.270,-1172356.400,370.470
-443840.520,-1172353.750,370.360
-443840.330,-1172352.330,370.380
-443839.270,-1172355.010,370.410
-443839.390,-1172354.720,371.100
-443837.000,-1172356.150,370.690
-443839.420,-1172348.160,371.160
-443838.830,-1172344.410,370.480
-443838.940,-1172344.110,370.430
-443839.210,-1172344.810,370.440
-443831.980,-1172360.980,370.600
-443833.460,-1172358.080,370.570
-443838.840,-1172342.270,370.410
-443838.950,-1172341.970,370.420
-443839.090,-1172341.040,370.420
-443839.200,-1172340.740,371.180
-443833.000,-1172357.120,370.570
-443838.910,-1172339.280,371.100
-443839.030,-1172338.970,371.150
-443827.430,-1172366.720,370.770
-443826.980,-1172365.980,371.110
-443827.440,-1172364.810,370.720
-443838.790,-1172334.520,370.460
-443826.830,-1172361.820,371.090
-443829.020,-1172356.210,373.170
-443826.840,-1172359.210,371.110
-443721.060,-1172290.720,357.870
-443721.230,-1172291.070,357.840
-443723.240,-1172290.800,357.020
-443722.040,-1172296.430,357.700
-443722.290,-1172295.810,357.510
-443723.260,-1172295.600,357.150
-443723.630,-1172294.700,356.980
-443724.110,-1172293.510,356.750
-443724.360,-1172292.890,356.660
-443723.760,-1172295.340,357.010
-443724.490,-1172293.540,356.690
-443724.790,-1172293.400,356.550
-443725.040,-1172292.800,356.360
-443725.150,-1172292.510,356.330
-443724.970,-1172294.860,356.520
-443725.090,-1172294.570,356.430
-443726.410,-1172291.300,355.880
-443725.860,-1172294.640,356.210
-443725.990,-1172294.330,356.120
-443726.350,-1172293.420,355.930
-443726.830,-1172292.230,355.740
-443726.950,-1172291.940,355.690
-443727.080,-1172291.630,355.630
-443727.210,-1172291.310,355.560
-443727.160,-1172293.920,355.710
-443721.780,-1172315.500,357.490
-443721.890,-1172315.230,357.460
-443724.870,-1172320.240,359.050
-443738.230,-1172291.850,359.690
-443739.270,-1172294.790,359.590
-443739.420,-1172296.550,359.660
-443743.510,-1172292.660,358.820
-443756.070,-1172291.090,359.240
-443756.310,-1172290.500,359.190
-443756.280,-1172292.600,359.290
-443756.520,-1172292.020,359.190
-443756.640,-1172291.720,359.130
-443756.670,-1172292.850,359.170
-443756.620,-1172294.010,359.240
-443756.740,-1172293.720,359.200
-443756.860,-1172293.420,359.150
-443756.790,-1172294.560,359.230
-443750.150,-1172314.240,358.180
-443765.500,-1172292.110,359.140
-443765.760,-1172293.340,359.130
-443773.560,-1172318.730,357.320
-443808.390,-1172307.330,357.700
-443813.260,-1172307.250,357.580
-443820.590,-1172309.240,356.760
-443704.060,-1172296.310,358.550
-443698.070,-1172318.760,361.550
-443697.500,-1172319.140,361.690
-443700.290,-1172317.330,360.820
-443700.400,-1172317.050,360.680
-443714.490,-1172316.390,360.190
-443714.510,-1172317.290,360.330
-443712.020,-1172331.450,361.470
-443712.740,-1172329.680,360.930
-443712.930,-1172330.860,360.870
-443713.920,-1172330.390,360.860
-443719.380,-1172319.890,359.040
-443712.630,-1172335.440,360.900
-443715.740,-1172329.650,360.600
-443719.460,-1172320.430,359.040
-443715.620,-1172331.310,360.730
-443715.870,-1172330.700,360.650
-443716.000,-1172332.240,360.650
-443716.540,-1172335.960,360.540
-443716.320,-1172335.190,360.640
-443716.300,-1172334.450,360.640
-443716.080,-1172333.790,360.680
-443800.890,-1172410.270,352.950
-443800.650,-1172410.470,352.910
-443800.140,-1172411.410,353.090
-443799.920,-1172411.590,353.230
-443799.410,-1172412.020,353.490
-443798.930,-1172412.430,353.530
-443798.680,-1172412.650,353.610
-443798.140,-1172414.040,353.820
-443798.340,-1172413.480,353.760
-443798.080,-1172413.690,353.840
-443797.100,-1172414.530,354.240
-443798.020,-1172414.540,353.900
-443797.160,-1172416.200,354.240
-443799.490,-1172414.600,353.370
-443798.520,-1172415.420,353.700
-443797.800,-1172416.030,353.990
-443798.850,-1172416.130,353.610
-443800.270,-1172415.520,353.110
-443799.760,-1172415.950,353.310
-443797.080,-1172418.220,354.310
-443798.520,-1172417.360,353.740
-443797.550,-1172418.180,354.090
-443797.330,-1172418.360,354.150
-443801.090,-1172415.600,352.810
-443798.180,-1172418.080,353.870
-443797.190,-1172418.910,354.250
-443801.040,-1172416.090,352.840
-443799.600,-1172417.310,353.380
-443799.360,-1172417.510,353.460
-443798.720,-1172419.490,353.710
-443801.280,-1172417.770,352.790
-443801.030,-1172417.980,352.870
-443800.040,-1172418.820,353.230
-443798.580,-1172420.060,353.730
-443798.330,-1172420.270,353.820
-443800.450,-1172419.370,353.070
-443799.500,-1172420.170,353.500
-443800.110,-1172420.060,353.260
-443800.920,-1172419.800,352.960
-443800.750,-1172422.370,353.100
-443802.480,-1172434.550,350.560
-443802.500,-1172439.180,351.480
-443802.690,-1172439.560,351.490
-443801.100,-1172407.980,350.180
-443794.730,-1172410.430,352.830
-443797.340,-1172404.950,351.920
-443797.450,-1172406.400,351.950
-443769.660,-1172413.750,354.090
-443769.790,-1172414.060,354.090
-443771.220,-1172413.270,353.870
-443770.200,-1172415.210,353.840
-443769.950,-1172415.870,354.010
-443769.730,-1172418.420,354.090
-443776.950,-1172413.310,354.150
-443770.140,-1172420.860,354.070
-443785.300,-1172423.480,350.130
-443785.050,-1172423.690,350.230
-443785.290,-1172423.990,350.120
-443785.320,-1172423.030,350.100
-443785.290,-1172421.730,350.080
-443785.300,-1172421.370,350.050
-443784.840,-1172421.770,350.290
-443785.170,-1172420.250,350.030
-443785.210,-1172419.820,350.040
-443784.750,-1172419.320,350.270
-443777.510,-1172420.280,347.070
-443777.370,-1172418.440,354.060
-443795.110,-1172381.200,351.910
-443795.350,-1172382.570,351.820
-443795.390,-1172383.070,351.900
-443795.420,-1172384.870,351.950
-443795.710,-1172387.430,351.920
-443807.210,-1172378.510,348.350
-443795.970,-1172389.320,351.910
-443796.070,-1172390.850,351.900
-443796.530,-1172396.210,351.990
-443830.320,-1172396.750,347.120
-443797.190,-1172402.940,351.920
-443706.910,-1172403.230,352.420
-443707.430,-1172401.780,352.280
-443839.030,-1172320.290,348.930
-443838.710,-1172319.550,349.020
-443838.890,-1172318.560,348.930
-443838.630,-1172318.770,348.990
-443834.660,-1172321.760,349.480
-443834.390,-1172320.610,349.530
-443834.540,-1172319.540,349.500
-443834.520,-1172319.080,349.480
-443834.660,-1172317.610,349.500
-443801.470,-1172325.820,351.520
-443808.490,-1172319.410,351.350
-443808.240,-1172319.620,351.410
-443807.610,-1172317.390,352.180
-443729.500,-1172290.380,354.810
-443728.480,-1172291.220,355.190
-443729.980,-1172290.840,354.650
-443728.980,-1172291.660,355.030
-443728.030,-1172292.460,355.380
-443729.550,-1172290.800,354.800
-443729.300,-1172291.010,354.890
-443728.310,-1172291.830,355.260
-443729.860,-1172291.440,354.750
-443728.860,-1172292.280,355.100
-443728.600,-1172292.490,355.200
-443727.630,-1172293.300,355.550
-443729.470,-1172292.250,354.890
-443729.470,-1172292.710,354.920
-443729.230,-1172292.910,355.010
-443729.010,-1172293.100,355.090
-443755.490,-1172336.000,354.830
-443757.180,-1172334.160,353.920
-443756.940,-1172334.370,354.030
-443758.420,-1172330.500,353.170
-443757.580,-1172330.060,353.530
-443756.720,-1172330.430,353.920
-443750.550,-1172335.640,352.370
-443750.050,-1172336.060,352.610
-443750.210,-1172336.280,352.560
-443755.750,-1172330.750,354.440
-443743.810,-1172338.580,353.230
-443747.180,-1172335.130,352.750
-443746.440,-1172334.820,352.950
-443744.170,-1172335.700,353.150
-443746.170,-1172332.770,352.870
-443748.490,-1172324.450,354.680
-443745.990,-1172325.990,351.100
-443745.740,-1172326.200,351.290
-443723.560,-1172332.020,352.250
-443722.590,-1172331.950,352.510
-443722.080,-1172332.370,352.560
-443723.360,-1172331.880,352.340
-443722.640,-1172332.490,352.390
-443723.160,-1172329.930,352.330
-443727.530,-1172324.950,352.790
-443727.390,-1172324.820,352.750
-443727.470,-1172324.270,352.770
-443726.820,-1172319.420,354.640
-443720.480,-1172342.130,353.010
-443719.410,-1172341.060,353.100
-443720.680,-1172340.980,352.870
-443719.760,-1172333.830,352.950
-443718.690,-1172332.870,353.070
-443721.520,-1172330.830,352.660
-443719.360,-1172331.070,352.970
-443718.470,-1172329.880,353.040
-443717.550,-1172329.730,353.250
-443717.600,-1172329.420,353.150
-443826.700,-1172339.690,370.720
-443831.030,-1172335.530,370.580
-443826.920,-1172342.250,370.710
-443832.260,-1172341.780,370.520
-443826.910,-1172346.320,370.710
-443826.400,-1172346.750,371.120
-443831.450,-1172342.900,370.570
-443734.320,-1172426.760,361.600
-443734.480,-1172429.010,361.520
-443839.230,-1172342.370,370.420
-443734.640,-1172432.530,361.410
-443734.160,-1172432.930,361.850
-443826.600,-1172354.480,371.160
-443826.710,-1172354.880,371.110
-443734.640,-1172433.460,361.370
-443839.240,-1172344.710,370.460
-443826.660,-1172355.390,371.140
-443827.230,-1172356.900,370.730
-443826.820,-1172357.730,371.120
-443831.730,-1172354.520,370.620
-443734.920,-1172437.680,361.400
-443827.170,-1172359.410,370.760
-443833.330,-1172357.150,370.580
-443833.360,-1172358.070,370.600
-443826.800,-1172363.640,371.170
-443839.330,-1172353.710,370.450
-443827.400,-1172364.290,370.730
-443839.510,-1172354.010,370.430
-443837.110,-1172356.050,370.660
-443827.440,-1172364.750,370.730
-443832.160,-1172361.590,370.630
-443827.530,-1172366.600,370.760
-443827.060,-1172366.990,371.050
-443839.570,-1172364.280,370.480
-443834.640,-1172376.200,374.790
-443770.900,-1172432.350,361.820
-443835.220,-1172379.070,374.320
-443834.580,-1172381.300,374.760
-443852.030,-1172431.610,360.860
-443851.200,-1172426.410,373.820
-443851.110,-1172425.240,373.830
-443840.320,-1172430.500,373.990
-443850.790,-1172417.390,373.910
-443849.910,-1172417.570,374.250
-443849.820,-1172416.680,374.210
-443849.560,-1172416.890,374.290
-443849.700,-1172417.270,374.330
-443836.420,-1172425.610,374.770
-443836.570,-1172425.960,374.310
-443849.490,-1172414.050,374.170
-443849.260,-1172414.240,374.410
-443840.330,-1172421.380,374.190
-443851.410,-1172412.020,373.770
-443850.610,-1172412.240,374.690
-443849.400,-1172413.260,374.180
-443843.380,-1172418.350,377.360
-443843.140,-1172418.550,377.420
-443839.980,-1172421.230,377.420
-443849.510,-1172412.650,374.140
-443840.110,-1172419.770,377.510
-443849.150,-1172411.750,374.320
-443840.440,-1172418.580,377.480
-443839.470,-1172417.400,377.420
-443839.590,-1172417.840,377.430
-443839.410,-1172416.460,377.480
-443849.300,-1172408.090,374.160
-443849.040,-1172408.310,374.250
-443849.350,-1172407.630,374.170
-443839.020,-1172416.360,377.590
-443849.140,-1172406.350,374.150
-443836.030,-1172417.430,374.760
-443836.240,-1172414.960,374.240
-443844.850,-1172407.080,374.760
-443849.040,-1172401.570,374.170
-443848.990,-1172400.780,374.180
-443842.050,-1172407.060,374.800
-443848.840,-1172401.310,374.190
-443848.810,-1172400.540,374.200
-443836.160,-1172411.640,374.220
-443850.310,-1172398.740,374.850
-443848.970,-1172399.000,374.290
-443848.860,-1172398.220,374.270
-443850.140,-1172394.700,374.930
-443848.700,-1172395.910,374.270
-443844.180,-1172399.270,374.310
-443836.110,-1172405.700,374.170
-443841.850,-1172400.310,374.760
-443848.640,-1172393.660,374.260
-443850.950,-1172389.180,374.290
-443844.690,-1172393.090,374.270
-443844.730,-1172392.680,374.250
-443849.810,-1172386.590,375.080
-443841.760,-1172392.390,374.290
-443841.520,-1172392.590,374.740
-443848.560,-1172385.160,374.250
-443848.330,-1172383.950,375.950
-443835.560,-1172391.390,374.340
-443851.260,-1172377.720,373.480
-443851.010,-1172377.930,373.490
-443835.510,-1172386.890,374.370
-443841.920,-1172380.240,374.230
-443841.720,-1172379.820,377.440
-443841.180,-1172378.410,377.650
-443840.960,-1172377.370,374.740
-443836.870,-1172381.240,379.960
-443721.160,-1172290.780,357.900
-443723.230,-1172290.380,357.020
-443723.270,-1172290.730,357.020
-443723.030,-1172290.930,357.110
-443724.890,-1172290.440,356.430
-443723.420,-1172291.670,357.000
-443721.470,-1172293.290,357.890
-443722.940,-1172293.320,357.230
-443722.690,-1172293.530,357.310
-443725.780,-1172291.860,356.160
-443725.550,-1172292.050,356.240
-443724.330,-1172293.070,356.710
-443724.080,-1172293.280,356.810
-443725.890,-1172291.320,356.080
-443723.420,-1172293.370,357.050
-443722.430,-1172294.200,357.460
-443726.950,-1172291.910,355.760
-443726.230,-1172291.920,356.010
-443725.250,-1172292.740,356.380
-443724.290,-1172293.540,356.760
-443724.040,-1172293.740,356.840
-443723.070,-1172294.550,357.230
-443722.810,-1172294.760,357.320
-443721.830,-1172295.580,357.820
-443724.350,-1172295.130,356.790
-443723.520,-1172295.350,357.080
-443723.290,-1172295.550,357.190
-443723.050,-1172295.750,357.290
-443726.290,-1172293.910,356.040
-443726.060,-1172294.100,356.100
-443726.580,-1172293.270,355.900
-443726.320,-1172293.490,356.020
-443725.570,-1172294.110,356.300
-443726.900,-1172293.910,355.840
-443739.070,-1172293.380,359.840
-443739.120,-1172294.870,359.820
-443739.330,-1172295.550,359.700
-443721.830,-1172316.170,357.540
-443721.870,-1172316.530,357.500
-443756.180,-1172290.480,359.280
-443756.470,-1172292.520,359.380
-443756.740,-1172292.720,359.170
-443756.490,-1172292.930,359.280
-443756.450,-1172293.450,359.330
-443756.680,-1172293.510,359.240
-443724.770,-1172320.230,359.120
-443756.780,-1172294.330,359.230
-443756.910,-1172294.670,359.210
-443765.630,-1172293.490,359.170
-443765.680,-1172294.260,359.170
-443750.200,-1172314.220,358.140
-443773.570,-1172318.260,357.330
-443837.480,-1172305.560,356.850
-443837.630,-1172307.760,356.240
-443826.390,-1172332.420,370.730
-443826.020,-1172331.340,371.150
-443826.510,-1172335.070,370.700
-443838.820,-1172332.140,370.440
-443698.750,-1172291.670,356.960
-443705.400,-1172294.750,357.040
-443696.800,-1172319.480,362.010
-443700.010,-1172317.260,360.890
-443698.520,-1172318.500,361.430
-443714.510,-1172317.310,360.350
-443714.130,-1172321.420,362.210
-443719.300,-1172319.550,359.080
-443706.110,-1172333.740,361.000
-443715.500,-1172326.810,360.710
-443715.500,-1172327.240,360.670
-443711.360,-1172330.700,360.720
-443715.630,-1172328.790,360.650
-443716.110,-1172332.760,360.640
-443797.410,-1172404.210,351.920
-443797.590,-1172407.780,351.940
-443798.730,-1172412.800,353.610
-443798.610,-1172413.110,353.690
-443797.780,-1172413.690,353.910
-443799.730,-1172411.520,353.220
-443798.840,-1172413.810,353.660
-443799.310,-1172415.510,353.520
-443799.170,-1172415.860,353.580
-443798.860,-1172415.060,353.630
-443797.800,-1172417.780,354.010
-443797.540,-1172418.450,354.140
-443797.410,-1172418.770,354.220
-443799.520,-1172417.920,353.510
-443800.390,-1172414.290,353.120
-443800.630,-1172412.110,353.020
-443801.200,-1172413.570,352.840
-443800.810,-1172414.580,352.980
-443801.090,-1172418.180,352.930
-443800.570,-1172419.510,353.220
-443800.740,-1172417.690,353.030
-443800.390,-1172421.100,353.220
-443801.820,-1172422.860,352.700
-443802.550,-1172439.410,351.550
-443817.900,-1172433.630,350.420
-443770.310,-1172416.980,353.930
-443770.530,-1172419.170,353.840
-443777.190,-1172420.000,346.940
-443775.200,-1172425.040,353.590
-443785.240,-1172418.630,350.090
-443785.300,-1172420.010,350.070
-443785.270,-1172422.920,350.230
-443785.400,-1172423.920,350.170
-443794.750,-1172377.580,351.870
-443795.400,-1172384.810,351.900
-443795.570,-1172387.180,351.850
-443795.690,-1172388.030,351.930
-443796.040,-1172389.850,351.930
-443796.150,-1172391.060,351.950
-443796.440,-1172395.980,351.910
-443799.190,-1172394.140,350.420
-443840.050,-1172344.030,354.380
-443840.410,-1172354.280,348.760
-443744.610,-1172388.960,349.190
-443834.710,-1172321.590,349.520
-443809.330,-1172318.800,351.220
-443809.070,-1172319.450,351.250
-443808.270,-1172318.980,351.230
-443728.590,-1172291.010,355.200
-443728.330,-1172291.640,355.300
-443728.060,-1172292.300,355.390
-443729.600,-1172290.450,354.810
-443729.460,-1172290.780,354.850
-443729.320,-1172291.120,354.930
-443729.190,-1172291.450,354.990
-443729.050,-1172291.780,355.010
-443728.920,-1172292.100,355.100
-443728.780,-1172292.440,355.140
-443728.660,-1172292.740,355.220
-443728.400,-1172293.380,355.330
-443729.520,-1172292.950,354.950
-443730.260,-1172290.570,354.620
-443730.120,-1172290.920,354.660
-443729.860,-1172291.550,354.780
-443729.720,-1172291.890,354.820
-443729.590,-1172292.220,354.910
-443729.450,-1172292.550,354.910
-443729.330,-1172292.860,354.990
-443721.850,-1172329.840,352.500
-443726.710,-1172319.900,354.710
-443722.310,-1172330.530,352.500
-443726.780,-1172319.390,354.600
-443727.380,-1172319.400,354.530
-443722.030,-1172332.350,352.550
-443723.340,-1172329.810,352.360
-443723.200,-1172330.140,352.430
-443722.240,-1172332.490,352.560
-443723.260,-1172331.470,352.410
-443722.600,-1172332.550,352.460
-443722.470,-1172332.880,352.490
-443723.540,-1172332.080,352.360
-443727.360,-1172323.520,352.780
-443727.230,-1172323.850,352.830
-443727.710,-1172323.730,352.630
-443727.370,-1172324.870,352.800
-443727.770,-1172324.980,352.700
-443747.240,-1172338.590,352.970
-443749.850,-1172335.800,352.540
-443749.610,-1172336.920,352.630
-443750.690,-1172335.720,352.350
-443750.800,-1172336.380,352.380
-443755.860,-1172330.330,354.420
-443757.050,-1172329.380,353.780
-443757.620,-1172330.040,353.540
-443758.400,-1172330.250,353.210
-443758.270,-1172330.560,353.310
-443758.130,-1172330.900,353.360
-443720.850,-1172333.760,352.760
-443721.750,-1172331.900,352.620
-443720.930,-1172333.890,352.830
-443718.820,-1172335.970,353.120
-443721.570,-1172330.530,352.570
-443719.310,-1172329.520,352.950
-443701.600,-1172290.500,354.000
-443852.270,-1172431.620,360.830
-443852.210,-1172428.150,358.020
-443851.090,-1172431.440,374.780
-443851.380,-1172428.000,374.650
-443851.250,-1172428.340,374.710
-443851.870,-1172427.970,358.050
-443851.920,-1172422.300,370.840
-443851.220,-1172424.280,374.590
-443849.710,-1172418.750,374.340
-443849.700,-1172416.290,374.260
-443849.600,-1172416.590,374.330
-443851.600,-1172412.290,373.670
-443849.480,-1172416.080,374.160
-443849.200,-1172412.910,374.320
-443849.470,-1172411.070,374.220
-443849.250,-1172407.570,374.290
-443850.360,-1172403.420,374.660
-443848.900,-1172407.440,374.270
-443843.550,-1172418.970,374.250
-443851.220,-1172399.420,374.290
-443850.270,-1172399.040,374.910
-443847.480,-1172406.710,374.930
-443848.910,-1172398.410,374.370
-443840.270,-1172422.030,374.240
-443840.150,-1172422.350,374.300
-443839.990,-1172421.390,377.440
-443850.240,-1172394.770,374.860
-443848.870,-1172397.090,374.300
-443848.570,-1172394.960,374.310
-443841.140,-1172413.710,374.170
-443839.730,-1172415.910,377.450
-443850.210,-1172388.940,374.920
-443836.530,-1172423.310,374.740
-443850.410,-1172382.350,373.730
-443851.000,-1172378.670,373.630
-443842.270,-1172399.730,374.430
-443836.140,-1172411.990,374.720
-443832.000,-1172420.590,377.610
-443842.020,-1172381.140,377.420
-443841.950,-1172379.900,377.420
-443835.400,-1172396.130,374.740
-443841.470,-1172378.560,377.590
-443840.670,-1172377.620,374.740
-443835.370,-1172391.800,374.750
-443840.260,-1172377.030,374.200
-443835.620,-1172388.030,374.350
-443837.010,-1172381.300,379.730
-443836.930,-1172381.520,380.100
-443839.360,-1172366.780,371.050
-443840.680,-1172363.240,370.390
-443838.460,-1172366.980,371.070
-443839.730,-1172362.060,370.480
-443834.780,-1172375.250,374.770
-443840.800,-1172357.690,370.350
-443840.870,-1172354.790,370.270
-443839.680,-1172357.940,371.030
-443840.700,-1172353.760,370.330
-443840.650,-1172352.530,370.310
-443840.410,-1172353.160,370.340
-443839.400,-1172354.700,371.130
-443840.490,-1172344.760,370.330
-443839.080,-1172337.630,370.470
-443827.390,-1172364.830,370.830
-443827.050,-1172365.720,371.150
-443826.850,-1172363.620,371.180
-443827.370,-1172361.140,370.820
-443827.350,-1172359.770,370.790
-443827.320,-1172358.320,370.740
-443827.170,-1172354.540,370.780
-443827.030,-1172350.050,370.760
-443831.180,-1172336.520,370.630
-443826.970,-1172347.370,370.740
-443826.810,-1172342.140,370.760
-443826.640,-1172336.730,370.730
-443734.580,-1172438.410,361.860
-443734.670,-1172434.770,361.340
-443734.460,-1172435.290,361.770
-443734.310,-1172426.670,361.670
-443734.170,-1172425.030,361.730
-443838.710,-1172331.610,370.470
-443838.600,-1172331.900,370.610
-443790.220,-1172315.120,361.460
-443773.710,-1172318.650,357.380
-443765.890,-1172292.020,358.670
-443756.780,-1172294.230,359.200
-443756.750,-1172292.870,359.210
-443746.110,-1172316.640,360.990
-443727.090,-1172320.130,357.870
-443727.020,-1172318.830,357.790
-443721.230,-1172315.980,357.800
-443727.350,-1172292.670,355.660
-443727.080,-1172293.320,355.790
-443726.820,-1172293.970,355.900
-443727.670,-1172293.240,355.590
-443726.370,-1172294.300,356.080
-443726.940,-1172290.590,355.730
-443726.280,-1172292.200,356.010
-443726.150,-1172292.530,356.090
-443725.490,-1172294.140,356.360
-443725.350,-1172294.480,356.370
-443726.230,-1172290.430,356.000
-443726.100,-1172290.750,356.040
-443725.840,-1172291.410,356.170
-443725.700,-1172291.730,356.190
-443725.580,-1172292.030,356.280
-443725.440,-1172292.380,356.330
-443725.300,-1172292.710,356.390
-443725.180,-1172293.000,356.520
-443724.520,-1172294.630,356.740
-443724.380,-1172294.970,356.800
-443724.290,-1172293.370,356.800
-443723.770,-1172294.650,357.040
-443723.490,-1172295.330,357.150
-443722.830,-1172294.780,357.360
-443722.700,-1172295.100,357.430
-443722.450,-1172295.730,357.540
-443721.830,-1172296.080,357.850
-443723.630,-1172291.110,356.950
-443723.500,-1172291.450,357.010
-443723.370,-1172291.770,357.060
-443722.720,-1172293.350,357.350
-443722.320,-1172294.340,357.520
-443721.810,-1172295.590,357.850
-443723.350,-1172290.460,357.010
-443723.230,-1172290.760,357.080
-443722.310,-1172293.000,357.530
-443722.170,-1172293.340,357.540
-443716.180,-1172332.900,360.740
-443716.350,-1172334.440,360.720
-443715.760,-1172331.200,360.680
-443715.840,-1172329.930,360.750
-443719.440,-1172320.340,358.980
-443715.510,-1172328.130,360.680
-443715.630,-1172326.320,360.540
-443714.260,-1172316.450,360.270
-443710.740,-1172294.150,357.280
-443698.620,-1172318.390,361.360
-443699.360,-1172317.900,361.150
-443699.860,-1172317.360,360.920
-443697.130,-1172319.250,361.910
-443697.700,-1172319.020,361.700
-443705.430,-1172294.770,357.030
-443706.210,-1172291.910,356.870
-443701.910,-1172295.570,358.570
-443851.400,-1172429.620,351.410
-443850.950,-1172422.250,351.370
-443814.620,-1172432.940,349.210
-443802.700,-1172439.390,351.470
-443802.490,-1172439.230,351.530
-443800.240,-1172422.350,353.250
-443801.020,-1172420.480,352.910
-443799.340,-1172420.280,353.520
-443798.410,-1172420.560,353.820
-443799.960,-1172419.180,353.260
-443801.220,-1172418.050,352.830
-443800.650,-1172417.650,353.030
-443799.160,-1172418.410,353.500
-443798.660,-1172418.350,353.700
-443799.190,-1172417.870,353.500
-443799.430,-1172417.650,353.440
-443800.690,-1172416.530,352.970
-443799.750,-1172416.970,353.300
-443797.290,-1172418.760,354.210
-443800.090,-1172416.250,353.200
-443798.800,-1172416.430,353.610
-443800.850,-1172414.590,352.890
-443797.100,-1172418.430,354.290
-443800.130,-1172415.710,353.130
-443799.030,-1172415.880,353.560
-443801.190,-1172413.580,352.780
-443797.160,-1172416.040,354.250
-443798.170,-1172415.140,353.840
-443798.950,-1172414.440,353.540
-443799.960,-1172413.540,353.190
-443797.210,-1172416.300,354.240
-443797.520,-1172414.030,354.020
-443797.780,-1172413.790,353.950
-443798.030,-1172413.570,353.860
-443798.270,-1172413.350,353.770
-443798.790,-1172412.890,353.580
-443799.020,-1172412.680,353.500
-443799.780,-1172412.000,353.230
-443797.910,-1172414.110,353.850
-443798.180,-1172413.870,353.800
-443800.460,-1172411.830,353.000
-443799.650,-1172411.690,353.260
-443799.900,-1172411.460,353.200
-443800.140,-1172411.250,353.110
-443797.610,-1172408.170,351.970
-443797.700,-1172409.840,351.950
-443785.200,-1172424.120,350.190
-443785.240,-1172423.570,350.120
-443770.140,-1172414.330,353.790
-443770.310,-1172415.720,353.780
-443769.930,-1172418.550,354.080
-443770.430,-1172418.960,353.760
-443770.550,-1172419.220,353.780
-443770.130,-1172420.860,354.060
-443776.910,-1172419.670,346.870
-443776.920,-1172420.150,347.220
-443777.030,-1172424.900,353.420
-443785.230,-1172419.640,349.930
-443784.790,-1172420.400,350.280
-443785.330,-1172420.940,350.000
-443784.940,-1172421.700,350.230
-443785.350,-1172421.750,350.030
-443770.680,-1172434.910,346.970
-443785.350,-1172422.230,350.040
-443795.060,-1172378.600,351.840
-443794.900,-1172379.700,351.910
-443794.930,-1172380.090,351.890
-443795.340,-1172384.190,351.920
-443795.620,-1172386.510,351.940
-443795.780,-1172388.150,351.950
-443796.030,-1172389.430,351.890
-443795.910,-1172389.990,351.940
-443796.190,-1172391.890,351.890
-443840.070,-1172354.410,348.780
-443840.340,-1172354.170,348.700
-443796.300,-1172394.270,351.920
-443796.520,-1172396.750,351.940
-443796.750,-1172398.600,351.950
-443796.630,-1172399.110,351.970
-443796.920,-1172399.810,351.940
-443840.390,-1172361.450,351.580
-443796.840,-1172400.640,351.930
-443840.650,-1172365.910,351.560
-443744.590,-1172389.920,349.020
-443741.650,-1172397.510,350.460
-443763.850,-1172386.310,349.200
-443838.920,-1172318.870,348.860
-443834.810,-1172321.970,349.440
-443834.600,-1172321.630,349.490
-443834.850,-1172321.400,349.420
-443834.470,-1172319.820,349.510
-443801.440,-1172325.530,351.240
-443819.810,-1172303.930,347.730
-443819.290,-1172303.960,347.960
-443755.090,-1172334.670,354.970
-443756.710,-1172332.820,354.090
-443758.080,-1172330.930,353.320
-443754.700,-1172332.750,355.000
-443749.630,-1172337.020,352.610
-443750.650,-1172336.080,352.320
-443754.810,-1172332.290,354.960
-443757.630,-1172329.720,353.490
-443750.110,-1172335.920,352.570
-443754.720,-1172331.190,354.930
-443747.220,-1172338.550,352.900
-443747.080,-1172335.770,352.830
-443746.880,-1172335.690,352.880
-443746.790,-1172334.860,352.830
-443744.220,-1172335.900,353.140
-443748.380,-1172324.330,354.710
-443727.450,-1172291.220,355.530
-443727.940,-1172290.760,355.350
-443728.370,-1172291.560,355.220
-443729.600,-1172290.430,354.780
-443727.660,-1172293.300,355.550
-443728.590,-1172292.440,355.180
-443729.070,-1172292.000,354.990
-443729.570,-1172291.540,354.840
-443729.800,-1172291.330,354.740
-443728.120,-1172292.280,355.360
-443729.080,-1172291.390,355.010
-443729.320,-1172291.180,354.900
-443729.560,-1172290.950,354.810
-443730.030,-1172290.520,354.620
-443728.970,-1172293.080,355.090
-443729.220,-1172292.850,354.990
-443729.410,-1172292.200,354.900
-443729.660,-1172291.970,354.830
-443729.890,-1172291.760,354.750
-443729.520,-1172292.970,354.910
-443729.770,-1172292.740,354.840
-443730.010,-1172292.520,354.740
-443726.700,-1172319.200,354.610
-443727.510,-1172319.390,354.520
-443727.270,-1172323.400,352.730
-443721.520,-1172329.830,352.610
-443721.750,-1172330.030,352.570
-443722.540,-1172329.310,352.450
-443727.350,-1172324.890,352.720
-443723.280,-1172329.710,352.290
-443723.210,-1172330.190,352.330
-443723.080,-1172330.650,352.360
-443721.790,-1172332.240,352.620
-443723.310,-1172331.680,352.320
-443723.370,-1172332.100,352.360
-443723.600,-1172331.890,352.220
-443720.450,-1172342.120,352.850
-443718.620,-1172335.150,353.120
-443718.280,-1172334.300,353.180
-443718.900,-1172332.240,353.000
-443719.120,-1172332.450,352.970
-443720.920,-1172329.640,352.720
-443721.190,-1172329.800,352.650
-443721.170,-1172329.000,352.670
-443719.230,-1172329.410,352.900
-443717.690,-1172329.390,353.100
-443852.120,-1172431.580,360.730
-443851.030,-1172429.550,374.730
-443851.910,-1172427.380,371.390
-443851.960,-1172427.330,360.660
-443850.980,-1172428.780,374.680
-443851.660,-1172428.170,358.080
-443851.960,-1172428.210,358.080
-443851.010,-1172427.080,374.660
-443846.800,-1172428.060,374.800
-443851.780,-1172422.450,370.920
-443850.790,-1172422.910,374.750
-443851.060,-1172420.450,373.810
-443850.840,-1172419.760,374.500
-443841.090,-1172427.880,374.830
-443836.530,-1172429.360,374.730
-443849.860,-1172417.620,374.240
-443849.500,-1172416.080,374.260
-443849.710,-1172414.730,374.120
-443849.580,-1172414.640,374.140
-443849.400,-1172414.270,374.180
-443840.050,-1172422.150,374.290
-443849.270,-1172414.020,374.290
-443849.410,-1172413.370,374.170
-443840.130,-1172421.240,377.380
-443840.200,-1172421.170,374.220
-443843.250,-1172418.480,377.380
-443849.170,-1172413.260,374.290
-443849.120,-1172411.260,374.310
-443839.540,-1172417.660,377.390
-443849.360,-1172408.430,374.100
-443841.900,-1172414.640,376.330
-443849.050,-1172408.320,374.300
-443849.090,-1172407.870,374.290
-443849.280,-1172407.700,374.100
-443840.980,-1172414.770,374.210
-443849.030,-1172406.450,374.240
-443842.240,-1172412.820,374.070
-443832.090,-1172419.130,377.490
-443836.180,-1172415.500,374.670
-443850.360,-1172402.550,373.820
-443848.960,-1172403.370,374.190
-443851.660,-1172399.300,374.010
-443842.090,-1172407.370,374.750
-443850.290,-1172398.800,374.870
-443836.340,-1172410.830,374.150
-443836.250,-1172409.650,374.150
-443836.030,-1172408.290,374.650
-443848.760,-1172396.230,374.230
-443850.300,-1172393.620,374.700
-443851.190,-1172391.880,373.530
-443848.600,-1172393.810,374.320
-443835.980,-1172400.010,374.410
-443844.350,-1172392.560,374.640
-443848.670,-1172385.740,374.280
-443835.580,-1172397.670,374.720
-443850.430,-1172382.460,373.720
-443835.770,-1172395.060,374.310
-443834.690,-1172394.040,373.810
-443851.300,-1172379.220,373.410
-443850.850,-1172378.660,359.350
-443835.350,-1172393.000,374.740
-443844.310,-1172385.010,374.330
-443851.060,-1172378.480,373.500
-443835.380,-1172391.840,374.750
-443835.770,-1172391.500,374.310
-443850.910,-1172377.980,373.530
-443849.750,-1172376.480,374.790
-443841.910,-1172381.190,377.260
-443850.830,-1172373.220,373.420
-443835.500,-1172386.920,374.310
-443841.880,-1172380.190,374.170
-443844.080,-1172378.220,374.230
-443835.190,-1172386.750,374.770
-443841.870,-1172379.280,377.340
-443840.950,-1172377.550,374.660
-443834.790,-1172378.760,374.760
-443834.730,-1172375.200,374.740
-443834.740,-1172374.830,374.760
-443839.810,-1172365.720,370.390
-443840.590,-1172362.390,370.380
-443839.570,-1172362.200,370.620
-443840.520,-1172360.920,370.370
-443840.260,-1172360.810,362.790
-443839.670,-1172356.950,370.410
-443840.020,-1172356.270,362.730
-443839.400,-1172355.020,370.480
-443832.120,-1172361.570,370.580
-443827.000,-1172365.770,371.120
-443840.330,-1172353.760,370.360
-443837.140,-1172356.050,370.600
-443840.360,-1172353.150,370.340
-443827.460,-1172364.200,370.690
-443839.320,-1172353.510,370.570
-443833.250,-1172358.030,370.740
-443833.240,-1172356.880,370.840
-443840.180,-1172350.080,370.350
-443826.810,-1172361.130,371.130
-443827.220,-1172359.430,370.780
-443831.830,-1172354.730,370.610
-443839.880,-1172346.990,362.820
-443831.730,-1172353.940,370.590
-443840.080,-1172344.680,370.410
-443827.100,-1172354.590,370.690
-443734.710,-1172438.460,361.790
-443839.910,-1172341.320,370.400
-443826.620,-1172353.330,371.110
-443827.090,-1172352.540,370.700
-443839.240,-1172341.060,370.390
-443827.110,-1172351.470,370.680
-443839.160,-1172340.130,370.400
-443734.400,-1172435.240,361.770
-443734.160,-1172435.000,361.820
-443739.170,-1172430.080,361.280
-443826.920,-1172349.430,370.690
-443826.440,-1172349.530,371.100
-443737.470,-1172428.930,361.270
-443826.420,-1172347.980,371.120
-443826.390,-1172347.080,371.120
-443826.870,-1172345.860,370.680
-443826.350,-1172345.450,371.120
-443826.850,-1172344.490,370.670
-443826.670,-1172343.310,370.760
-443734.360,-1172427.330,361.530
-443734.310,-1172426.520,361.600
-443826.280,-1172342.910,371.110
-443734.300,-1172424.760,361.620
-443826.720,-1172339.530,370.690
-443826.660,-1172339.070,370.670
-443826.130,-1172338.650,371.110
-443838.690,-1172332.430,370.580
-443838.700,-1172332.030,370.640
-443839.710,-1172331.120,370.370
-443826.140,-1172334.240,371.110
-443838.120,-1172307.930,356.210
-443837.450,-1172305.570,356.910
-443808.450,-1172307.360,357.720
-443797.960,-1172311.440,360.390
-443773.570,-1172318.590,357.460
-443773.380,-1172318.500,357.520
-443750.050,-1172314.120,358.280
-443765.510,-1172292.100,359.140
-443756.930,-1172294.750,359.180
-443756.830,-1172294.250,359.180
-443724.350,-1172322.280,359.330
-443756.570,-1172291.730,359.140
-443756.530,-1172290.740,359.080
-443756.690,-1172291.130,359.070
-443756.200,-1172290.650,359.260
-443721.780,-1172316.290,357.590
-443741.810,-1172296.780,358.290
-443739.190,-1172293.770,359.720
-443726.910,-1172293.990,355.830
-443726.150,-1172294.100,356.120
-443726.390,-1172293.880,356.000
-443724.940,-1172294.730,356.520
-443725.160,-1172294.530,356.450
-443725.420,-1172294.290,356.370
-443725.670,-1172294.050,356.280
-443726.660,-1172293.150,355.860
-443727.380,-1172292.470,355.620
-443723.510,-1172295.450,357.140
-443724.080,-1172294.320,356.850
-443726.960,-1172291.670,355.710
-443722.370,-1172295.900,357.550
-443721.810,-1172295.800,357.850
-443722.740,-1172294.940,357.380
-443723.980,-1172293.800,356.880
-443724.210,-1172293.590,356.800
-443724.450,-1172293.370,356.680
-443725.170,-1172292.700,356.390
-443725.420,-1172292.470,356.320
-443726.140,-1172291.810,356.040
-443726.370,-1172291.590,355.950
-443724.280,-1172293.110,356.740
-443724.540,-1172292.870,356.640
-443725.760,-1172291.750,356.150
-443725.840,-1172291.310,356.120
-443722.710,-1172293.280,357.320
-443722.140,-1172293.390,357.520
-443723.550,-1172291.620,356.950
-443724.520,-1172290.730,356.590
-443722.840,-1172291.760,357.330
-443723.800,-1172290.880,356.850
-443722.650,-1172291.370,357.450
-443723.090,-1172290.970,357.110
-443723.160,-1172290.470,357.030
-443722.150,-1172290.970,357.430
-443721.070,-1172290.910,357.880
-443716.270,-1172336.130,360.710
-443715.990,-1172333.750,360.680
-443715.710,-1172331.200,360.710
-443715.950,-1172331.370,360.720
-443715.700,-1172329.780,360.700
-443715.640,-1172330.830,360.730
-443715.920,-1172330.570,360.730
-443711.330,-1172333.800,360.940
-443712.130,-1172333.070,360.880
-443712.930,-1172330.830,360.890
-443711.170,-1172332.980,360.990
-443715.500,-1172328.080,360.700
-443715.640,-1172326.330,360.550
-443719.370,-1172318.000,358.960
-443714.580,-1172318.820,360.490
-443714.590,-1172317.880,360.410
-443714.410,-1172317.160,360.340
-443697.150,-1172319.170,361.890
-443699.070,-1172318.010,361.250
-443713.350,-1172295.190,358.130
-443706.240,-1172292.000,356.880
-443835.180,-1172408.820,351.420
-443802.830,-1172438.940,351.290
-443802.690,-1172439.310,351.490
-443802.610,-1172436.740,351.010
-443797.350,-1172405.510,351.990
-443797.280,-1172404.180,351.850
-443797.800,-1172409.260,351.910
-443798.990,-1172412.570,353.540
-443798.040,-1172415.070,353.930
-443797.090,-1172415.810,354.200
-443799.610,-1172411.770,353.210
-443797.890,-1172416.330,353.890
-443801.000,-1172410.200,352.770
-443798.630,-1172416.480,353.620
-443797.690,-1172418.970,354.010
-443798.510,-1172418.480,353.810
-443800.590,-1172417.630,353.100
-443800.050,-1172419.040,353.290
-443799.640,-1172420.140,353.480
-443801.160,-1172418.050,352.850
-443800.930,-1172419.220,352.840
-443800.800,-1172419.570,352.860
-443801.540,-1172420.370,352.760
-443801.150,-1172421.390,352.860
-443759.220,-1172436.440,347.500
-443769.460,-1172413.940,354.030
-443771.190,-1172420.900,353.720
-443777.160,-1172420.770,353.520
-443785.240,-1172418.650,350.090
-443784.890,-1172420.290,350.220
-443785.190,-1172423.730,350.240
-443785.420,-1172423.940,350.180
-443794.860,-1172377.620,351.980
-443794.900,-1172379.730,351.920
-443795.170,-1172381.200,351.890
-443795.280,-1172381.850,351.840
-443795.330,-1172383.960,351.900
-443795.450,-1172385.160,351.980
-443795.700,-1172386.480,351.990
-443796.320,-1172394.250,352.000
-443796.570,-1172396.070,351.970
-443796.690,-1172398.230,351.920
-443796.720,-1172398.980,351.920
-443796.920,-1172400.100,351.990
-443808.590,-1172376.320,348.360
-443744.520,-1172388.670,349.260
-443706.650,-1172403.100,352.500
-443706.750,-1172399.300,352.630
-443808.250,-1172318.840,351.240
-443808.490,-1172319.220,351.160
-443808.880,-1172319.670,351.420
-443809.290,-1172319.030,351.200
-443727.460,-1172291.170,355.600
-443727.880,-1172293.630,355.490
-443727.550,-1172293.320,355.500
-443727.410,-1172293.700,355.590
-443729.620,-1172290.730,354.810
-443730.150,-1172290.920,354.770
-443729.890,-1172291.650,354.800
-443729.750,-1172292.020,354.860
-443729.620,-1172292.380,354.930
-443729.480,-1172292.750,354.930
-443730.300,-1172292.110,354.720
-443729.670,-1172292.780,354.780
-443744.300,-1172335.960,353.210
-443746.460,-1172334.750,352.980
-443747.060,-1172335.400,352.780
-443747.400,-1172337.720,352.860
-443747.130,-1172338.440,352.870
-443750.570,-1172335.820,352.380
-443750.950,-1172337.900,352.190
-443754.850,-1172331.270,354.920
-443754.990,-1172334.610,354.880
-443719.570,-1172339.450,353.060
-443719.710,-1172341.140,353.050
-443720.640,-1172341.170,352.810
-443721.520,-1172329.790,352.660
-443721.790,-1172329.820,352.550
-443721.350,-1172328.940,352.620
-443718.850,-1172331.180,353.020
-443718.340,-1172332.580,353.160
-443699.350,-1172343.430,353.160
-443851.960,-1172431.630,360.940
-443851.250,-1172428.850,374.760
-443851.130,-1172425.130,373.850
-443850.620,-1172419.900,374.710
-443849.900,-1172416.640,374.120
-443849.750,-1172417.030,374.260
-443851.570,-1172411.630,373.800
-443849.720,-1172416.450,374.250
-443849.570,-1172416.840,374.400
-443850.740,-1172412.200,374.670
-443850.600,-1172412.560,374.680
-443849.760,-1172414.730,374.130
-443850.470,-1172408.990,373.700
-443849.350,-1172411.670,374.270
-443849.180,-1172410.910,374.230
-443849.010,-1172408.990,374.370
-443841.140,-1172425.830,374.190
-443850.270,-1172402.470,373.740
-443849.110,-1172405.040,374.300
-443849.110,-1172403.470,374.090
-443848.930,-1172403.160,374.290
-443847.550,-1172406.750,374.890
-443849.050,-1172400.460,374.190
-443848.900,-1172400.840,374.360
-443840.170,-1172422.210,374.320
-443849.050,-1172399.040,374.370
-443842.720,-1172414.810,376.390
-443840.250,-1172421.230,374.340
-443844.930,-1172407.170,374.760
-443836.910,-1172427.160,374.250
-443848.760,-1172396.230,374.280
-443836.590,-1172425.430,374.760
-443836.640,-1172425.280,374.320
-443836.450,-1172425.780,374.800
-443839.360,-1172416.600,377.490
-443836.720,-1172423.000,374.790
-443836.590,-1172423.330,374.840
-443848.580,-1172390.090,374.410
-443842.170,-1172406.820,374.880
-443842.050,-1172407.140,374.810
-443848.580,-1172387.770,374.270
-443848.830,-1172385.610,374.280
-443848.660,-1172385.250,374.400
-443850.980,-1172377.500,373.470
-443842.120,-1172400.210,374.780
-443836.470,-1172414.960,374.770
-443836.400,-1172415.130,374.190
-443848.330,-1172384.020,376.100
-443844.620,-1172392.340,374.190
-443836.290,-1172412.210,374.790
-443836.370,-1172412.020,374.210
-443836.060,-1172411.410,374.220
-443835.890,-1172405.550,374.190
-443835.630,-1172400.810,374.800
-443834.550,-1172401.970,368.230
-443834.430,-1172402.290,368.180
-443841.830,-1172379.860,377.560
-443839.920,-1172384.810,374.390
-443835.540,-1172394.740,374.290
-443841.460,-1172378.370,377.650
-443835.340,-1172391.640,374.790
-443835.530,-1172389.020,374.380
-443834.160,-1172390.810,357.040
-443834.080,-1172386.380,357.010
-443836.770,-1172381.350,380.070
-443835.370,-1172379.250,374.280
-443834.780,-1172377.920,374.790
-443835.140,-1172375.340,374.250
-443835.000,-1172375.700,374.280
-443834.230,-1172377.120,365.430
-443840.610,-1172360.940,370.390
-443833.700,-1172376.890,365.380
-443840.640,-1172358.760,370.360
-443834.010,-1172375.300,368.320
-443833.880,-1172375.640,368.310
-443839.300,-1172359.630,370.380
-443839.430,-1172354.520,370.380
-443833.310,-1172359.110,373.050
-443831.800,-1172360.870,370.550
-443840.110,-1172336.270,370.430
-443839.040,-1172337.650,370.400
-443827.180,-1172364.590,370.690
-443827.030,-1172362.720,371.090
-443827.270,-1172361.160,370.760
-443827.350,-1172358.430,370.730
-443832.750,-1172340.430,370.590
-443831.570,-1172343.540,370.540
-443826.680,-1172353.410,371.130
-443826.980,-1172350.740,370.650
-443831.110,-1172335.680,370.560
-443830.720,-1172336.080,370.850
-443826.950,-1172346.050,370.740
-443826.010,-1172346.040,365.480
-443826.840,-1172342.210,370.700
-443826.670,-1172340.540,370.670
-443826.720,-1172341.980,370.720
-443826.720,-1172339.530,370.750
-443734.610,-1172433.300,361.370
-443734.290,-1172435.120,361.810
-443734.230,-1172432.160,361.820
-443734.210,-1172430.050,361.820
-443838.660,-1172332.090,370.350
-443840.040,-1172332.480,370.440
-443826.070,-1172334.800,371.090
-443820.600,-1172309.170,356.840
-443789.890,-1172315.070,361.610
-443756.830,-1172294.560,359.240
-443756.740,-1172293.510,359.090
-443756.410,-1172293.480,359.290
-443756.650,-1172291.350,359.060
-443727.130,-1172318.820,357.980
-443726.640,-1172293.410,355.990
-443726.490,-1172293.800,356.060
-443726.360,-1172294.160,356.120
-443727.020,-1172293.210,355.680
-443726.230,-1172292.480,356.040
-443725.530,-1172294.400,356.450
-443724.970,-1172294.820,356.550
-443726.050,-1172290.710,356.040
-443725.800,-1172291.400,356.120
-443725.670,-1172291.750,356.180
-443725.530,-1172292.140,356.300
-443725.390,-1172292.520,356.350
-443725.450,-1172290.740,356.210
-443725.310,-1172291.130,356.270
-443724.490,-1172293.360,356.700
-443724.360,-1172293.720,356.760
-443724.090,-1172293.370,356.860
-443723.730,-1172293.030,356.930
-443723.190,-1172294.520,357.170
-443722.640,-1172296.010,357.450
-443722.100,-1172296.430,357.790
-443723.460,-1172291.370,356.950
-443723.320,-1172291.760,357.010
-443722.510,-1172293.980,357.380
-443722.370,-1172294.360,357.450
-443723.540,-1172290.380,356.960
-443721.270,-1172291.030,357.880
-443715.930,-1172331.440,360.760
-443716.130,-1172333.010,360.780
-443719.540,-1172320.530,359.070
-443715.940,-1172329.830,360.740
-443719.390,-1172319.260,358.990
-443712.620,-1172335.370,360.900
-443712.650,-1172329.610,360.910
-443711.230,-1172328.490,361.030
-443714.460,-1172317.290,360.400
-443718.580,-1172291.250,355.840
-443700.300,-1172317.230,360.760
-443706.270,-1172291.970,356.890
-443705.400,-1172291.490,356.860
-443802.650,-1172439.620,351.530
-443802.920,-1172438.880,351.350
-443802.310,-1172438.890,351.250
-443802.700,-1172438.140,351.210
-443802.280,-1172437.500,351.510
-443835.500,-1172408.220,354.210
-443834.740,-1172408.670,351.500
-443835.070,-1172406.440,351.460
-443835.360,-1172406.200,351.480
-443835.060,-1172406.120,351.430
-443835.190,-1172401.960,351.400
-443801.830,-1172422.710,352.760
-443801.460,-1172421.780,352.810
-443801.280,-1172421.090,352.880
-443799.860,-1172420.900,353.380
-443800.380,-1172419.700,353.170
-443800.970,-1172419.220,352.970
-443800.000,-1172418.840,353.240
-443801.220,-1172417.840,352.840
-443798.770,-1172419.340,353.700
-443801.240,-1172417.320,352.820
-443798.460,-1172420.100,353.790
-443798.590,-1172418.490,353.760
-443799.200,-1172417.990,353.540
-443797.440,-1172418.570,354.180
-443799.590,-1172416.810,353.370
-443799.890,-1172416.570,353.290
-443801.130,-1172415.560,352.830
-443798.360,-1172417.440,353.810
-443799.880,-1172416.200,353.290
-443800.170,-1172415.960,353.160
-443801.420,-1172414.940,352.710
-443798.960,-1172416.090,353.610
-443800.840,-1172414.560,352.930
-443800.900,-1172413.640,352.890
-443801.210,-1172413.380,352.780
-443797.970,-1172415.150,353.940
-443797.220,-1172416.230,354.210
-443799.650,-1172414.240,353.320
-443797.940,-1172414.700,353.930
-443800.100,-1172412.940,353.140
-443797.320,-1172414.450,354.180
-443797.930,-1172413.950,353.940
-443797.900,-1172414.330,353.940
-443797.290,-1172405.920,351.990
-443797.360,-1172405.550,351.980
-443797.400,-1172404.140,351.880
-443798.180,-1172413.280,353.820
-443798.780,-1172412.790,353.610
-443799.080,-1172412.550,353.500
-443799.640,-1172411.660,353.310
-443799.940,-1172411.420,353.170
-443789.220,-1172421.060,350.050
-443770.200,-1172414.450,353.840
-443769.920,-1172418.420,353.950
-443776.920,-1172413.290,354.090
-443770.340,-1172419.190,353.850
-443784.830,-1172420.840,350.170
-443785.330,-1172420.900,350.030
-443784.880,-1172421.660,350.290
-443784.940,-1172423.300,350.240
-443784.930,-1172423.660,350.140
-443795.110,-1172381.390,351.920
-443795.410,-1172382.570,351.860
-443795.370,-1172383.700,351.940
-443795.320,-1172384.200,351.980
-443808.500,-1172376.390,348.360
-443795.720,-1172387.430,351.950
-443795.830,-1172387.980,351.940
-443795.780,-1172388.530,351.960
-443796.030,-1172389.460,351.900
-443796.050,-1172391.050,351.960
-443796.850,-1172398.160,351.900
-443707.120,-1172403.420,352.410
-443706.710,-1172403.270,352.490
-443706.990,-1172403.040,352.400
-443706.880,-1172401.890,352.390
-443706.610,-1172401.130,352.520
-443706.650,-1172399.450,352.560
-443839.030,-1172320.280,348.980
-443834.570,-1172322.430,349.530
-443836.380,-1172320.930,349.280
-443834.470,-1172321.890,349.570
-443834.800,-1172321.620,349.480
-443834.530,-1172319.990,349.500
-443728.590,-1172291.050,355.160
-443727.550,-1172291.270,355.580
-443729.380,-1172290.900,354.860
-443729.690,-1172290.640,354.790
-443728.820,-1172292.520,355.180
-443729.730,-1172291.730,354.840
-443728.730,-1172292.170,355.150
-443729.050,-1172291.890,355.040
-443728.500,-1172293.450,355.340
-443728.810,-1172293.180,355.180
-443729.140,-1172292.900,355.030
-443723.100,-1172329.710,352.390
-443723.130,-1172330.740,352.390
-443746.870,-1172335.200,352.960
-443746.920,-1172335.580,352.900
-443747.220,-1172335.320,352.870
-443746.000,-1172336.870,353.050
-443747.150,-1172335.900,352.890
-443747.410,-1172337.640,352.860
-443750.350,-1172335.180,352.400
-443750.000,-1172336.080,352.610
-443750.270,-1172336.490,352.620
-443750.610,-1172336.210,352.360
-443755.090,-1172334.670,354.930
-443718.480,-1172335.350,353.190
-443720.820,-1172331.650,352.810
-443718.690,-1172332.830,353.100
-443720.410,-1172331.370,352.840
-443720.480,-1172328.990,352.780
-443721.300,-1172328.860,352.670
-443718.360,-1172329.800,353.050
-443719.230,-1172329.520,352.900
-443849.770,-1172432.240,374.190
-443851.290,-1172431.580,374.820
-443851.030,-1172428.700,374.790
-443841.300,-1172428.130,374.850
-443850.620,-1172419.900,374.730
-443836.610,-1172430.420,374.760
-443849.630,-1172417.670,374.350
-443849.900,-1172417.440,374.320
-443849.730,-1172416.550,374.150
-443836.780,-1172425.170,374.220
-443840.360,-1172422.180,374.260
-443849.440,-1172414.610,374.200
-443849.480,-1172413.270,374.180
-443843.080,-1172418.610,377.480
-443849.390,-1172412.400,374.170
-443843.530,-1172416.090,377.030
-443849.210,-1172411.730,374.290
-443839.510,-1172417.840,377.480
-443841.960,-1172414.560,376.390
-443839.750,-1172415.920,377.430
-443849.430,-1172406.890,374.190
-443846.420,-1172407.540,374.370
-443836.470,-1172416.160,374.280
-443844.910,-1172407.310,374.790
-443850.180,-1172402.950,374.740
-443849.090,-1172403.520,374.170
-443848.970,-1172403.340,374.200
-443835.600,-1172412.860,371.080
-443835.280,-1172412.620,371.070
-443841.950,-1172407.100,374.880
-443835.250,-1172412.150,359.830
-443849.050,-1172400.740,374.150
-443836.280,-1172410.380,374.230
-443848.740,-1172398.380,374.340
-443848.900,-1172397.160,374.280
-443848.780,-1172397.070,374.260
-443848.710,-1172396.420,374.280
-443850.260,-1172394.740,375.010
-443848.810,-1172395.100,374.280
-443835.300,-1172406.240,359.840
-443835.010,-1172406.160,359.820
-443835.290,-1172405.930,359.840
-443834.990,-1172405.890,359.880
-443834.570,-1172405.990,359.740
-443835.240,-1172404.480,365.450
-443835.310,-1172402.540,368.270
-443835.010,-1172402.090,368.240
-443834.950,-1172401.630,357.030
-443850.810,-1172388.080,374.810
-443844.790,-1172392.570,374.260
-443850.810,-1172387.630,374.710
-443835.930,-1172398.020,374.350
-443835.840,-1172397.830,374.330
-443850.010,-1172385.030,374.870
-443834.910,-1172393.560,365.480
-443834.670,-1172394.140,365.500
-443834.950,-1172393.910,365.480
-443834.810,-1172391.150,357.040
-443834.650,-1172390.910,357.040
-443834.570,-1172390.570,359.820
-443841.700,-1172382.400,377.550
-443841.730,-1172382.010,377.530
-443841.610,-1172381.740,377.530
-443850.780,-1172373.290,373.400
-443833.910,-1172387.550,356.950
-443834.610,-1172386.510,357.060
-443837.370,-1172381.290,377.610
-443836.850,-1172381.280,380.060
-443841.040,-1172377.510,374.700
-443834.790,-1172378.860,374.800
-443834.510,-1172377.480,365.470
-443834.160,-1172377.290,362.640
-443834.200,-1172377.260,365.430
-443834.470,-1172377.030,365.490
-443833.600,-1172377.150,365.430
-443834.140,-1172376.710,365.450
-443834.690,-1172375.090,374.770
-443834.270,-1172372.400,360.100
-443834.430,-1172372.260,371.170
-443834.240,-1172371.680,368.310
-443833.890,-1172371.980,359.890
-443840.570,-1172360.750,370.390
-443827.460,-1172366.750,370.780
-443827.480,-1172366.270,370.720
-443827.440,-1172365.770,370.750
-443832.160,-1172361.520,370.620
-443839.600,-1172355.440,370.370
-443826.930,-1172360.700,371.150
-443734.650,-1172433.350,361.420
-443827.160,-1172356.110,370.730
-443734.230,-1172432.150,361.830
-443827.200,-1172355.640,370.700
-443826.550,-1172354.400,371.140
-443826.620,-1172352.730,371.090
-443827.030,-1172352.400,370.720
-443733.880,-1172426.710,361.840
-443826.770,-1172346.080,370.720
-443826.620,-1172342.070,370.740
-443831.130,-1172335.630,370.590
-443826.530,-1172334.060,370.690
-443837.220,-1172305.530,357.090
-443726.990,-1172320.310,357.890
-443756.670,-1172293.820,359.340
-443724.990,-1172320.210,359.050
-443739.380,-1172296.160,359.720
-443739.330,-1172295.040,359.740
-443739.080,-1172293.830,359.800
-443727.580,-1172293.590,355.630
-443723.570,-1172295.380,357.110
-443724.510,-1172294.570,356.700
-443724.990,-1172294.690,356.540
-443726.220,-1172293.620,356.070
-443726.550,-1172293.340,355.950
-443723.270,-1172294.420,357.150
-443723.890,-1172293.890,356.950
-443724.210,-1172293.610,356.830
-443725.450,-1172292.550,356.360
-443727.250,-1172291.530,355.670
-443722.410,-1172294.300,357.470
-443725.880,-1172291.310,356.120
-443722.880,-1172293.300,357.250
-443725.060,-1172291.410,356.430
-443723.490,-1172291.580,357.000
-443721.580,-1172293.240,357.880
-443723.340,-1172290.420,357.010
-443721.480,-1172291.350,357.860
-443718.560,-1172291.280,355.870
-443716.510,-1172335.830,360.710
-443715.930,-1172331.420,360.740
-443715.740,-1172329.890,360.760
-443714.280,-1172316.530,360.320
-443697.660,-1172318.960,361.780
-443699.290,-1172317.970,361.190
-443699.880,-1172317.460,360.990
-443705.290,-1172291.540,356.900
