-443755.860,-1172328.860,353.950
-443810.960,-1172306.860,357.040
-443698.460,-1172293.510,357.970
-443699.340,-1172293.210,357.300
-443698.630,-1172293.780,358.130
-443699.610,-1172293.500,357.510
-443699.860,-1172294.260,358.090
-443700.600,-1172294.160,357.810
-443700.720,-1172293.870,357.530
-443700.760,-1172294.320,357.780
-443702.100,-1172294.270,357.360
-443702.100,-1172294.270,357.270
-443704.550,-1172295.130,357.440
-443706.080,-1172294.310,356.300
-443705.000,-1172317.600,358.360
-443705.170,-1172318.190,358.880
-443715.070,-1172317.520,358.960
-443706.910,-1172293.030,354.970
-443706.400,-1172293.070,355.150
-443766.200,-1172294.200,359.120
-443807.830,-1172311.410,355.880
-443698.120,-1172293.090,357.590
-443698.530,-1172293.280,357.740
-443698.270,-1172293.490,358.050
-443698.720,-1172293.630,357.970
-443700.380,-1172293.770,357.570
-443699.880,-1172294.180,358.100
-443700.530,-1172294.640,358.310
-443701.670,-1172294.030,357.360
-443701.890,-1172294.260,357.590
-443702.650,-1172294.910,357.920
-443704.210,-1172294.890,357.360
-443704.420,-1172295.100,357.560
-443705.240,-1172318.060,358.820
-443715.120,-1172317.640,359.190
-443836.700,-1172302.580,353.140
-443807.540,-1172305.690,353.070
-443725.630,-1172315.150,353.280
-443706.810,-1172293.100,355.030
-443705.330,-1172292.080,354.250
-443703.240,-1172291.120,354.000
-443715.150,-1172317.550,359.230
-443706.150,-1172295.510,357.270
-443698.130,-1172316.080,355.500
-443698.220,-1172316.470,355.700
-443704.590,-1172295.010,357.460
-443702.770,-1172294.980,357.890
-443701.980,-1172294.310,357.540
-443701.100,-1172293.800,357.290
-443699.670,-1172293.330,357.330
-443699.330,-1172293.260,357.480
-443706.940,-1172293.080,355.000
-443706.240,-1172293.030,355.140
-443704.970,-1172291.880,354.200
-443705.940,-1172294.980,356.970
-443706.340,-1172294.620,356.490
-443704.230,-1172294.890,357.550
-443701.960,-1172294.150,357.410
-443700.500,-1172293.810,357.550
-443699.750,-1172294.160,358.070
-443699.620,-1172293.370,357.410
-443699.900,-1172293.520,357.470
-443698.460,-1172293.910,358.320
-443698.430,-1172293.490,357.890
-443698.640,-1172293.300,357.660
-443706.890,-1172293.110,355.080
-443704.490,-1172295.190,357.640
-443702.040,-1172294.370,357.570
-443701.850,-1172294.110,357.430
-443699.490,-1172293.390,357.500
-443698.780,-1172293.550,357.830
