-443734.440,-1172432.090,361.420
-443826.430,-1172338.160,370.650
-443826.550,-1172342.580,370.770
-443850.510,-1172399.370,374.720
-443850.620,-1172399.090,374.690
-443850.840,-1172398.510,374.470
-443850.830,-1172391.540,373.840
-443849.820,-1172376.100,374.020
-443850.240,-1172374.440,374.420
-443850.250,-1172371.290,374.230
-443849.750,-1172371.760,374.650
-443835.730,-1172402.630,374.180
-443835.400,-1172385.880,374.330
-443827.140,-1172364.210,371.070
-443702.490,-1172298.330,357.290
-443784.970,-1172419.130,350.020
-443807.970,-1172319.040,351.480
-443826.440,-1172343.160,370.950
-443826.590,-1172347.030,370.880
-443826.800,-1172348.790,370.740
-443826.610,-1172349.840,370.990
-443734.220,-1172430.010,361.620
-443826.920,-1172359.620,371.040
-443827.170,-1172363.680,370.790
-443835.070,-1172380.880,374.370
-443850.500,-1172400.330,374.640
-443850.150,-1172391.300,374.820
-443850.630,-1172375.530,373.660
-443849.920,-1172375.270,374.360
-443850.250,-1172374.410,374.390
-443849.850,-1172371.930,374.570
-443826.190,-1172331.640,370.940
-443777.420,-1172415.590,353.070
-443777.270,-1172415.950,352.970
-443770.680,-1172435.040,350.990
-443777.670,-1172422.920,353.000
-443798.980,-1172401.430,350.910
-443840.030,-1172336.670,354.310
-443840.080,-1172338.270,354.330
-443840.620,-1172359.500,354.410
-443727.100,-1172324.170,352.890
-443760.200,-1172336.260,352.530
-443851.100,-1172406.380,357.990
-443850.750,-1172399.240,374.540
-443850.880,-1172391.600,374.000
-443836.270,-1172411.640,374.700
-443836.080,-1172410.760,374.670
-443850.020,-1172374.400,374.650
-443850.630,-1172371.340,374.040
-443839.880,-1172365.380,371.060
-443840.700,-1172357.830,359.910
-443840.300,-1172356.230,365.500
-443840.520,-1172347.630,368.320
-443840.280,-1172349.670,357.160
-443840.380,-1172344.890,357.120
-443840.370,-1172339.200,365.450
-443840.240,-1172339.550,365.490
-443826.890,-1172351.750,370.990
-443826.910,-1172348.830,370.830
-443826.810,-1172349.110,371.030
-443826.690,-1172350.930,371.080
-443826.580,-1172342.730,371.050
-443826.610,-1172343.890,371.040
-443734.840,-1172436.880,361.710
-443734.300,-1172429.970,361.790
-443826.320,-1172332.980,371.030
-443790.230,-1172315.730,360.130
-443776.200,-1172315.820,360.580
-443739.180,-1172292.430,359.780
-443852.000,-1172426.440,349.570
-443852.010,-1172426.190,351.230
-443777.320,-1172415.740,352.930
-443777.720,-1172424.290,352.890
-443839.750,-1172338.210,354.340
-443795.340,-1172378.840,351.710
-443840.100,-1172338.850,348.560
-443840.280,-1172347.090,354.260
-443840.020,-1172352.880,351.730
-443799.510,-1172400.240,350.480
-443851.040,-1172406.130,357.960
-443850.640,-1172399.800,374.620
-443850.730,-1172399.250,374.640
-443850.830,-1172398.670,374.520
-443851.240,-1172398.310,374.100
-443850.500,-1172395.780,374.570
-443850.650,-1172391.990,373.870
-443850.810,-1172391.520,373.790
-443850.120,-1172387.430,374.670
-443851.550,-1172378.990,373.300
-443849.950,-1172379.470,374.300
-443850.200,-1172374.250,374.300
-443850.520,-1172372.460,373.850
-443850.440,-1172371.190,374.070
-443771.050,-1172433.230,360.640
-443771.040,-1172431.550,360.510
-443770.760,-1172430.040,360.990
-443840.380,-1172364.010,360.070
-443840.620,-1172363.800,359.940
-443840.490,-1172359.640,362.760
-443840.370,-1172357.960,359.950
-443840.400,-1172356.290,365.540
-443840.310,-1172354.600,368.350
-443840.290,-1172354.630,365.560
-443840.250,-1172352.670,357.110
-443840.080,-1172352.820,365.710
-443827.060,-1172363.010,371.030
-443840.160,-1172349.640,357.140
-443827.080,-1172361.890,371.010
-443827.060,-1172360.900,371.040
-443840.220,-1172347.690,362.700
-443839.970,-1172347.920,360.000
-443840.270,-1172347.110,365.450
-443827.010,-1172359.080,370.970
-443826.950,-1172357.880,371.040
-443827.010,-1172356.480,370.870
-443826.930,-1172355.680,370.980
-443827.040,-1172355.090,370.760
-443839.970,-1172342.120,362.710
-443826.900,-1172353.450,370.880
-443839.890,-1172341.720,359.910
-443826.880,-1172350.810,370.840
-443734.430,-1172431.680,361.720
-443826.630,-1172346.870,370.980
-443826.510,-1172345.870,371.070
-443826.570,-1172345.250,370.940
-443826.530,-1172344.300,371.000
-443826.590,-1172343.870,370.970
-443826.460,-1172343.110,371.050
-443826.520,-1172341.780,370.990
-443826.300,-1172335.920,371.040
-443826.290,-1172333.130,370.950
-443826.310,-1172331.720,370.950
-443850.590,-1172389.760,374.570
-443850.220,-1172383.490,374.510
-443835.110,-1172379.920,374.300
-443831.340,-1172343.640,370.830
-443826.570,-1172349.890,370.680
-443734.770,-1172437.540,361.860
-443734.450,-1172433.760,361.850
-443734.350,-1172432.480,361.830
-443826.170,-1172332.330,371.040
-443739.140,-1172292.670,359.600
-443702.470,-1172298.310,357.180
-443844.600,-1172407.560,374.860
-443835.040,-1172402.770,357.260
-443850.180,-1172383.450,374.650
-443850.520,-1172380.770,373.610
-443850.090,-1172379.030,374.410
-443850.450,-1172377.580,373.950
-443834.540,-1172387.890,362.640
-443835.330,-1172386.380,374.450
-443827.190,-1172361.680,370.810
-443734.560,-1172431.880,361.450
-443734.270,-1172429.920,361.710
-443826.830,-1172348.840,370.740
-443826.260,-1172331.320,370.880
