-443839.400,-1172303.390,353.010
-443837.880,-1172302.030,351.960
-443838.230,-1172302.190,352.130
-443832.290,-1172303.010,354.910
-443827.550,-1172312.300,351.340
-443828.160,-1172307.790,355.350
-443827.830,-1172307.670,355.260
-443828.080,-1172303.840,355.110
-443828.320,-1172303.240,354.750
-443828.440,-1172302.920,354.560
-443827.440,-1172304.710,353.100
-443827.630,-1172304.190,355.270
-443827.990,-1172303.280,354.680
-443826.590,-1172305.930,353.890
-443827.080,-1172304.690,353.060
-443827.280,-1172303.200,354.590
-443824.400,-1172307.580,354.990
-443819.320,-1172304.870,353.780
-443816.610,-1172306.970,355.150
-443816.730,-1172306.680,354.850
-443816.970,-1172306.060,354.460
-443805.610,-1172308.390,355.440
-443802.100,-1172307.510,354.470
-443801.400,-1172306.580,353.660
-443801.530,-1172306.260,353.420
-443710.420,-1172290.590,355.160
-443707.670,-1172293.250,355.080
-443738.610,-1172437.880,361.470
-443745.250,-1172437.650,361.480
-443762.140,-1172436.880,361.510
-443763.560,-1172436.840,361.520
-443769.190,-1172436.620,361.750
-443840.900,-1172392.300,374.260
-443829.150,-1172366.940,370.770
-443718.790,-1172291.920,356.550
-443720.040,-1172294.010,357.940
-443720.410,-1172293.120,357.450
-443720.890,-1172291.940,356.650
-443725.610,-1172295.250,356.700
-443727.030,-1172295.290,356.890
-443728.460,-1172294.320,356.040
-443729.480,-1172294.820,356.910
-443730.660,-1172295.080,357.360
-443730.270,-1172294.940,357.120
-443721.220,-1172320.330,358.890
-443722.790,-1172316.460,356.270
-443722.910,-1172316.160,356.040
-443722.240,-1172316.770,356.360
-443721.570,-1172320.150,358.720
-443721.690,-1172319.840,358.560
-443722.520,-1172319.000,358.110
-443722.550,-1172319.720,358.550
-443734.060,-1172291.090,358.840
-443723.340,-1172320.100,358.950
-443735.070,-1172291.580,359.340
-443724.080,-1172320.070,358.980
-443724.930,-1172317.970,357.520
-443735.960,-1172290.500,358.510
-443736.130,-1172290.810,358.750
-443736.250,-1172290.520,358.590
-443725.460,-1172318.760,358.160
-443736.490,-1172291.320,359.360
-443737.460,-1172290.820,359.060
-443737.810,-1172290.670,358.680
-443737.930,-1172290.360,358.610
-443738.730,-1172290.620,358.930
-443740.240,-1172290.700,359.110
-443740.350,-1172290.420,358.850
-443741.690,-1172290.920,359.450
-443741.810,-1172290.610,359.200
-443733.120,-1172314.000,358.070
-443742.560,-1172290.450,359.300
-443736.290,-1172313.570,358.040
-443735.760,-1172318.460,361.440
-443736.720,-1172316.070,359.940
-443738.280,-1172316.200,360.150
-443739.580,-1172312.950,358.160
-443739.930,-1172313.280,358.400
-443740.300,-1172313.020,358.250
-443740.240,-1172314.490,359.300
-443741.280,-1172312.980,358.150
-443739.270,-1172318.800,361.880
-443740.100,-1172316.750,360.640
-443740.350,-1172317.750,361.330
-443740.500,-1172318.610,361.930
-443743.850,-1172312.800,358.160
-443743.830,-1172314.810,359.660
-443746.070,-1172316.150,360.680
-443764.980,-1172313.680,360.480
-443767.700,-1172315.300,361.610
-443772.990,-1172313.990,361.170
-443774.780,-1172309.480,358.500
-443774.010,-1172314.180,361.270
-443775.060,-1172318.900,357.450
-443780.500,-1172308.640,357.520
-443780.630,-1172308.310,357.390
-443782.050,-1172308.490,357.550
-443786.180,-1172309.840,358.670
-443786.900,-1172308.030,357.600
-443785.850,-1172312.030,360.090
-443788.700,-1172307.740,357.440
-443802.960,-1172310.600,356.760
-443805.360,-1172309.020,355.880
-443805.700,-1172310.210,356.760
-443805.820,-1172309.910,356.540
-443805.940,-1172309.620,356.350
-443806.960,-1172308.990,358.180
-443809.300,-1172308.460,358.000
-443809.540,-1172307.850,357.540
-443810.390,-1172305.710,356.110
-443809.710,-1172309.180,358.650
-443810.590,-1172307.790,357.770
-443810.830,-1172308.050,358.030
-443812.140,-1172308.350,358.170
-443812.500,-1172307.440,357.460
-443812.750,-1172307.710,357.760
-443813.010,-1172307.880,357.930
-443814.690,-1172307.290,357.560
-443815.170,-1172306.060,356.720
-443814.160,-1172307.660,357.860
-443814.280,-1172307.350,357.610
-443814.770,-1172306.120,356.670
-443817.620,-1172309.180,356.950
-443817.740,-1172308.860,356.680
-443818.360,-1172307.300,355.560
-443818.260,-1172308.730,356.590
-443819.420,-1172307.510,355.740
-443827.840,-1172304.460,355.570
-443827.720,-1172307.950,355.470
-443830.300,-1172305.230,356.230
-443829.670,-1172304.840,355.960
-443831.540,-1172306.200,357.070
-443832.150,-1172304.660,356.050
-443830.670,-1172305.070,356.080
-443833.890,-1172303.750,355.440
-443836.170,-1172305.480,356.960
-443836.450,-1172305.600,357.080
-443707.130,-1172295.400,357.180
-443707.760,-1172293.860,355.650
-443708.240,-1172295.950,357.930
-443705.360,-1172316.710,357.570
-443713.780,-1172294.690,357.870
-443706.410,-1172319.530,359.920
-443706.200,-1172318.390,358.970
-443706.320,-1172318.090,358.680
-443706.540,-1172320.000,360.320
-443706.660,-1172319.710,360.210
-443708.230,-1172321.500,361.680
-443708.350,-1172321.190,361.460
-443708.470,-1172320.910,361.250
-443709.100,-1172321.100,361.430
-443709.220,-1172320.800,361.200
-443709.350,-1172320.500,360.980
-443706.880,-1172325.850,361.100
-443709.720,-1172320.790,361.300
-443710.110,-1172321.700,362.060
-443710.720,-1172320.200,360.900
-443711.200,-1172320.600,361.220
-443711.320,-1172320.310,361.030
-443711.800,-1172320.030,360.850
-443712.070,-1172321.120,361.590
-443714.840,-1172315.540,357.460
-443713.300,-1172321.240,361.950
-443715.690,-1172317.870,359.280
-443715.840,-1172318.600,359.970
-443715.960,-1172318.320,359.800
-443712.890,-1172326.800,360.650
-443715.880,-1172319.360,360.660
-443840.720,-1172303.340,353.150
-443838.970,-1172301.900,352.080
-443838.280,-1172302.030,352.090
-443836.840,-1172302.250,354.800
-443835.850,-1172303.080,355.160
-443831.930,-1172303.630,355.310
-443827.040,-1172307.780,355.320
-443827.250,-1172306.540,354.490
-443829.560,-1172303.720,355.180
-443825.170,-1172307.440,354.970
-443825.490,-1172306.780,354.470
-443824.480,-1172307.630,355.060
-443827.400,-1172304.660,353.130
-443828.050,-1172303.740,355.020
-443827.570,-1172304.150,355.300
-443828.420,-1172302.950,354.500
-443826.410,-1172304.210,352.730
-443823.140,-1172306.980,354.470
-443818.870,-1172305.690,354.400
-443818.940,-1172305.190,354.040
-443816.990,-1172304.240,353.200
-443815.610,-1172304.420,353.220
-443805.710,-1172308.070,355.220
-443803.990,-1172308.460,355.370
-443802.950,-1172307.130,354.300
-443754.320,-1172329.110,355.090
-443708.390,-1172292.810,354.810
-443739.810,-1172437.790,361.520
-443844.380,-1172414.220,374.820
-443720.750,-1172292.440,357.060
-443727.750,-1172294.150,355.890
-443727.010,-1172295.160,356.950
-443729.960,-1172294.090,356.120
-443730.330,-1172294.110,356.280
-443734.260,-1172291.300,359.130
-443734.020,-1172291.500,359.320
-443736.260,-1172290.470,358.650
-443735.750,-1172290.900,358.940
-443736.370,-1172291.310,359.340
-443735.880,-1172291.720,359.620
-443737.370,-1172290.480,358.760
-443736.920,-1172291.640,359.650
-443738.700,-1172290.410,358.820
-443739.100,-1172291.360,359.640
-443742.540,-1172290.490,359.320
-443742.020,-1172290.920,359.620
-443742.970,-1172290.570,359.610
-443724.910,-1172315.450,355.750
-443724.170,-1172316.070,356.120
-443723.420,-1172316.700,356.540
-443725.640,-1172315.740,356.000
-443724.640,-1172316.580,356.530
-443721.940,-1172318.830,357.960
-443725.070,-1172317.060,356.940
-443722.610,-1172319.120,358.220
-443721.640,-1172319.930,358.730
-443725.920,-1172317.160,357.040
-443725.700,-1172317.350,357.180
-443724.720,-1172318.170,357.680
-443723.510,-1172319.180,358.330
-443722.270,-1172320.210,359.000
-443724.070,-1172319.640,358.730
-443724.080,-1172320.060,359.010
-443732.230,-1172314.500,358.660
-443731.250,-1172315.320,359.130
-443733.350,-1172314.400,358.700
-443731.890,-1172315.620,359.390
-443735.390,-1172313.610,358.190
-443733.660,-1172315.070,359.220
-443732.690,-1172315.870,359.630
-443732.450,-1172316.080,359.740
-443731.460,-1172316.910,360.200
-443732.500,-1172316.460,359.960
-443736.850,-1172314.120,358.770
-443734.780,-1172316.750,360.350
-443739.390,-1172313.240,358.380
-443736.750,-1172316.090,360.020
-443740.010,-1172313.760,358.770
-443740.180,-1172316.700,360.670
-443743.780,-1172314.750,359.670
-443740.380,-1172317.610,361.380
-443743.220,-1172316.100,360.510
-443740.060,-1172318.760,362.060
-443744.190,-1172315.290,360.010
-443771.120,-1172293.760,359.140
-443774.300,-1172293.370,359.070
-443770.670,-1172309.560,358.200
-443774.320,-1172309.020,358.100
-443774.760,-1172309.510,358.500
-443774.660,-1172310.520,359.130
-443774.430,-1172310.710,359.240
-443770.550,-1172315.030,361.650
-443771.950,-1172314.830,361.660
-443779.080,-1172309.760,358.220
-443773.910,-1172314.130,361.330
-443780.060,-1172313.170,360.480
-443787.060,-1172307.860,357.550
-443788.510,-1172307.680,357.560
-443786.070,-1172309.740,358.660
-443785.820,-1172309.950,358.800
-443785.070,-1172310.590,359.250
-443792.050,-1172308.520,358.250
-443791.030,-1172309.380,358.710
-443786.860,-1172312.910,360.740
-443791.730,-1172309.510,358.880
-443788.990,-1172311.820,360.340
-443794.040,-1172307.960,358.120
-443789.000,-1172312.700,360.860
-443789.040,-1172313.040,361.050
-443788.800,-1172313.240,361.160
-443796.590,-1172309.750,359.350
-443795.980,-1172310.830,359.960
-443794.740,-1172312.360,360.880
-443802.730,-1172309.520,356.080
-443801.980,-1172310.150,356.490
-443805.470,-1172308.730,355.700
-443805.220,-1172308.940,355.830
-443802.740,-1172311.050,357.260
-443806.670,-1172307.260,356.950
-443805.240,-1172308.470,355.490
-443804.420,-1172310.970,357.350
-443808.050,-1172308.420,357.970
-443807.070,-1172309.260,358.510
-443805.420,-1172310.650,357.160
-443809.780,-1172307.500,357.400
-443809.540,-1172307.700,357.570
-443810.240,-1172308.530,358.280
-443809.980,-1172308.750,358.370
-443809.750,-1172308.950,358.500
-443810.260,-1172308.060,357.880
-443810.410,-1172309.220,358.880
-443810.760,-1172308.540,358.480
-443814.950,-1172305.970,356.660
-443814.690,-1172306.190,356.770
-443812.710,-1172307.870,357.900
-443814.700,-1172307.320,357.680
-443814.460,-1172307.530,357.820
-443820.050,-1172307.260,355.770
-443827.860,-1172304.760,355.810
-443827.550,-1172304.520,355.600
-443831.680,-1172303.840,355.460
-443830.890,-1172304.010,355.520
-443829.670,-1172305.040,356.130
-443829.180,-1172304.900,356.030
-443830.390,-1172306.380,357.150
-443832.300,-1172304.190,355.890
-443832.080,-1172303.940,355.600
-443831.590,-1172304.360,355.860
-443831.890,-1172306.070,357.090
-443831.640,-1172306.280,357.230
-443832.400,-1172305.220,356.570
-443832.400,-1172304.670,356.270
-443832.310,-1172306.090,357.140
-443708.430,-1172293.830,355.830
-443707.190,-1172295.300,357.210
-443707.830,-1172295.680,357.650
-443708.110,-1172295.800,357.800
-443713.030,-1172293.130,356.910
-443708.750,-1172296.210,358.290
-443712.660,-1172294.680,357.830
-443712.440,-1172294.860,357.920
-443717.640,-1172292.290,356.800
-443706.270,-1172318.290,359.010
-443706.030,-1172318.490,359.100
-443706.440,-1172319.600,360.040
-443705.700,-1172320.220,360.410
-443706.650,-1172320.870,361.170
-443706.410,-1172321.070,361.310
-443708.460,-1172320.460,360.960
-443708.910,-1172320.940,361.380
-443708.210,-1172321.530,361.810
-443714.830,-1172315.670,357.530
-443707.750,-1172321.580,361.830
-443709.650,-1172321.370,361.820
-443710.650,-1172320.090,360.870
-443709.430,-1172321.110,361.580
-443708.930,-1172321.530,361.870
-443711.580,-1172320.270,361.100
-443715.830,-1172318.060,359.610
-443712.390,-1172320.930,361.700
-443716.090,-1172317.400,359.280
-443712.870,-1172320.090,361.050
-443712.650,-1172320.280,361.180
-443711.670,-1172321.090,361.770
-443719.010,-1172315.890,357.740
-443716.120,-1172318.300,359.990
-443715.860,-1172318.520,360.020
-443715.010,-1172320.230,361.330
-443714.530,-1172320.630,361.640
-443716.140,-1172318.670,360.320
-443713.490,-1172320.890,361.740
-443716.070,-1172319.810,361.090
-443715.810,-1172320.020,361.210
-443716.270,-1172320.330,361.710
-443715.040,-1172321.100,362.050
-443712.960,-1172326.630,360.700
-443840.780,-1172303.380,353.100
-443839.240,-1172304.260,353.640
-443837.870,-1172302.110,351.870
-443837.390,-1172302.130,351.840
-443833.580,-1172302.810,354.740
-443832.350,-1172303.610,355.260
-443827.930,-1172307.690,355.210
-443828.960,-1172302.900,354.390
-443826.950,-1172306.720,354.470
-443826.950,-1172305.250,353.410
-443826.620,-1172306.100,353.970
-443826.180,-1172304.560,352.820
-443825.110,-1172307.280,354.730
-443825.950,-1172303.850,352.300
-443824.460,-1172307.620,354.980
-443825.170,-1172304.520,352.730
-443823.800,-1172304.640,352.730
-443823.590,-1172305.170,353.120
-443819.100,-1172306.980,355.290
-443818.090,-1172305.650,354.200
-443817.570,-1172306.970,355.180
-443816.750,-1172305.200,353.730
-443799.030,-1172324.320,351.160
-443804.190,-1172307.280,354.430
-443722.300,-1172315.200,355.300
-443710.450,-1172290.480,354.940
-443706.060,-1172292.250,354.220
-443749.680,-1172437.520,361.570
-443748.110,-1172437.570,361.680
-443746.190,-1172437.550,361.440
-443830.240,-1172306.310,356.960
-443831.650,-1172303.980,355.500
-443832.230,-1172303.910,355.410
-443832.420,-1172304.670,356.020
-443831.900,-1172306.000,356.920
-443831.790,-1172306.280,357.120
-443827.900,-1172304.350,355.430
-443826.660,-1172308.730,355.920
-443828.660,-1172305.850,356.600
-443829.650,-1172304.880,355.880
-443829.230,-1172305.960,356.680
-443818.560,-1172308.330,356.280
-443817.350,-1172307.520,355.550
-443814.950,-1172305.940,356.570
-443814.840,-1172306.240,356.760
-443811.960,-1172308.490,358.270
-443812.790,-1172307.820,357.780
-443812.370,-1172306.440,356.660
-443810.560,-1172306.050,356.440
-443810.040,-1172308.460,358.020
-443809.590,-1172306.040,355.950
-443810.350,-1172305.390,355.730
-443807.160,-1172309.130,358.410
-443808.710,-1172306.990,356.720
-443808.080,-1172308.580,357.950
-443807.760,-1172309.370,358.600
-443805.340,-1172308.800,355.650
-443794.660,-1172312.330,360.750
-443792.710,-1172309.660,358.960
-443788.600,-1172313.260,360.980
-443785.060,-1172310.170,358.850
-443782.380,-1172313.220,360.500
-443780.590,-1172308.510,357.300
-443773.900,-1172314.200,361.210
-443774.940,-1172309.440,358.350
-443772.870,-1172314.480,361.390
-443773.810,-1172309.420,358.260
-443772.560,-1172312.460,360.090
-443773.740,-1172310.600,359.000
-443770.540,-1172309.580,358.090
-443744.240,-1172315.280,359.920
-443740.330,-1172317.870,361.300
-443739.470,-1172318.350,361.560
-443739.350,-1172318.640,361.730
-443737.670,-1172316.740,360.400
-443734.850,-1172316.790,360.220
-443736.240,-1172313.420,358.180
-443736.010,-1172313.970,358.530
-443733.820,-1172317.460,360.590
-443733.700,-1172317.750,360.750
-443733.340,-1172317.010,360.240
-443733.010,-1172317.820,360.770
-443733.220,-1172317.150,360.360
-443732.650,-1172318.540,361.200
-443732.210,-1172318.860,361.370
-443733.120,-1172314.600,358.690
-443731.880,-1172315.670,359.290
-443731.760,-1172315.970,359.430
-443731.200,-1172317.340,360.320
-443742.310,-1172290.430,359.050
-443732.440,-1172314.310,358.430
-443741.940,-1172290.750,359.330
-443730.510,-1172317.050,360.060
-443741.390,-1172291.010,359.440
-443740.010,-1172290.950,359.190
-443739.300,-1172291.180,359.420
-443738.540,-1172291.240,359.340
-443738.440,-1172291.500,359.570
-443738.300,-1172290.600,358.740
-443738.080,-1172290.480,358.730
-443737.970,-1172290.760,358.950
-443725.710,-1172317.470,357.110
-443725.490,-1172318.010,357.480
-443725.270,-1172318.550,357.870
-443724.940,-1172319.370,358.420
-443724.570,-1172318.340,357.630
-443724.240,-1172319.150,358.220
-443736.460,-1172290.600,358.640
-443735.380,-1172291.510,359.310
-443725.470,-1172315.550,355.750
-443735.810,-1172291.010,358.870
-443725.800,-1172315.320,355.560
-443725.700,-1172315.570,355.740
-443725.020,-1172317.240,356.890
-443724.840,-1172316.120,356.040
-443724.620,-1172316.650,356.450
-443724.170,-1172317.760,357.140
-443723.620,-1172319.110,358.120
-443723.500,-1172319.390,358.320
-443723.080,-1172318.050,357.320
-443722.650,-1172319.110,358.070
-443722.530,-1172319.380,358.290
-443733.880,-1172291.780,359.340
-443723.750,-1172316.400,356.200
-443721.410,-1172320.160,358.720
-443730.460,-1172295.350,357.470
-443729.190,-1172294.720,356.600
-443727.840,-1172295.280,356.890
-443727.650,-1172295.750,357.460
-443725.310,-1172295.490,356.780
-443724.690,-1172296.100,357.470
-443720.120,-1172294.030,357.900
-443720.290,-1172290.660,355.750
-443719.960,-1172316.310,357.940
-443715.970,-1172320.520,361.540
-443716.380,-1172320.890,361.840
-443717.520,-1172316.700,358.010
-443714.600,-1172320.800,361.650
-443715.880,-1172318.550,359.820
-443715.780,-1172318.810,360.060
-443715.360,-1172319.850,360.880
-443715.590,-1172317.010,358.550
-443713.170,-1172321.370,361.930
-443712.230,-1172321.430,361.890
-443714.370,-1172316.150,357.540
-443712.780,-1172320.090,360.870
-443712.670,-1172320.360,361.100
-443712.560,-1172320.630,361.300
-443712.350,-1172321.150,361.730
-443711.300,-1172320.280,360.890
-443711.080,-1172320.810,361.330
-443709.100,-1172325.630,360.670
-443710.080,-1172321.370,361.730
-443712.270,-1172316.590,357.670
-443710.610,-1172316.630,357.870
-443709.200,-1172320.790,361.150
-443708.870,-1172321.610,361.780
-443708.490,-1172320.430,360.840
-443708.490,-1172320.790,361.090
-443708.390,-1172321.040,361.310
-443708.180,-1172321.560,361.730
-443708.070,-1172321.830,361.910
-443707.240,-1172320.940,361.080
-443707.130,-1172321.210,361.300
-443706.830,-1172321.960,361.930
-443707.890,-1172321.090,361.260
-443707.680,-1172321.620,361.690
-443707.580,-1172321.870,361.900
-443706.550,-1172320.870,360.940
-443706.450,-1172321.120,361.200
-443706.340,-1172321.390,361.420
-443706.440,-1172319.090,359.520
-443706.330,-1172319.370,359.740
-443706.470,-1172319.430,359.770
-443706.360,-1172319.710,359.950
-443706.250,-1172318.560,358.990
-443714.780,-1172292.240,356.320
-443713.100,-1172293.090,356.780
-443708.790,-1172296.340,358.150
-443710.590,-1172292.580,356.240
-443707.140,-1172295.660,357.330
-443753.050,-1172422.880,347.590
-443738.560,-1172397.860,347.840
-443841.390,-1172302.690,352.690
-443839.200,-1172303.980,353.460
-443839.410,-1172303.330,353.050
-443835.520,-1172303.330,355.300
-443833.810,-1172303.610,355.400
-443831.920,-1172303.690,355.320
-443826.440,-1172306.280,354.110
-443826.700,-1172306.040,354.000
-443824.620,-1172307.580,354.920
-443825.320,-1172306.950,354.520
-443825.780,-1172305.780,353.720
-443828.040,-1172303.730,355.020
-443828.730,-1172303.100,354.600
-443823.870,-1172306.700,354.300
-443826.130,-1172304.630,352.940
-443824.400,-1172305.270,353.260
-443825.100,-1172304.630,352.870
-443825.800,-1172304.000,352.450
-443826.010,-1172303.800,352.320
-443823.710,-1172304.790,352.880
-443819.250,-1172306.740,355.190
-443817.930,-1172306.070,354.560
-443817.740,-1172304.960,353.690
-443815.300,-1172304.520,353.200
-443803.940,-1172308.530,355.370
-443804.140,-1172307.460,354.570
-443802.940,-1172307.340,354.390
-443730.070,-1172293.610,355.490
-443707.620,-1172293.430,355.200
-443710.430,-1172290.380,354.990
-443706.210,-1172292.030,354.070
-443770.280,-1172436.630,361.770
-443836.420,-1172305.570,357.060
-443832.200,-1172305.070,356.320
-443831.640,-1172306.210,357.080
-443831.870,-1172306.010,356.960
-443832.570,-1172305.370,356.660
-443833.930,-1172304.140,355.780
-443830.570,-1172304.920,356.130
-443831.680,-1172303.910,355.440
-443831.630,-1172304.480,355.820
-443832.110,-1172304.040,355.570
-443830.280,-1172306.270,357.010
-443832.130,-1172304.580,355.980
-443817.270,-1172309.510,357.180
-443817.500,-1172309.310,357.010
-443818.630,-1172308.270,356.280
-443817.300,-1172307.620,355.690
-443814.690,-1172307.420,357.700
-443814.830,-1172305.920,356.570
-443812.800,-1172308.740,358.530
-443814.160,-1172307.510,357.670
-443809.650,-1172307.970,357.700
-443810.370,-1172307.840,357.690
-443810.630,-1172307.610,357.650
-443809.620,-1172309.100,358.570
-443810.070,-1172308.690,358.260
-443810.280,-1172308.500,358.130
-443810.790,-1172308.030,358.000
-443810.180,-1172306.380,356.540
-443810.660,-1172306.600,356.920
-443806.120,-1172311.190,357.640
-443809.930,-1172306.010,356.250
-443810.140,-1172305.810,356.090
-443810.390,-1172305.580,356.020
-443805.490,-1172310.650,357.090
-443806.950,-1172309.320,358.480
-443807.180,-1172309.110,358.330
-443806.750,-1172308.360,357.700
-443806.960,-1172307.240,356.870
-443803.100,-1172311.240,357.360
-443802.880,-1172310.600,356.850
-443803.120,-1172310.380,356.690
-443796.490,-1172309.780,359.310
-443789.010,-1172312.880,360.870
-443789.050,-1172312.030,360.320
-443786.860,-1172313.100,360.800
-443787.090,-1172312.880,360.670
-443787.990,-1172311.060,359.600
-443786.180,-1172309.960,358.840
-443788.530,-1172307.820,357.610
-443785.230,-1172307.960,357.460
-443779.980,-1172313.130,360.350
-443783.450,-1172308.040,357.280
-443780.670,-1172308.700,357.560
-443773.870,-1172314.250,361.330
-443774.590,-1172313.590,360.980
-443774.460,-1172310.780,359.230
-443769.200,-1172314.740,361.300
-443773.820,-1172309.440,358.310
-443769.370,-1172312.940,360.180
-443773.070,-1172309.320,358.190
-443770.710,-1172309.580,358.210
-443766.630,-1172309.970,358.130
-443773.090,-1172293.500,358.960
-443745.970,-1172316.060,360.610
-443747.210,-1172313.930,359.360
-443740.030,-1172318.830,362.000
-443745.190,-1172314.110,359.300
-443767.010,-1172294.110,358.870
-443739.220,-1172318.680,361.780
-443740.180,-1172317.800,361.250
-443740.420,-1172317.580,361.140
-443745.070,-1172312.720,358.430
-443740.220,-1172316.640,360.540
-443737.960,-1172315.140,359.450
-443740.280,-1172313.010,358.230
-443739.420,-1172313.050,358.190
-443738.340,-1172313.220,358.270
-443731.470,-1172318.680,361.240
-443731.680,-1172318.490,361.110
-443733.360,-1172316.950,360.250
-443736.380,-1172313.640,358.370
-443731.000,-1172317.980,360.790
-443732.380,-1172316.710,360.040
-443734.040,-1172315.190,359.190
-443735.230,-1172314.100,358.580
-443732.450,-1172316.210,359.730
-443730.600,-1172317.080,360.160
-443731.750,-1172316.010,359.520
-443732.960,-1172314.910,358.930
-443733.180,-1172314.700,358.790
-443733.420,-1172314.480,358.640
-443732.370,-1172314.460,358.580
-443724.950,-1172319.390,358.480
-443724.490,-1172318.980,358.150
-443725.440,-1172318.120,357.640
-443725.660,-1172317.910,357.480
-443723.360,-1172319.560,358.520
-443725.700,-1172317.400,357.170
-443725.950,-1172317.180,357.040
-443722.030,-1172320.440,359.060
-443722.280,-1172320.220,358.920
-443723.670,-1172318.930,358.080
-443722.550,-1172319.530,358.400
-443725.120,-1172317.160,356.890
-443726.050,-1172316.310,356.330
-443721.560,-1172319.940,358.580
-443721.820,-1172319.700,358.470
-443723.910,-1172316.220,356.120
-443722.430,-1172316.580,356.290
-443722.890,-1172316.150,356.020
-443742.150,-1172291.040,359.670
-443742.610,-1172290.610,359.350
-443742.040,-1172290.740,359.370
-443740.000,-1172290.800,359.180
-443740.460,-1172290.370,358.900
-443739.330,-1172291.000,359.300
-443738.260,-1172290.650,358.930
-443737.380,-1172290.610,358.750
-443738.160,-1172290.430,358.710
-443735.070,-1172291.630,359.390
-443735.760,-1172291.000,358.940
-443735.960,-1172290.810,358.790
-443735.470,-1172290.910,358.830
-443730.250,-1172294.910,356.950
-443730.200,-1172294.410,356.380
-443726.760,-1172295.120,356.710
-443724.700,-1172296.030,357.510
-443720.080,-1172292.370,356.930
-443719.850,-1172292.030,356.660
-443720.640,-1172290.840,355.980
-443714.980,-1172326.490,360.610
-443714.980,-1172321.110,361.980
-443713.410,-1172321.180,361.920
-443715.090,-1172320.150,361.200
-443712.080,-1172320.550,361.250
-443712.400,-1172320.830,361.510
-443712.620,-1172320.620,361.370
-443712.860,-1172320.400,361.190
-443706.080,-1172326.080,360.600
-443710.050,-1172321.600,361.920
-443710.750,-1172320.960,361.580
-443714.820,-1172315.830,357.560
-443708.820,-1172321.760,362.000
-443709.490,-1172321.140,361.530
-443710.180,-1172320.500,361.080
-443710.660,-1172320.070,360.790
-443708.400,-1172321.190,361.450
-443706.570,-1172319.560,359.950
-443706.710,-1172319.740,360.150
-443706.790,-1172320.200,360.510
-443718.020,-1172292.800,356.980
-443717.720,-1172290.710,355.710
-443708.280,-1172295.850,357.830
-443706.840,-1172296.590,358.350
-443707.570,-1172295.420,357.280
-443708.230,-1172294.820,356.760
-443707.910,-1172294.060,355.870
-443832.370,-1172303.720,355.320
-443827.760,-1172306.540,354.380
-443827.040,-1172307.750,355.370
-443828.000,-1172303.830,355.140
-443827.860,-1172304.190,355.190
-443827.610,-1172304.830,353.230
-443827.670,-1172304.670,352.830
-443826.910,-1172306.700,354.330
-443827.680,-1172303.840,352.480
-443819.060,-1172306.720,355.130
-443748.630,-1172437.450,361.820
-443743.270,-1172437.850,361.760
-443832.300,-1172304.760,356.180
-443831.760,-1172306.190,357.120
-443832.660,-1172305.520,356.920
-443832.530,-1172305.890,357.010
-443819.150,-1172308.940,356.640
-443814.890,-1172306.120,356.760
-443810.220,-1172307.270,356.890
-443740.380,-1172317.490,361.070
-443740.550,-1172316.210,360.470
-443738.430,-1172318.770,361.800
-443740.310,-1172313.060,358.460
-443736.300,-1172317.080,360.660
-443736.150,-1172317.490,360.860
-443735.580,-1172318.460,361.430
-443734.810,-1172316.700,360.240
-443734.630,-1172313.730,358.540
-443733.460,-1172314.350,358.830
-443736.220,-1172290.440,358.470
-443733.790,-1172291.760,359.520
-443729.570,-1172294.100,356.320
-443716.310,-1172320.340,361.670
-443713.760,-1172320.270,361.070
-443713.590,-1172320.740,361.520
-443713.420,-1172321.210,361.880
-443712.500,-1172320.520,361.510
-443712.340,-1172320.950,361.790
-443710.010,-1172321.720,362.200
-443707.810,-1172321.450,361.790
-443706.440,-1172319.330,359.810
-443839.420,-1172305.610,354.690
-443841.280,-1172302.780,352.790
-443839.390,-1172303.230,352.910
-443838.630,-1172303.330,352.950
-443835.880,-1172303.200,355.300
-443836.960,-1172302.310,354.750
-443827.730,-1172306.610,354.500
-443830.910,-1172303.970,355.490
-443828.580,-1172303.830,355.190
-443825.840,-1172305.620,353.600
-443827.610,-1172304.150,355.260
-443827.420,-1172303.290,354.630
-443819.100,-1172306.720,355.190
-443818.720,-1172305.950,354.540
-443816.860,-1172306.820,355.090
-443816.970,-1172306.040,354.520
-443817.000,-1172305.470,354.110
-443817.710,-1172304.880,353.690
-443805.730,-1172307.870,355.020
-443805.330,-1172307.540,354.800
-443801.420,-1172306.510,353.660
-443753.390,-1172437.160,361.560
-443838.780,-1172366.590,370.840
-443744.530,-1172437.860,361.570
-443737.040,-1172438.200,361.610
-443831.730,-1172306.200,357.100
-443832.180,-1172304.160,355.750
-443818.070,-1172307.570,355.740
-443819.500,-1172307.550,355.820
-443814.710,-1172307.370,357.730
-443809.270,-1172308.480,358.080
-443809.010,-1172309.320,358.650
-443810.050,-1172308.450,358.080
-443805.320,-1172310.790,357.230
-443810.650,-1172306.770,357.080
-443806.030,-1172309.780,356.490
-443807.210,-1172308.790,358.100
-443810.600,-1172305.980,356.430
-443805.240,-1172308.820,355.700
-443788.720,-1172313.080,360.930
-443786.760,-1172313.140,360.910
-443787.060,-1172312.890,360.790
-443782.470,-1172313.000,360.520
-443786.090,-1172309.970,358.870
-443787.090,-1172307.850,357.590
-443784.930,-1172310.180,358.940
-443780.080,-1172313.160,360.420
-443780.480,-1172308.340,357.360
-443772.740,-1172314.390,361.400
-443773.910,-1172309.290,358.340
-443765.500,-1172315.710,361.830
-443745.820,-1172316.300,360.830
-443740.010,-1172318.850,362.040
-443743.250,-1172316.100,360.490
-443743.710,-1172312.730,358.390
-443740.220,-1172314.530,359.310
-443741.320,-1172312.930,358.370
-443733.180,-1172317.180,360.490
-443731.870,-1172315.650,359.330
-443725.490,-1172318.170,357.760
-443724.200,-1172319.270,358.450
-443725.580,-1172317.490,357.240
-443724.160,-1172317.500,357.080
-443722.820,-1172318.640,357.840
-443725.730,-1172315.440,355.810
-443742.130,-1172290.590,359.350
-443738.610,-1172291.180,359.460
-443737.860,-1172291.320,359.410
-443737.820,-1172290.610,358.910
-443736.290,-1172291.390,359.350
-443737.300,-1172290.530,358.750
-443730.330,-1172294.860,357.080
-443719.140,-1172291.170,356.170
-443714.010,-1172320.100,361.120
-443716.000,-1172318.390,359.920
-443713.300,-1172321.290,362.020
-443715.650,-1172319.280,360.580
-443712.620,-1172320.250,361.130
-443712.930,-1172319.980,360.940
-443715.720,-1172318.040,359.610
-443716.040,-1172317.770,359.460
-443715.530,-1172317.140,358.820
-443707.630,-1172321.450,361.710
-443706.720,-1172320.460,360.790
-443706.380,-1172321.270,361.430
-443706.510,-1172319.990,360.360
-443706.100,-1172317.890,358.600
-443713.270,-1172292.460,356.580
-443708.750,-1172295.280,357.350
