-443817.580,-1172314.200,354.540
-443804.570,-1172317.130,353.450
-443743.690,-1172297.250,354.910
-443774.010,-1172321.590,355.350
-443702.970,-1172300.190,354.850
-443722.310,-1172297.020,357.230
-443724.600,-1172296.880,357.260
-443727.250,-1172297.330,356.530
-443722.870,-1172321.280,358.680
-443736.610,-1172292.930,359.070
-443742.760,-1172295.400,356.470
-443735.000,-1172321.630,360.690
-443769.820,-1172315.890,361.360
-443769.790,-1172317.790,359.550
-443769.820,-1172318.840,358.660
-443769.930,-1172318.540,358.880
-443770.040,-1172318.260,359.050
-443770.040,-1172320.500,356.850
-443770.210,-1172321.100,356.520
-443771.360,-1172318.160,359.090
-443775.880,-1172316.800,359.840
-443775.510,-1172318.320,358.600
-443776.210,-1172320.290,356.670
-443812.320,-1172310.570,357.660
-443833.360,-1172308.910,355.740
-443837.360,-1172307.590,356.330
-443835.710,-1172314.080,347.720
-443833.570,-1172311.210,354.040
-443833.270,-1172310.210,354.830
-443811.980,-1172315.190,354.130
-443805.800,-1172315.300,354.590
-443702.940,-1172300.100,355.060
-443839.540,-1172370.730,374.400
-443725.010,-1172296.820,357.190
-443730.030,-1172297.380,356.140
-443734.940,-1172296.830,355.990
-443721.360,-1172324.440,356.600
-443727.270,-1172324.440,356.090
-443745.570,-1172318.120,360.230
-443769.570,-1172315.850,361.530
-443769.710,-1172318.560,358.910
-443771.390,-1172318.030,359.140
-443771.430,-1172317.510,359.660
-443770.210,-1172318.540,358.840
-443769.950,-1172318.760,358.670
-443771.050,-1172318.680,358.510
-443770.220,-1172320.040,357.450
-443770.360,-1172320.980,356.580
-443774.090,-1172317.260,359.670
-443770.150,-1172320.590,356.950
-443775.870,-1172316.710,360.060
-443775.650,-1172316.900,359.900
-443807.960,-1172312.480,356.630
-443813.190,-1172310.070,358.220
-443833.170,-1172307.780,356.610
-443834.730,-1172308.420,355.990
-443837.520,-1172307.420,356.480
-443709.210,-1172297.940,357.340
-443707.510,-1172299.770,355.640
-443812.100,-1172315.650,353.940
-443812.010,-1172314.710,354.610
-443805.820,-1172315.370,354.500
-443813.280,-1172310.130,358.130
-443811.510,-1172313.420,355.830
-443735.050,-1172321.920,360.860
-443833.230,-1172309.680,355.270
-443820.930,-1172315.320,353.390
-443806.020,-1172315.300,354.590
-443834.470,-1172308.560,355.910
-443833.570,-1172308.640,355.940
-443812.360,-1172310.710,357.630
-443807.230,-1172311.270,357.610
-443804.810,-1172312.380,356.870
-443785.190,-1172314.140,361.090
-443776.440,-1172319.870,356.820
-443774.120,-1172321.590,355.630
-443776.020,-1172318.690,358.150
-443776.090,-1172317.060,359.600
-443775.860,-1172317.810,359.000
-443776.170,-1172317.530,359.090
-443776.050,-1172316.720,359.840
-443775.730,-1172316.630,360.110
-443775.900,-1172316.210,360.550
-443770.170,-1172320.550,356.980
-443771.450,-1172318.260,358.920
-443770.010,-1172318.790,358.610
-443770.360,-1172318.470,358.840
-443769.670,-1172318.740,358.910
-443769.970,-1172318.470,358.970
-443769.920,-1172317.330,360.030
-443770.080,-1172316.260,361.010
-443769.710,-1172316.000,361.330
-443743.490,-1172321.540,357.990
-443741.720,-1172320.950,358.710
-443721.550,-1172324.410,356.580
-443722.450,-1172297.030,357.280
-443709.470,-1172297.920,357.210
-443703.000,-1172299.140,356.020
-443757.350,-1172436.150,348.280
-443762.200,-1172435.690,347.720
-443791.460,-1172423.830,347.850
-443833.450,-1172310.060,355.090
-443805.960,-1172315.190,354.500
-443806.930,-1172316.030,353.900
-443811.570,-1172314.370,355.070
-443725.980,-1172298.800,355.240
-443759.220,-1172322.010,350.790
-443720.540,-1172342.750,352.460
-443720.740,-1172342.910,352.430
-443834.720,-1172421.650,374.250
-443834.740,-1172421.620,374.150
-443849.500,-1172379.600,373.790
-443844.000,-1172385.970,374.320
-443839.220,-1172370.730,374.520
-443837.430,-1172370.960,374.350
-443828.700,-1172309.240,355.900
-443817.910,-1172312.240,355.950
-443816.240,-1172311.320,356.830
-443813.380,-1172310.160,357.980
-443776.290,-1172320.210,356.660
-443775.850,-1172317.820,358.990
-443776.120,-1172316.310,360.300
-443776.020,-1172316.590,360.170
-443775.920,-1172316.840,359.910
-443771.590,-1172318.030,359.090
-443772.230,-1172315.760,361.250
-443770.860,-1172319.450,357.860
-443769.850,-1172317.350,359.970
-443770.290,-1172316.940,360.330
-443769.770,-1172316.000,361.370
-443742.670,-1172294.240,357.370
-443736.800,-1172292.980,359.010
-443724.310,-1172322.230,357.780
-443727.230,-1172297.260,356.470
-443724.660,-1172296.770,357.310
-443722.280,-1172298.280,356.160
-443721.510,-1172291.390,355.720
-443721.350,-1172324.410,356.470
-443696.900,-1172346.460,352.620
-443697.090,-1172346.290,352.990
-443833.720,-1172312.900,352.810
-443833.680,-1172311.810,353.580
-443833.600,-1172310.410,354.660
-443833.350,-1172310.140,354.860
-443829.270,-1172312.100,353.740
-443820.800,-1172314.650,353.880
-443811.780,-1172315.570,354.070
-443803.530,-1172317.200,353.430
-443805.730,-1172315.370,354.600
-443726.020,-1172298.580,355.450
-443735.470,-1172298.370,354.740
-443748.230,-1172325.060,351.570
-443720.620,-1172342.800,352.420
-443719.720,-1172342.900,352.720
-443844.400,-1172432.330,360.700
-443839.460,-1172370.740,374.390
-443816.170,-1172311.330,356.820
-443807.890,-1172312.520,356.630
-443776.240,-1172320.240,356.670
-443775.930,-1172316.640,360.170
-443775.960,-1172317.170,359.610
-443775.700,-1172316.260,360.470
-443770.820,-1172320.930,356.560
-443771.400,-1172318.130,359.180
-443770.100,-1172318.600,358.810
-443772.170,-1172315.760,361.270
-443769.690,-1172316.010,361.380
-443769.810,-1172316.330,361.020
-443745.220,-1172320.380,358.710
-443735.300,-1172321.730,360.670
-443721.570,-1172324.430,356.570
-443742.520,-1172294.010,357.640
-443736.450,-1172293.040,359.180
-443735.210,-1172292.860,359.310
-443730.010,-1172296.210,357.320
-443722.730,-1172298.420,355.980
-443706.240,-1172323.420,361.580
-443705.350,-1172299.330,356.300
