-443745.030,-1172422.710,347.480
-443746.950,-1172423.190,347.560
-443747.770,-1172422.950,347.580
-443750.460,-1172422.680,347.530
-443752.540,-1172422.730,347.560
-443800.330,-1172323.990,351.360
-443754.600,-1172328.780,354.680
-443745.660,-1172437.740,361.510
-443843.810,-1172384.900,374.690
-443830.450,-1172418.220,359.770
-443830.050,-1172418.470,368.280
-443840.810,-1172377.080,374.670
-443836.660,-1172366.700,370.940
-443725.370,-1172295.840,357.420
-443738.620,-1172292.150,360.370
-443766.030,-1172315.710,361.880
-443815.440,-1172433.320,347.420
-443718.090,-1172329.010,353.030
-443830.480,-1172366.910,370.950
-443831.810,-1172366.800,370.820
-443836.640,-1172366.760,370.960
-443758.590,-1172437.300,361.870
-443846.460,-1172427.650,374.800
-443830.380,-1172418.260,359.800
-443712.130,-1172331.330,361.390
-443815.290,-1172433.630,347.540
-443830.160,-1172418.370,348.560
-443735.640,-1172423.370,354.330
-443738.690,-1172423.460,350.860
-443737.860,-1172423.700,354.520
-443739.230,-1172423.630,354.510
-443741.790,-1172423.340,354.450
-443744.060,-1172423.000,350.740
-443747.900,-1172422.980,347.520
-443750.260,-1172423.040,354.450
-443752.210,-1172422.700,353.940
-443762.540,-1172422.410,348.920
-443764.800,-1172421.930,347.400
-443765.090,-1172422.510,351.000
-443767.790,-1172422.030,347.480
-443767.660,-1172422.340,347.650
-443773.740,-1172411.160,353.160
-443806.560,-1172305.770,353.600
-443837.820,-1172418.010,376.970
-443844.830,-1172370.670,363.390
-443841.660,-1172370.450,373.940
-443758.640,-1172437.320,361.820
-443757.120,-1172437.260,361.780
-443833.050,-1172330.360,370.220
-443829.060,-1172330.520,370.160
-443741.910,-1172313.420,355.690
-443738.640,-1172292.140,360.100
-443729.960,-1172294.690,356.630
-443727.050,-1172294.760,356.270
-443708.940,-1172325.740,360.750
-443707.310,-1172316.940,357.840
-443710.920,-1172292.920,356.470
-443815.360,-1172433.510,347.440
-443815.570,-1172433.320,347.260
-443735.230,-1172423.410,353.960
-443736.400,-1172423.360,354.280
-443737.170,-1172423.230,347.850
-443737.800,-1172423.360,354.400
-443737.910,-1172423.260,350.580
-443737.850,-1172423.690,354.510
-443741.350,-1172423.220,354.390
-443742.010,-1172423.390,350.910
-443744.060,-1172422.970,350.630
-443745.130,-1172423.370,348.230
-443746.980,-1172423.010,347.510
-443750.490,-1172422.940,347.590
-443752.590,-1172422.790,347.560
-443756.320,-1172422.850,347.700
-443771.830,-1172411.260,353.180
-443765.990,-1172422.100,354.380
-443765.920,-1172422.170,347.590
-443767.730,-1172422.230,354.460
-443768.000,-1172421.980,354.390
-443767.660,-1172422.300,347.640
-443768.560,-1172421.930,354.230
-443812.700,-1172375.380,347.750
-443743.390,-1172397.540,347.840
-443837.130,-1172302.360,352.180
-443756.540,-1172328.950,353.750
-443754.620,-1172328.890,354.780
-443748.550,-1172324.800,355.420
-443720.330,-1172328.930,352.130
-443829.980,-1172418.490,368.300
-443844.710,-1172370.760,363.330
-443760.360,-1172437.150,361.800
-443760.100,-1172437.020,361.690
-443755.360,-1172437.220,361.630
-443830.940,-1172366.940,370.930
-443753.350,-1172437.330,361.690
-443830.370,-1172366.970,370.930
-443739.590,-1172437.950,361.730
-443737.130,-1172438.010,361.580
-443809.010,-1172306.840,356.800
-443807.750,-1172307.000,356.780
-443706.510,-1172295.900,357.580
-443702.780,-1172295.200,358.080
-443802.750,-1172330.990,350.540
-443802.790,-1172330.890,350.270
-443751.660,-1172296.220,353.900
-443840.670,-1172432.630,368.070
-443754.530,-1172437.430,361.420
-443715.910,-1172316.800,358.640
-443773.330,-1172425.140,354.010
-443751.740,-1172296.380,354.000
-443752.190,-1172296.000,353.470
-443754.480,-1172328.800,354.800
-443768.700,-1172436.540,361.710
-443767.030,-1172436.610,361.750
-443746.480,-1172437.540,361.670
-443740.460,-1172437.800,361.650
-443727.570,-1172294.830,356.720
-443725.140,-1172295.690,357.240
-443727.110,-1172294.640,356.310
-443715.870,-1172316.850,358.600
