-443741.840,-1172292.220,360.360
-443765.340,-1172315.800,361.890
-443706.530,-1172319.230,359.770
-443705.980,-1172337.500,361.060
-443815.050,-1172304.580,353.070
-443814.920,-1172304.900,353.120
-443765.400,-1172315.770,361.800
-443815.040,-1172304.750,353.220
-443814.800,-1172304.380,353.090
-443710.090,-1172291.150,355.280
-443710.120,-1172290.660,354.960
-443806.050,-1172306.530,354.650
-443806.080,-1172306.440,354.420
-443805.970,-1172306.720,354.280
-443843.970,-1172399.830,374.710
-443806.250,-1172307.980,355.350
-443806.220,-1172309.100,356.080
-443807.180,-1172307.210,356.920
-443710.320,-1172292.600,356.300
