-443702.000,-1172299.530,357.400
-443702.600,-1172298.040,357.120
-443807.710,-1172319.260,351.720
-443754.780,-1172329.770,354.930
-443850.820,-1172396.140,374.390
-443850.240,-1172383.210,374.580
-443702.760,-1172298.980,356.930
-443702.030,-1172299.590,357.340
-443702.800,-1172298.510,357.000
-443698.930,-1172321.970,360.630
-443697.850,-1172325.760,360.540
-443850.080,-1172406.560,374.090
-443697.100,-1172323.480,361.380
-443754.900,-1172329.510,354.930
-443702.080,-1172299.440,357.410
-443702.530,-1172299.030,357.110
-443702.780,-1172298.800,357.020
-443701.820,-1172299.150,357.670
-443702.730,-1172298.310,357.140
-443702.540,-1172298.130,357.370
-443754.930,-1172329.540,354.850
-443702.700,-1172298.760,357.040
-443698.650,-1172322.130,360.860
-443702.080,-1172299.750,357.250
-443701.660,-1172298.120,358.030
