-443830.830,-1172336.750,370.760
-443851.040,-1172395.980,374.410
-443840.710,-1172414.640,374.810
-443745.220,-1172320.380,358.800
-443749.060,-1172319.130,359.160
-443784.280,-1172318.030,358.500
-443789.950,-1172317.920,359.060
-443811.490,-1172311.770,356.960
-443812.430,-1172310.270,358.060
-443826.360,-1172331.190,370.820
-443702.200,-1172296.950,357.720
-443701.610,-1172299.310,357.680
-443702.020,-1172300.360,357.080
-443716.740,-1172296.010,357.600
-443717.010,-1172297.920,356.390
-443710.370,-1172322.650,361.750
-443716.890,-1172324.170,357.130
-443777.130,-1172418.130,346.930
-443762.010,-1172294.270,355.530
-443700.450,-1172319.010,351.470
-443716.950,-1172299.220,355.600
-443831.220,-1172343.940,370.650
-443851.070,-1172396.360,374.180
-443851.050,-1172395.940,374.410
-443762.060,-1172293.350,355.950
-443789.860,-1172316.020,360.240
-443789.880,-1172318.200,359.100
-443815.060,-1172309.350,358.470
-443841.350,-1172308.020,355.680
-443702.240,-1172296.910,357.860
-443716.870,-1172296.050,357.560
-443716.990,-1172297.820,356.480
-443716.860,-1172324.280,357.220
-443708.960,-1172395.920,352.450
-443709.480,-1172396.790,351.790
-443709.060,-1172396.020,352.370
-443775.610,-1172315.920,360.940
-443717.450,-1172325.940,355.920
-443716.890,-1172323.220,357.950
-443716.920,-1172297.170,357.010
-443776.890,-1172418.180,346.930
-443709.230,-1172396.680,351.930
-443709.130,-1172395.950,352.490
-443709.620,-1172395.840,352.360
-443708.890,-1172395.850,352.390
-443795.370,-1172290.520,355.450
-443795.690,-1172290.570,355.110
-443850.920,-1172383.420,374.140
-443826.240,-1172330.980,371.020
-443837.830,-1172306.920,356.740
-443812.500,-1172310.150,358.200
-443807.000,-1172311.480,357.770
-443789.990,-1172318.280,359.050
-443789.990,-1172317.670,359.340
-443789.880,-1172317.290,359.640
-443789.770,-1172316.450,360.250
-443790.000,-1172316.240,360.150
-443784.480,-1172317.870,358.670
-443749.150,-1172319.140,359.230
-443741.870,-1172293.680,357.980
-443717.300,-1172326.030,355.860
-443716.180,-1172322.330,358.320
-443710.280,-1172322.780,361.800
-443701.860,-1172299.640,357.510
-443702.160,-1172296.810,357.990
-443841.970,-1172308.540,355.270
-443807.630,-1172316.660,352.110
-443851.380,-1172392.970,374.650
-443851.190,-1172392.680,374.810
-443851.060,-1172393.020,374.790
-443850.590,-1172383.140,374.210
-443850.490,-1172382.780,374.480
-443841.540,-1172382.980,374.390
-443831.220,-1172343.940,370.720
-443826.350,-1172331.120,371.010
-443792.490,-1172316.960,358.760
-443789.750,-1172316.970,359.880
-443789.930,-1172317.260,359.530
-443774.770,-1172315.480,361.360
-443716.830,-1172296.020,357.550
-443716.680,-1172295.720,357.820
-443698.660,-1172320.990,360.990
-443763.100,-1172295.090,355.060
-443844.850,-1172400.500,374.710
-443851.480,-1172392.910,374.640
-443851.130,-1172392.870,374.800
-443851.390,-1172392.650,374.820
-443850.650,-1172379.720,373.400
-443850.330,-1172371.530,373.920
-443702.180,-1172296.610,358.000
