-443825.310,-1172352.200,351.500
-443839.920,-1172303.980,351.400
-443771.840,-1172321.810,355.410
-443846.200,-1172428.720,374.720
-443836.700,-1172370.900,374.700
-443836.950,-1172370.980,374.720
-443831.350,-1172361.320,372.200
-443711.780,-1172332.060,361.440
-443804.420,-1172433.380,346.850
-443825.580,-1172352.100,351.790
-443825.340,-1172352.310,351.590
-443737.470,-1172297.700,351.940
-443761.530,-1172295.310,354.990
-443771.910,-1172321.710,355.700
-443706.740,-1172300.000,355.690
-443804.420,-1172433.140,347.400
-443810.390,-1172433.820,350.870
-443804.500,-1172433.340,347.350
-443840.970,-1172393.300,374.540
-443837.790,-1172330.560,370.950
-443774.360,-1172317.110,359.780
-443840.850,-1172432.380,352.240
-443834.670,-1172421.540,348.730
-443830.140,-1172421.970,348.110
-443830.240,-1172421.700,348.330
-443734.140,-1172437.530,353.870
-443737.550,-1172437.380,354.300
-443738.430,-1172437.070,348.290
-443738.490,-1172436.910,347.680
-443750.020,-1172410.470,348.030
-443750.590,-1172410.960,347.680
-443742.770,-1172437.190,350.870
-443744.730,-1172436.910,354.490
-443752.480,-1172436.600,354.480
-443756.710,-1172436.170,348.290
-443760.640,-1172436.530,350.780
-443762.600,-1172436.390,354.170
-443769.710,-1172436.230,353.410
-443775.090,-1172425.320,353.010
-443790.970,-1172424.390,346.730
-443825.680,-1172352.010,351.720
-443737.220,-1172297.130,352.070
-443739.230,-1172325.550,352.250
-443750.080,-1172324.840,351.160
-443763.360,-1172321.970,352.860
-443772.700,-1172321.670,355.320
-443840.000,-1172432.800,371.730
-443839.970,-1172432.560,373.670
-443839.420,-1172421.540,374.510
-443837.410,-1172421.650,374.610
-443830.420,-1172421.400,368.310
-443829.700,-1172421.600,362.630
-443829.590,-1172421.900,362.600
-443828.570,-1172367.340,370.200
-443767.360,-1172436.880,361.040
-443765.710,-1172436.930,360.810
-443763.200,-1172436.910,360.800
-443755.310,-1172437.260,360.930
-443750.510,-1172437.420,360.830
-443748.480,-1172437.810,360.820
-443745.270,-1172437.840,360.730
-443737.290,-1172438.180,360.790
-443735.450,-1172438.170,361.080
-443766.100,-1172294.460,358.320
-443757.490,-1172295.200,358.610
-443844.250,-1172432.450,355.020
-443830.080,-1172421.460,348.660
-443829.780,-1172421.710,354.040
-443800.010,-1172424.200,352.220
-443734.400,-1172437.550,353.910
-443742.970,-1172437.150,350.920
-443751.310,-1172436.810,354.160
-443756.470,-1172436.620,354.310
-443757.650,-1172436.560,354.390
-443769.580,-1172436.190,353.400
-443825.430,-1172352.190,351.760
-443697.820,-1172346.240,352.960
-443737.220,-1172297.420,352.040
-443771.780,-1172321.950,355.500
-443772.800,-1172321.820,355.550
-443698.300,-1172298.840,351.650
-443843.650,-1172432.560,373.680
-443844.240,-1172432.460,363.410
-443844.380,-1172432.350,369.130
-443844.120,-1172432.160,363.520
-443846.100,-1172428.250,375.090
-443841.060,-1172432.890,368.760
-443840.170,-1172432.710,373.630
-443837.600,-1172418.640,378.390
-443830.350,-1172421.670,368.220
-443768.370,-1172436.800,360.880
-443763.880,-1172437.090,360.760
-443757.860,-1172437.290,360.870
-443774.280,-1172318.020,359.010
-443730.710,-1172296.200,357.430
-443712.260,-1172337.070,360.670
-443709.970,-1172322.970,361.640
