-443830.400,-1172394.440,346.400
-443831.110,-1172393.830,346.200
-443746.810,-1172334.360,352.310
-443807.310,-1172311.210,355.770
-443830.880,-1172393.570,346.150
-443830.380,-1172394.000,346.100
-443801.620,-1172324.730,349.730
-443836.470,-1172422.840,374.380
-443836.320,-1172417.630,374.290
-443714.730,-1172317.650,360.010
-443799.160,-1172316.910,351.170
-443727.090,-1172323.480,351.140
-443746.850,-1172334.340,352.270
-443836.810,-1172425.510,374.670
-443836.240,-1172407.950,374.650
-443840.760,-1172365.940,357.170
-443840.480,-1172366.070,354.510
-443802.170,-1172329.380,349.450
-443801.630,-1172324.870,349.930
-443760.080,-1172334.780,352.450
-443759.880,-1172334.560,351.970
-443775.220,-1172313.020,351.290
-443726.970,-1172323.290,351.190
-443727.060,-1172323.600,351.160
-443836.210,-1172412.110,374.440
-443850.400,-1172393.040,374.510
-443850.090,-1172373.430,374.320
-443840.460,-1172366.080,357.200
-443839.840,-1172341.010,357.130
-443838.980,-1172340.280,370.680
-443837.350,-1172305.940,355.660
-443813.820,-1172306.360,357.080
-443835.330,-1172422.160,352.320
-443835.060,-1172409.280,366.280
-443734.270,-1172437.070,351.740
