-443801.980,-1172327.230,349.930
-443729.190,-1172293.640,355.410
-443743.170,-1172438.050,361.840
-443751.150,-1172437.420,361.440
-443754.090,-1172437.340,361.600
-443837.610,-1172417.870,374.250
-443840.260,-1172377.130,374.670
-443724.150,-1172296.020,357.320
-443726.800,-1172294.810,356.340
-443728.560,-1172295.180,357.100
-443728.690,-1172294.870,356.720
-443728.230,-1172294.890,356.620
-443728.580,-1172294.030,355.670
-443728.940,-1172294.950,356.750
-443835.380,-1172302.140,354.570
-443745.950,-1172338.630,353.400
-443748.220,-1172334.860,352.310
-443739.840,-1172438.100,361.870
-443748.940,-1172437.460,361.740
-443751.250,-1172437.310,361.550
-443757.760,-1172437.030,361.650
-443763.680,-1172436.760,361.630
-443844.340,-1172399.610,374.630
-443724.670,-1172295.760,357.290
-443726.260,-1172295.390,357.090
-443728.170,-1172294.710,356.560
-443727.190,-1172295.540,357.320
-443728.550,-1172294.880,356.780
-443727.820,-1172295.480,357.360
-443728.740,-1172295.110,357.100
-443728.270,-1172295.500,357.470
-443735.230,-1172290.490,358.560
-443707.920,-1172294.690,356.690
-443708.320,-1172295.270,357.290
-443815.380,-1172433.390,347.300
-443738.490,-1172423.280,354.190
-443739.120,-1172423.800,347.590
-443739.340,-1172423.340,354.350
-443747.340,-1172422.940,354.260
-443750.380,-1172422.750,354.290
-443753.570,-1172423.140,354.680
-443756.320,-1172422.380,350.780
-443756.790,-1172422.750,347.610
-443765.210,-1172422.170,347.530
-443765.750,-1172422.100,354.200
-443766.700,-1172422.220,350.900
-443772.110,-1172411.350,353.120
-443767.810,-1172422.050,354.160
-443768.400,-1172421.660,347.400
-443768.270,-1172421.970,347.490
-443768.310,-1172421.950,354.220
-443768.820,-1172422.160,354.440
-443774.190,-1172411.230,352.910
-443734.240,-1172398.110,347.840
-443835.290,-1172302.290,354.180
-443741.940,-1172313.310,352.350
-443742.820,-1172313.060,352.260
-443746.940,-1172312.490,352.260
-443746.820,-1172312.780,352.350
-443843.220,-1172377.870,374.280
-443745.750,-1172437.710,361.670
-443736.530,-1172423.490,357.970
-443807.590,-1172306.990,356.690
-443746.920,-1172312.580,355.580
-443746.790,-1172312.890,355.690
-443746.750,-1172312.460,355.510
-443730.860,-1172294.360,356.590
-443728.980,-1172294.290,355.980
-443728.680,-1172295.020,356.760
-443729.470,-1172294.540,356.330
-443727.550,-1172295.470,357.140
-443728.020,-1172294.820,356.340
-443727.750,-1172295.510,357.140
-443728.680,-1172294.460,356.140
-443728.280,-1172295.430,357.200
-443726.160,-1172295.600,357.110
-443723.910,-1172296.130,357.440
-443707.390,-1172295.830,357.590
-443735.100,-1172423.530,354.410
-443736.160,-1172423.580,354.440
-443738.320,-1172423.270,354.170
-443742.080,-1172423.330,354.450
-443745.110,-1172423.050,347.470
-443745.200,-1172423.300,347.620
-443747.070,-1172422.930,354.330
-443750.480,-1172422.940,350.880
-443753.600,-1172422.750,354.430
-443753.270,-1172423.050,350.960
-443753.150,-1172422.800,354.420
-443753.310,-1172422.650,350.810
-443755.520,-1172422.710,354.460
-443756.580,-1172422.610,350.870
-443768.570,-1172422.270,354.540
-443768.810,-1172422.050,354.410
-443769.000,-1172422.240,354.470
-443743.770,-1172397.720,347.760
-443745.930,-1172338.620,353.360
-443745.480,-1172338.700,353.340
-443729.450,-1172293.670,355.470
-443837.420,-1172417.920,374.550
-443835.610,-1172381.600,374.440
-443845.080,-1172370.420,369.040
-443789.790,-1172313.040,361.030
-443746.820,-1172312.620,355.620
-443739.510,-1172290.400,358.760
-443736.420,-1172290.390,358.510
-443729.460,-1172294.680,356.610
-443728.950,-1172295.560,357.540
-443729.370,-1172295.180,357.160
-443728.170,-1172294.850,356.590
-443728.390,-1172294.650,356.420
-443728.560,-1172295.010,356.830
-443729.210,-1172294.400,356.240
-443726.380,-1172294.990,356.520
-443716.170,-1172320.950,361.930
-443708.120,-1172295.400,357.330
-443844.790,-1172432.450,374.280
-443749.010,-1172437.410,361.880
-443807.820,-1172311.210,355.750
-443729.060,-1172295.540,357.470
-443748.060,-1172335.130,352.630
-443834.560,-1172366.770,370.900
-443742.730,-1172437.900,361.490
-443736.340,-1172290.360,358.540
-443730.640,-1172294.600,356.980
-443729.920,-1172294.690,356.710
-443728.630,-1172294.670,356.490
-443728.170,-1172295.550,357.540
-443728.920,-1172294.910,356.900
-443729.280,-1172294.600,356.630
-443729.980,-1172293.990,356.060
-443725.510,-1172295.370,356.930
