-443770.440,-1172430.790,361.400
-443849.790,-1172415.230,374.530
-443849.770,-1172395.070,374.700
-443839.560,-1172414.590,374.810
-443843.700,-1172400.440,374.740
-443735.280,-1172319.640,362.660
-443765.290,-1172292.670,356.240
-443696.760,-1172295.600,356.730
-443840.220,-1172428.350,374.830
-443765.120,-1172292.700,356.150
-443765.130,-1172316.260,361.760
-443697.530,-1172294.110,358.210
-443696.740,-1172295.270,357.060
-443696.890,-1172295.780,356.750
-443851.500,-1172414.310,349.370
-443743.240,-1172292.910,358.650
-443696.890,-1172295.580,356.810
-443696.910,-1172295.880,356.680
-443834.090,-1172385.720,348.570
-443834.520,-1172396.450,371.020
-443826.720,-1172357.920,370.240
-443825.890,-1172335.170,362.870
-443838.140,-1172330.700,371.000
-443765.230,-1172292.620,356.200
-443765.310,-1172291.870,356.510
-443721.850,-1172297.080,356.730
-443697.060,-1172295.750,356.900
-443696.960,-1172295.120,357.160
-443696.860,-1172295.380,356.930
-443696.660,-1172295.920,356.520
-443833.950,-1172385.790,348.600
-443736.720,-1172325.330,351.540
-443835.030,-1172396.900,371.110
-443834.380,-1172396.410,371.120
-443696.710,-1172295.810,356.670
-443696.900,-1172295.640,356.900
-443697.140,-1172295.440,357.160
-443696.830,-1172295.240,357.060
