-443833.460,-1172311.350,354.080
-443833.620,-1172310.020,354.950
-443833.440,-1172309.550,355.280
-443811.900,-1172314.430,354.800
-443811.850,-1172313.590,355.430
-443802.790,-1172306.810,352.580
-443722.080,-1172299.520,355.050
-443727.620,-1172325.170,355.420
-443760.660,-1172336.290,352.140
-443716.040,-1172300.340,354.840
-443842.340,-1172422.300,374.800
-443842.040,-1172422.040,375.270
-443831.630,-1172361.860,370.730
-443739.640,-1172292.180,359.450
-443740.860,-1172292.980,358.650
-443741.250,-1172293.070,358.550
-443741.660,-1172319.350,359.780
-443742.140,-1172318.140,360.510
-443741.700,-1172320.140,359.330
-443741.940,-1172319.550,359.520
-443748.350,-1172318.750,359.540
-443750.930,-1172320.560,358.000
-443790.200,-1172318.230,358.890
-443790.200,-1172319.270,358.190
-443790.310,-1172318.970,358.380
-443790.280,-1172319.950,357.740
-443795.950,-1172312.880,361.060
-443811.600,-1172311.470,357.030
-443811.780,-1172312.910,355.930
-443811.420,-1172312.890,356.210
-443811.650,-1172312.300,356.420
-443815.800,-1172309.950,357.900
-443828.770,-1172309.140,356.030
-443832.930,-1172306.830,357.390
-443833.260,-1172309.180,355.560
-443840.940,-1172307.820,355.890
-443705.900,-1172323.800,361.460
-443706.020,-1172323.500,361.520
-443717.190,-1172298.490,356.020
-443714.160,-1172321.650,362.120
-443716.790,-1172323.280,357.870
-443716.910,-1172322.980,357.980
-443717.160,-1172324.210,357.070
-443717.290,-1172323.890,357.330
-443717.020,-1172323.840,357.340
-443717.150,-1172323.530,357.520
-443717.110,-1172325.580,356.080
-443717.220,-1172325.300,356.270
-443717.290,-1172325.860,355.880
-443717.410,-1172325.540,356.090
-443712.440,-1172337.140,360.520
-443787.470,-1172424.780,347.280
-443833.980,-1172312.480,353.100
-443833.430,-1172310.890,354.230
-443811.760,-1172314.910,354.420
-443806.640,-1172316.060,354.290
-443747.400,-1172332.170,352.750
-443765.230,-1172294.630,355.270
-443727.600,-1172325.400,355.330
-443720.110,-1172342.730,352.850
-443715.920,-1172300.500,354.910
-443736.730,-1172292.880,359.100
-443742.870,-1172295.960,355.980
-443723.090,-1172320.890,358.940
-443725.130,-1172320.830,358.840
-443726.750,-1172321.750,358.010
-443764.960,-1172291.450,356.680
-443762.250,-1172293.720,355.780
-443734.550,-1172320.380,361.600
-443741.980,-1172319.410,359.610
-443741.740,-1172319.610,359.630
-443742.070,-1172319.740,359.440
-443741.830,-1172319.940,359.330
-443745.270,-1172320.300,358.790
-443751.020,-1172320.680,358.100
-443769.460,-1172316.320,361.130
-443768.410,-1172319.110,359.720
-443768.170,-1172319.310,359.690
-443774.520,-1172315.400,361.530
-443784.530,-1172317.840,358.690
-443789.610,-1172316.700,360.070
-443790.060,-1172316.930,359.700
-443789.740,-1172317.770,359.470
-443796.170,-1172312.870,361.090
-443790.290,-1172318.950,358.440
-443790.050,-1172319.150,358.400
-443799.220,-1172317.870,357.780
-443811.370,-1172309.600,358.580
-443811.670,-1172312.220,356.470
-443811.430,-1172312.420,356.510
-443815.830,-1172309.860,357.980
-443811.530,-1172313.500,355.750
-443819.380,-1172310.170,357.430
-443828.740,-1172308.750,356.240
-443833.140,-1172306.850,357.320
-443706.240,-1172323.170,361.700
-443710.450,-1172322.560,361.730
-443710.220,-1172322.750,361.810
-443716.790,-1172322.640,358.280
-443717.120,-1172323.150,357.800
-443717.040,-1172322.930,357.970
-443716.780,-1172323.150,357.980
-443717.090,-1172324.080,357.180
-443717.330,-1172324.350,356.940
-443717.180,-1172325.400,356.200
-443717.390,-1172324.600,356.760
-443710.080,-1172396.570,351.410
-443833.690,-1172312.790,353.180
-443821.000,-1172315.030,353.620
-443819.600,-1172315.190,353.480
-443811.570,-1172314.340,354.950
-443727.650,-1172325.290,355.410
-443817.960,-1172312.010,356.250
-443815.850,-1172309.950,358.000
-443811.490,-1172313.470,355.690
-443811.480,-1172309.680,358.640
-443790.200,-1172318.200,358.980
-443768.220,-1172319.140,359.900
-443741.820,-1172324.350,359.540
-443738.100,-1172319.570,361.790
-443731.160,-1172322.280,360.850
-443727.380,-1172324.580,355.840
-443739.540,-1172292.090,359.760
-443736.660,-1172292.720,359.370
-443725.110,-1172320.750,358.920
-443833.660,-1172311.500,353.830
-443833.400,-1172311.350,354.020
-443833.440,-1172310.900,354.340
-443833.490,-1172309.870,355.030
-443820.990,-1172314.710,353.450
-443811.770,-1172315.100,354.500
-443812.030,-1172314.860,354.400
-443811.830,-1172313.490,355.460
-443747.360,-1172332.100,352.670
-443722.170,-1172299.750,354.910
-443727.420,-1172325.350,355.370
-443727.620,-1172325.160,355.160
-443830.730,-1172336.950,370.690
-443833.380,-1172309.260,355.510
-443834.620,-1172308.140,356.230
-443828.700,-1172308.890,356.190
-443811.470,-1172312.390,356.550
-443811.490,-1172313.390,355.880
-443811.420,-1172310.720,357.870
-443811.420,-1172309.990,358.300
-443793.980,-1172318.120,357.960
-443790.200,-1172319.340,358.220
-443789.930,-1172318.750,358.770
-443790.170,-1172318.530,358.680
-443790.240,-1172318.050,359.010
-443789.740,-1172317.900,359.350
-443768.190,-1172319.420,359.610
-443769.430,-1172316.250,361.350
-443750.960,-1172320.720,358.000
-443745.260,-1172320.200,358.830
-443745.650,-1172317.830,360.460
-443742.030,-1172320.660,358.820
-443741.690,-1172320.630,359.090
-443741.700,-1172320.230,359.380
-443741.950,-1172320.000,359.270
-443742.090,-1172319.610,359.440
-443741.660,-1172319.480,359.860
-443738.130,-1172319.680,361.770
-443731.950,-1172322.500,360.430
-443727.300,-1172324.520,355.980
-443727.550,-1172324.290,355.900
-443727.390,-1172322.900,356.950
-443742.780,-1172295.880,356.130
-443736.450,-1172292.850,359.270
-443722.070,-1172296.790,357.740
-443717.210,-1172325.680,356.080
-443717.500,-1172325.420,356.100
-443717.260,-1172323.900,357.220
-443717.240,-1172321.350,359.020
-443710.540,-1172322.540,361.750
-443706.060,-1172323.900,361.300
-443705.990,-1172322.840,362.110
-443706.240,-1172322.620,362.060
-443706.320,-1172323.100,361.770
-443717.240,-1172299.250,355.590
-443716.820,-1172295.900,357.680
-443703.020,-1172297.680,357.110
-443773.630,-1172411.400,353.670
-443698.770,-1172346.290,352.630
-443833.640,-1172311.630,353.840
-443821.040,-1172314.930,353.690
-443806.650,-1172316.030,354.260
-443811.900,-1172313.490,355.520
-443811.700,-1172314.600,354.880
-443812.030,-1172315.880,353.640
-443727.650,-1172325.240,355.450
-443717.400,-1172325.770,355.620
-443840.960,-1172428.240,375.020
-443842.180,-1172400.040,374.260
-443830.680,-1172336.830,370.870
-443815.400,-1172309.610,358.230
-443816.040,-1172310.180,357.670
-443811.870,-1172312.220,356.480
-443813.230,-1172309.970,358.220
-443813.490,-1172309.870,358.150
-443811.360,-1172311.620,357.140
-443811.720,-1172312.140,356.660
-443811.040,-1172309.600,358.840
-443796.110,-1172312.870,361.140
-443789.920,-1172318.910,358.590
-443790.320,-1172318.670,358.590
-443790.230,-1172318.910,358.340
-443790.000,-1172319.530,358.100
-443790.040,-1172316.970,359.660
-443789.710,-1172317.870,359.380
-443769.350,-1172316.320,361.370
-443768.380,-1172318.940,359.870
-443768.270,-1172319.260,359.780
-443741.800,-1172320.130,359.090
-443734.400,-1172325.460,358.350
-443741.240,-1172293.080,358.470
-443740.800,-1172292.870,358.740
-443727.460,-1172324.590,355.870
-443739.800,-1172292.070,359.510
-443727.280,-1172323.090,357.050
-443726.230,-1172321.310,358.310
-443725.180,-1172320.620,358.810
-443723.110,-1172320.930,358.850
-443721.440,-1172324.170,356.760
-443717.480,-1172325.550,355.960
-443717.160,-1172323.730,357.280
-443716.430,-1172321.350,362.120
-443714.440,-1172326.770,360.900
-443710.520,-1172322.660,361.600
-443706.050,-1172322.810,362.010
-443787.380,-1172424.680,347.280
-443769.910,-1172411.680,353.910
-443833.620,-1172312.390,353.220
-443833.590,-1172311.380,353.940
-443811.760,-1172314.980,354.390
-443811.960,-1172314.250,354.920
-443811.600,-1172314.090,355.290
-443811.910,-1172313.840,355.270
-443727.450,-1172325.390,355.390
-443747.290,-1172332.290,352.460
-443747.450,-1172332.160,352.850
-443719.930,-1172342.720,352.960
-443716.160,-1172300.560,354.860
-443702.840,-1172300.410,354.760
-443842.390,-1172422.280,374.850
-443835.920,-1172400.310,374.230
-443841.390,-1172383.090,374.290
-443833.370,-1172309.300,355.500
-443834.550,-1172308.320,356.210
-443811.320,-1172309.670,358.610
-443799.230,-1172317.970,357.730
-443797.040,-1172313.130,360.900
-443789.960,-1172319.600,358.230
-443790.280,-1172319.340,358.140
-443789.870,-1172318.540,359.020
-443790.210,-1172318.250,358.890
-443790.350,-1172318.710,358.600
-443789.590,-1172316.960,360.030
-443790.050,-1172317.110,359.580
-443775.060,-1172315.690,361.110
-443766.120,-1172320.850,358.930
-443768.130,-1172319.160,359.790
-443768.390,-1172318.950,359.870
-443769.390,-1172316.260,361.400
-443748.320,-1172318.700,359.620
-443745.650,-1172317.750,360.530
-443742.040,-1172319.510,359.570
-443764.740,-1172294.880,355.610
-443740.860,-1172292.950,358.680
-443702.650,-1172297.260,357.490
