-443842.270,-1172308.930,354.960
-443841.910,-1172308.680,355.140
-443835.970,-1172312.140,353.160
-443833.490,-1172314.280,352.020
-443833.570,-1172311.060,354.170
-443833.690,-1172310.770,354.390
-443833.320,-1172309.860,355.210
-443827.270,-1172314.770,351.910
-443827.740,-1172311.790,354.130
-443825.860,-1172312.710,353.620
-443816.290,-1172315.530,353.550
-443810.240,-1172314.970,354.610
-443810.360,-1172314.660,354.760
-443808.390,-1172315.010,354.520
-443805.690,-1172316.440,353.710
-443806.260,-1172314.960,354.890
-443805.180,-1172290.430,353.310
-443721.970,-1172299.800,354.880
-443722.160,-1172299.960,354.670
-443724.880,-1172299.590,354.960
-443730.120,-1172298.920,354.880
-443730.230,-1172298.630,354.940
-443725.200,-1172325.610,355.310
-443726.770,-1172325.350,355.350
-443720.640,-1172342.620,352.770
-443720.820,-1172326.420,355.150
-443719.770,-1172326.650,355.210
-443719.900,-1172326.340,355.290
-443717.750,-1172299.740,355.200
-443718.140,-1172299.990,354.940
-443718.500,-1172299.090,355.530
-443716.350,-1172300.570,354.910
-443711.180,-1172299.400,354.160
-443711.230,-1172297.510,355.340
-443711.130,-1172297.120,355.500
-443851.610,-1172397.730,373.840
-443838.570,-1172400.200,374.140
-443838.130,-1172400.130,374.350
-443836.660,-1172400.260,374.290
-443718.530,-1172296.990,356.880
-443718.590,-1172297.640,356.360
-443720.070,-1172295.170,357.890
-443719.570,-1172296.410,357.080
-443719.200,-1172298.290,356.060
-443719.910,-1172296.510,357.090
-443720.150,-1172295.900,357.460
-443720.270,-1172295.620,357.620
-443729.320,-1172295.940,357.620
-443721.770,-1172324.030,356.720
-443722.980,-1172320.990,358.960
-443721.880,-1172324.430,356.480
-443723.600,-1172321.270,358.600
-443736.330,-1172292.540,359.490
-443724.280,-1172321.720,358.190
-443725.590,-1172321.110,358.550
-443725.960,-1172321.440,358.270
-443726.540,-1172322.260,357.600
-443742.110,-1172293.640,357.970
-443731.870,-1172322.550,360.410
-443732.220,-1172321.680,360.950
-443732.070,-1172323.280,359.830
-443731.860,-1172324.620,359.010
-443732.220,-1172323.730,359.580
-443733.300,-1172321.000,361.260
-443732.180,-1172325.960,358.220
-443732.410,-1172325.370,358.540
-443732.650,-1172324.770,358.900
-443734.880,-1172320.140,361.720
-443732.800,-1172325.900,358.180
-443733.150,-1172325.020,358.700
-443734.470,-1172321.700,360.900
-443735.520,-1172322.400,360.170
-443734.320,-1172325.420,358.390
-443734.560,-1172324.820,358.690
-443734.920,-1172323.910,359.280
-443735.260,-1172323.040,359.810
-443735.400,-1172323.400,359.560
-443736.130,-1172321.580,360.650
-443737.310,-1172320.470,361.270
-443737.810,-1172326.340,358.430
-443741.260,-1172317.680,360.840
-443738.150,-1172326.420,358.370
-443739.070,-1172324.770,359.320
-443741.810,-1172317.890,360.630
-443739.500,-1172324.770,359.290
-443742.050,-1172320.430,358.850
-443741.350,-1172326.140,358.350
-443743.710,-1172321.200,358.350
-443744.600,-1172320.960,358.320
-443745.790,-1172317.950,360.350
-443746.400,-1172317.390,360.580
-443748.940,-1172319.430,358.970
-443765.630,-1172319.540,359.810
-443766.430,-1172316.670,361.300
-443765.690,-1172317.440,360.900
-443766.420,-1172319.600,359.610
-443766.890,-1172318.400,360.280
-443767.830,-1172316.010,361.670
-443765.830,-1172320.040,359.380
-443765.960,-1172319.730,359.580
-443766.200,-1172319.120,359.920
-443766.200,-1172321.340,358.690
-443767.970,-1172316.850,361.090
-443766.310,-1172319.890,359.460
-443766.540,-1172321.330,358.570
-443767.610,-1172321.530,358.380
-443769.190,-1172319.320,359.510
-443768.660,-1172319.660,359.390
-443768.730,-1172320.490,358.960
-443769.700,-1172320.390,358.910
-443769.830,-1172320.080,359.060
-443770.070,-1172321.420,358.310
-443780.780,-1172315.810,360.310
-443782.240,-1172316.660,359.610
-443783.260,-1172319.530,357.790
-443783.380,-1172319.230,357.800
-443786.170,-1172315.150,360.370
-443784.100,-1172319.460,357.720
-443790.560,-1172313.780,360.930
-443790.310,-1172317.950,359.040
-443790.430,-1172317.650,359.160
-443791.480,-1172314.960,360.100
-443790.190,-1172317.300,359.440
-443791.340,-1172314.370,360.470
-443791.950,-1172314.790,360.120
-443791.470,-1172318.000,358.920
-443792.180,-1172316.210,359.260
-443790.160,-1172320.260,357.560
-443791.840,-1172317.860,358.950
-443794.440,-1172314.820,359.940
-443791.610,-1172320.630,357.300
-443793.510,-1172319.140,358.040
-443795.990,-1172315.530,359.380
-443796.070,-1172316.180,359.030
-443797.210,-1172313.260,360.690
-443796.090,-1172318.260,357.700
-443798.610,-1172314.530,359.840
-443798.930,-1172316.570,358.530
-443798.280,-1172317.220,358.120
-443799.030,-1172317.400,358.150
-443808.550,-1172312.160,356.890
-443811.540,-1172309.890,358.330
-443811.210,-1172311.650,357.160
-443812.410,-1172309.390,358.650
-443815.490,-1172309.800,358.030
-443816.060,-1172311.210,356.960
-443817.780,-1172311.690,356.420
-443819.380,-1172310.310,357.310
-443819.640,-1172310.550,357.160
-443828.880,-1172308.850,356.200
-443831.580,-1172306.980,357.320
-443834.430,-1172307.950,356.420
-443833.140,-1172309.490,355.520
-443837.310,-1172306.900,356.910
-443832.410,-1172330.650,371.110
-443711.480,-1172296.910,355.620
-443711.500,-1172296.200,356.050
-443711.740,-1172295.620,356.370
-443710.900,-1172295.870,356.400
-443705.920,-1172322.760,362.160
-443706.770,-1172322.610,362.070
-443706.150,-1172323.180,361.770
-443716.960,-1172296.440,357.310
-443717.680,-1172297.270,356.760
-443717.590,-1172296.470,357.280
-443707.760,-1172322.640,361.920
-443717.260,-1172299.190,355.610
-443717.380,-1172298.890,355.760
-443717.500,-1172298.590,355.930
-443718.210,-1172296.810,357.010
-443708.380,-1172322.900,361.650
-443718.110,-1172298.830,355.780
-443711.730,-1172323.230,361.080
-443711.840,-1172322.940,361.320
-443713.230,-1172323.100,361.110
-443716.750,-1172322.500,358.350
-443716.860,-1172322.210,358.520
-443717.040,-1172322.660,358.180
-443719.510,-1172321.150,358.950
-443717.540,-1172325.240,356.280
-443718.970,-1172323.020,357.730
-443719.700,-1172321.200,358.990
-443718.060,-1172324.780,356.500
-443698.390,-1172346.350,352.690
-443840.480,-1172312.660,352.470
-443835.210,-1172314.090,351.900
-443841.730,-1172308.550,355.310
-443836.300,-1172312.310,353.040
-443835.150,-1172312.810,352.730
-443833.530,-1172312.360,353.200
-443832.840,-1172311.830,353.840
-443833.660,-1172311.550,353.790
-443827.250,-1172314.770,351.890
-443828.190,-1172312.960,353.200
-443825.900,-1172313.000,353.360
-443815.550,-1172314.350,354.750
-443812.650,-1172315.880,353.640
-443810.280,-1172315.130,354.420
-443810.310,-1172314.540,354.840
-443810.070,-1172314.750,354.800
-443803.800,-1172316.570,353.880
-443805.150,-1172290.520,353.260
-443720.350,-1172299.860,354.990
-443730.290,-1172298.710,354.860
-443725.190,-1172326.660,354.610
-443722.730,-1172326.850,354.610
-443719.750,-1172342.740,352.930
-443711.910,-1172299.380,354.140
-443711.620,-1172297.850,355.070
-443711.500,-1172297.390,355.340
-443711.240,-1172297.610,355.240
-443839.290,-1172370.940,374.320
-443837.330,-1172421.750,374.200
-443720.220,-1172295.590,357.620
-443719.330,-1172298.250,356.010
-443724.390,-1172321.070,358.710
-443722.310,-1172323.960,356.760
-443726.060,-1172321.430,358.280
-443724.410,-1172323.240,357.160
-443725.320,-1172323.780,356.640
-443732.870,-1172320.230,361.790
-443732.790,-1172320.540,361.620
-443731.790,-1172321.380,361.260
-443734.070,-1172321.170,361.150
-443734.220,-1172322.200,360.420
-443732.240,-1172323.850,359.490
-443737.690,-1172319.870,361.670
-443738.600,-1172319.400,361.910
-443738.350,-1172319.620,361.530
-443737.360,-1172320.450,361.320
-443741.240,-1172317.770,360.810
-443732.450,-1172325.140,358.670
-443737.800,-1172321.110,360.860
-443734.590,-1172323.810,359.390
-443733.100,-1172325.050,358.700
-443732.610,-1172325.470,358.450
-443736.240,-1172323.500,359.440
-443742.960,-1172318.590,360.090
-443741.490,-1172319.820,359.590
-443735.610,-1172324.760,358.710
-443744.980,-1172317.300,360.840
-443744.500,-1172317.710,360.600
-443741.590,-1172320.150,359.390
-443735.200,-1172325.520,358.240
-443745.350,-1172317.480,360.690
-443745.020,-1172318.960,359.740
-443741.580,-1172321.850,357.840
-443738.890,-1172324.690,359.400
-443738.870,-1172325.070,359.180
-443747.210,-1172318.060,360.140
-443748.260,-1172318.750,359.580
-443748.420,-1172318.910,359.470
-443748.970,-1172319.470,359.080
-443749.320,-1172319.700,358.850
-443749.540,-1172319.860,358.750
-443767.430,-1172316.080,361.690
-443765.740,-1172317.500,360.890
-443767.800,-1172316.310,361.440
-443766.120,-1172317.720,360.750
-443768.970,-1172315.810,361.710
-443767.010,-1172317.470,360.830
-443766.040,-1172318.290,360.450
-443765.800,-1172318.490,360.360
-443769.310,-1172316.070,361.470
-443769.290,-1172317.070,360.930
-443767.840,-1172318.300,360.260
-443767.600,-1172318.500,360.180
-443766.350,-1172319.560,359.650
-443766.120,-1172319.750,359.560
-443765.870,-1172319.960,359.470
-443769.220,-1172316.530,361.230
-443767.490,-1172317.990,360.480
-443765.550,-1172319.630,359.750
-443769.240,-1172317.570,360.640
-443766.550,-1172319.840,359.490
-443766.290,-1172320.050,359.400
-443765.790,-1172320.470,359.230
-443769.480,-1172317.870,360.430
-443766.110,-1172320.720,359.030
-443769.640,-1172318.070,360.270
-443766.240,-1172320.940,358.850
-443768.230,-1172320.210,359.230
-443767.740,-1172320.620,358.980
-443766.740,-1172321.470,358.520
-443768.440,-1172320.530,358.930
-443767.490,-1172321.330,358.520
-443768.720,-1172319.800,359.350
-443768.380,-1172320.930,358.700
-443767.380,-1172321.790,358.260
-443769.740,-1172320.450,358.940
-443768.030,-1172321.900,358.180
-443774.920,-1172317.510,359.420
-443780.560,-1172315.440,360.620
-443781.830,-1172314.830,360.890
-443780.600,-1172315.880,360.410
-443782.270,-1172314.960,360.740
-443780.760,-1172318.070,358.870
-443783.890,-1172316.140,359.850
-443781.820,-1172319.700,357.690
-443787.820,-1172314.070,360.890
-443785.520,-1172316.990,359.130
-443785.480,-1172316.610,359.460
-443784.540,-1172318.310,358.390
-443783.480,-1172319.590,357.620
-443790.220,-1172314.560,360.470
-443789.580,-1172317.340,359.820
-443794.620,-1172313.640,360.720
-443790.250,-1172317.340,359.400
-443795.210,-1172313.690,360.620
-443793.060,-1172315.510,359.660
-443792.100,-1172316.320,359.170
-443790.360,-1172317.790,359.140
-443786.720,-1172320.870,357.550
-443792.700,-1172316.900,358.760
-443791.740,-1172317.720,359.090
-443790.530,-1172318.130,358.870
-443790.280,-1172318.340,358.770
-443790.320,-1172320.510,357.430
-443790.490,-1172319.890,357.800
-443789.770,-1172320.500,357.560
-443797.540,-1172314.990,359.650
-443796.130,-1172316.190,358.970
-443795.630,-1172316.610,358.740
-443794.430,-1172317.630,358.190
-443795.950,-1172315.740,359.250
-443796.480,-1172316.760,358.590
-443793.570,-1172319.230,358.030
-443798.030,-1172316.380,358.770
-443798.050,-1172317.440,358.100
-443796.600,-1172318.670,357.430
-443794.370,-1172320.020,357.470
-443807.060,-1172311.230,357.710
-443798.980,-1172318.080,357.620
-443807.880,-1172310.980,357.850
-443806.060,-1172314.100,355.560
-443816.120,-1172311.210,356.920
-443820.370,-1172311.960,355.980
-443834.540,-1172308.060,356.280
-443710.820,-1172295.740,356.370
-443707.230,-1172299.590,355.950
-443717.340,-1172295.670,357.770
-443717.000,-1172297.010,356.970
-443718.030,-1172295.630,357.720
-443717.050,-1172296.450,357.290
-443718.240,-1172296.780,357.020
-443718.620,-1172297.830,356.310
-443717.200,-1172299.010,355.740
-443718.500,-1172297.470,356.570
-443718.020,-1172297.870,356.350
-443718.850,-1172298.070,356.120
-443718.600,-1172298.280,356.060
-443706.010,-1172323.030,361.860
-443706.260,-1172323.750,361.280
-443706.260,-1172322.820,361.950
-443708.380,-1172322.950,361.690
-443707.970,-1172322.330,362.130
-443709.220,-1172323.580,361.140
-443709.220,-1172323.140,361.340
-443711.700,-1172321.990,362.010
-443709.970,-1172323.440,361.120
-443711.830,-1172322.880,361.320
-443711.570,-1172323.100,361.240
-443714.300,-1172321.710,362.010
-443714.770,-1172322.990,361.070
-443716.820,-1172322.220,358.540
-443716.590,-1172321.810,358.950
-443717.590,-1172323.660,357.420
-443716.960,-1172323.840,357.430
-443719.130,-1172323.140,357.610
-443714.950,-1172337.880,360.220
-443772.610,-1172411.270,353.960
-443775.190,-1172411.290,354.050
-443812.520,-1172315.750,353.580
-443804.320,-1172315.050,355.050
-443725.180,-1172326.840,354.500
-443842.190,-1172370.440,374.210
-443829.180,-1172308.990,356.130
-443819.830,-1172310.650,357.050
-443815.340,-1172309.800,358.110
-443814.240,-1172309.180,358.710
-443803.340,-1172313.730,356.010
-443794.150,-1172317.850,358.180
-443793.830,-1172319.760,357.620
-443791.750,-1172319.450,358.000
-443790.360,-1172317.800,359.180
-443791.050,-1172313.730,360.920
-443785.350,-1172316.290,359.680
-443774.940,-1172317.510,359.360
-443765.770,-1172317.970,360.680
-443747.180,-1172318.070,360.200
-443735.330,-1172323.090,359.910
-443736.130,-1172320.470,361.370
-443735.200,-1172321.560,360.910
-443733.510,-1172325.610,358.500
-443735.390,-1172320.360,361.530
-443734.990,-1172320.090,361.870
-443731.720,-1172321.970,360.780
-443724.920,-1172321.210,358.640
-443724.900,-1172320.620,358.980
-443736.860,-1172292.230,359.770
-443735.250,-1172292.390,359.720
-443721.530,-1172324.180,356.860
-443721.060,-1172321.010,359.160
-443720.810,-1172322.780,357.740
-443719.600,-1172325.700,355.790
-443718.850,-1172325.470,355.970
-443717.270,-1172323.810,357.420
-443714.310,-1172326.770,361.060
-443714.730,-1172322.780,361.170
-443710.130,-1172322.850,361.810
-443718.650,-1172296.940,356.820
-443716.970,-1172296.420,357.340
-443706.130,-1172323.050,361.960
-443835.310,-1172313.590,352.130
-443833.710,-1172312.440,353.160
-443833.930,-1172311.730,353.600
-443834.320,-1172310.520,354.460
-443830.210,-1172313.840,352.410
-443827.900,-1172311.800,354.040
-443828.860,-1172310.920,354.600
-443817.600,-1172313.970,354.700
-443813.230,-1172315.940,353.500
-443810.420,-1172315.170,354.390
-443807.160,-1172316.300,353.770
-443805.700,-1172315.600,354.380
-443805.190,-1172290.540,353.250
-443804.830,-1172290.480,353.370
-443803.710,-1172290.840,353.290
-443725.410,-1172326.670,354.500
-443717.110,-1172299.730,355.430
-443709.690,-1172300.500,354.650
-443711.280,-1172297.500,355.250
-443845.170,-1172399.850,374.310
-443826.660,-1172331.020,370.830
-443838.500,-1172308.100,355.950
-443837.580,-1172307.150,356.740
-443836.720,-1172306.520,357.240
-443833.060,-1172308.150,356.490
-443815.730,-1172309.950,357.880
-443811.750,-1172312.120,356.580
-443807.830,-1172313.980,355.500
-443808.560,-1172312.130,356.760
-443811.530,-1172309.430,358.680
-443808.000,-1172311.160,357.700
-443810.210,-1172309.640,358.710
-443799.270,-1172317.950,357.320
-443799.350,-1172318.440,357.330
-443798.890,-1172314.580,359.750
-443794.570,-1172318.170,357.880
-443794.420,-1172317.980,357.920
-443796.260,-1172316.310,358.850
-443795.570,-1172316.670,358.760
-443795.300,-1172315.930,359.220
-443796.250,-1172315.060,359.680
-443790.540,-1172319.510,358.060
-443793.100,-1172317.170,358.600
-443790.520,-1172319.860,357.790
-443791.780,-1172317.910,358.880
-443794.020,-1172315.870,359.300
-443796.530,-1172313.580,360.560
-443792.450,-1172316.450,359.000
-443795.330,-1172313.830,360.520
-443789.840,-1172319.270,358.450
-443790.420,-1172318.740,358.520
-443790.560,-1172317.760,359.140
-443792.220,-1172316.250,359.250
-443792.870,-1172315.660,359.550
-443794.740,-1172313.950,360.530
-443788.130,-1172319.360,358.360
-443790.280,-1172317.400,359.360
-443790.140,-1172317.060,359.590
-443791.370,-1172314.990,360.130
-443790.190,-1172314.600,360.430
-443790.400,-1172314.030,360.890
-443790.690,-1172313.770,360.960
-443791.000,-1172313.490,361.120
-443783.220,-1172319.480,357.750
-443784.480,-1172318.330,358.380
-443785.480,-1172317.420,358.980
-443785.800,-1172314.640,360.690
-443780.850,-1172317.570,359.170
-443782.100,-1172316.430,359.760
-443781.980,-1172314.820,360.850
-443782.240,-1172315.000,360.700
-443780.770,-1172315.530,360.500
-443781.730,-1172314.660,361.010
-443770.060,-1172321.530,358.220
-443769.160,-1172321.070,358.560
-443768.070,-1172321.820,358.220
-443769.920,-1172320.130,359.020
-443767.190,-1172321.810,358.280
-443769.520,-1172317.690,360.520
-443768.480,-1172319.170,359.660
-443769.700,-1172318.050,360.170
-443766.470,-1172319.890,359.440
-443767.750,-1172318.720,360.030
-443768.060,-1172318.440,360.150
-443769.320,-1172317.290,360.750
-443766.410,-1172320.530,359.070
-443766.050,-1172319.930,359.480
-443766.390,-1172319.630,359.600
-443767.610,-1172318.510,360.160
-443767.940,-1172318.210,360.290
-443769.230,-1172317.040,360.920
-443766.250,-1172319.150,359.880
-443765.550,-1172318.910,360.180
-443765.830,-1172318.660,360.220
-443768.960,-1172315.810,361.650
-443765.940,-1172318.290,360.450
-443766.070,-1172317.600,360.790
-443765.720,-1172317.580,360.880
-443767.310,-1172316.130,361.670
-443749.310,-1172319.630,358.900
-443741.450,-1172326.180,358.280
-443748.840,-1172319.430,359.100
-443748.650,-1172319.150,359.270
-443741.040,-1172325.610,358.650
-443747.880,-1172319.020,359.430
-443748.220,-1172318.710,359.620
-443739.830,-1172326.400,358.180
-443746.140,-1172320.080,358.850
-443739.270,-1172326.030,358.470
-443738.440,-1172326.160,358.520
-443738.980,-1172324.730,359.330
-443743.140,-1172320.920,358.510
-443745.120,-1172319.110,359.540
-443746.400,-1172317.940,360.270
-443746.420,-1172317.440,360.590
-443745.970,-1172317.050,360.910
-443743.520,-1172318.950,359.760
-443743.220,-1172318.830,359.900
-443736.450,-1172324.250,358.930
-443742.230,-1172318.960,359.930
-443737.820,-1172322.530,359.870
-443734.570,-1172325.520,358.230
-443737.260,-1172322.590,359.940
-443736.680,-1172322.780,359.830
-443739.990,-1172319.750,361.620
-443733.750,-1172325.470,358.370
-443732.630,-1172326.010,358.150
-443741.370,-1172317.990,360.630
-443735.170,-1172323.300,359.630
-443733.220,-1172325.080,358.600
-443733.260,-1172324.570,358.980
-443735.500,-1172322.510,360.100
-443737.790,-1172319.990,361.600
-443737.030,-1172320.090,361.550
-443735.830,-1172320.660,361.290
-443731.960,-1172323.730,359.600
-443735.590,-1172320.390,361.460
-443732.950,-1172321.580,360.920
-443727.350,-1172323.730,356.520
-443727.400,-1172323.270,356.700
-443725.820,-1172324.350,356.190
-443726.470,-1172323.750,356.590
-443725.390,-1172323.750,356.690
-443726.410,-1172322.800,357.260
-443726.800,-1172321.850,357.920
-443722.370,-1172325.490,355.650
-443721.410,-1172324.990,356.070
-443724.240,-1172321.930,358.120
-443741.690,-1172293.270,358.270
-443740.320,-1172291.760,359.690
-443729.080,-1172295.990,357.590
-443720.100,-1172296.610,357.030
-443720.100,-1172295.690,357.560
-443721.070,-1172294.790,358.090
-443719.360,-1172295.960,357.350
-443714.410,-1172337.840,357.550
-443718.160,-1172324.810,356.500
-443719.130,-1172323.120,357.620
-443717.440,-1172324.230,357.010
-443717.540,-1172322.590,358.110
-443717.430,-1172323.120,357.770
-443716.860,-1172322.720,358.270
-443716.890,-1172322.220,358.470
-443713.190,-1172323.120,361.100
-443718.400,-1172298.950,355.670
-443718.080,-1172298.080,356.180
-443717.180,-1172297.500,356.650
-443718.150,-1172295.530,357.790
-443716.820,-1172295.390,357.960
-443711.600,-1172295.630,356.370
-443708.560,-1172296.960,358.480
-443710.490,-1172294.730,357.050
-443737.720,-1172437.390,347.550
-443770.930,-1172411.620,353.840
-443794.820,-1172424.410,352.720
-443838.420,-1172311.440,353.390
-443837.440,-1172311.020,353.810
-443837.580,-1172311.550,353.400
-443836.290,-1172312.220,353.100
-443836.170,-1172310.510,354.320
-443833.500,-1172314.150,351.960
-443833.570,-1172312.550,353.260
-443833.690,-1172309.450,355.390
-443833.580,-1172309.730,355.180
-443827.250,-1172314.740,352.030
-443827.750,-1172311.730,354.110
-443815.250,-1172314.830,354.120
-443803.120,-1172316.420,354.070
-443803.980,-1172316.570,353.900
-443804.960,-1172316.110,354.110
-443805.850,-1172316.470,353.720
-443720.090,-1172299.740,354.980
-443721.410,-1172299.340,355.260
-443724.710,-1172299.490,354.770
-443721.730,-1172326.970,354.630
-443725.020,-1172326.660,354.610
-443735.480,-1172298.050,354.970
-443725.850,-1172325.280,355.530
-443748.300,-1172324.990,351.360
-443748.500,-1172325.380,351.100
-443772.260,-1172322.200,355.060
-443720.820,-1172342.710,352.790
-443720.140,-1172326.580,355.130
-443719.450,-1172326.160,355.470
-443719.240,-1172326.730,355.150
-443718.120,-1172326.030,355.620
-443718.770,-1172299.560,355.240
-443718.590,-1172299.100,355.560
-443711.490,-1172298.080,354.940
-443711.410,-1172297.490,355.220
-443711.300,-1172297.770,355.070
-443702.960,-1172300.850,354.590
-443843.340,-1172370.710,374.340
-443836.510,-1172330.540,371.040
-443841.250,-1172308.130,355.660
-443839.550,-1172307.950,355.930
-443833.780,-1172306.800,357.290
-443826.440,-1172309.370,356.000
-443819.230,-1172310.230,357.380
-443807.070,-1172309.900,358.680
-443802.140,-1172313.550,356.390
-443796.610,-1172318.670,357.470
-443798.640,-1172314.520,359.890
-443798.800,-1172316.350,358.690
-443798.680,-1172316.660,358.550
-443798.220,-1172314.370,359.960
-443794.310,-1172317.690,358.170
-443794.200,-1172317.990,358.020
-443795.760,-1172315.560,359.420
-443796.820,-1172313.550,360.570
-443795.650,-1172316.680,358.700
-443794.080,-1172317.570,358.280
-443795.360,-1172314.870,359.920
-443794.580,-1172313.660,360.670
-443794.460,-1172313.960,360.540
-443792.670,-1172318.770,358.350
-443794.940,-1172313.670,360.700
-443792.230,-1172316.240,359.210
-443791.510,-1172318.180,358.850
-443792.930,-1172315.790,359.430
-443791.520,-1172314.630,360.280
-443790.590,-1172317.120,359.460
-443790.380,-1172317.700,359.160
-443790.260,-1172318.000,358.970
-443791.790,-1172314.720,360.180
-443791.690,-1172315.000,360.040
-443790.530,-1172318.100,358.860
-443790.420,-1172318.390,358.720
-443791.910,-1172316.290,359.260
-443790.340,-1172320.480,357.490
-443790.160,-1172316.650,359.780
-443783.140,-1172319.360,357.850
-443782.010,-1172314.840,360.810
-443782.220,-1172316.470,359.740
-443775.390,-1172315.900,360.910
-443770.160,-1172321.350,358.360
-443769.800,-1172320.070,359.170
-443768.240,-1172320.140,359.220
-443767.710,-1172321.570,358.370
-443769.660,-1172317.860,360.420
-443769.550,-1172318.160,360.300
-443769.120,-1172319.320,359.590
-443768.700,-1172320.480,358.950
-443767.940,-1172318.530,360.140
-443769.570,-1172315.730,361.670
-443768.170,-1172319.530,359.580
-443768.080,-1172319.770,359.380
-443767.320,-1172321.820,358.210
-443769.320,-1172317.220,360.770
-443769.200,-1172317.530,360.650
-443768.140,-1172315.870,361.660
-443767.920,-1172316.460,361.340
-443767.380,-1172317.920,360.550
-443766.100,-1172321.370,358.660
-443767.870,-1172318.150,360.340
-443766.680,-1172321.340,358.570
-443765.820,-1172318.910,360.130
-443765.910,-1172319.270,359.850
-443765.690,-1172319.870,359.580
-443767.480,-1172316.760,361.170
-443766.830,-1172318.500,360.240
-443766.200,-1172320.220,359.240
-443765.330,-1172316.730,361.440
-443765.900,-1172317.410,360.930
-443765.690,-1172317.980,360.650
-443749.250,-1172320.120,358.520
-443748.880,-1172319.730,358.910
-443748.750,-1172319.100,359.350
-443747.410,-1172318.120,360.070
-443746.370,-1172317.710,360.380
-443745.050,-1172319.040,359.490
-443745.380,-1172317.430,360.700
-443744.870,-1172318.810,359.820
-443744.970,-1172317.270,360.830
-443743.530,-1172321.180,358.370
-443740.940,-1172325.630,358.650
-443739.840,-1172326.370,358.280
-443741.910,-1172319.840,359.260
-443739.100,-1172325.990,358.540
-443738.990,-1172326.280,358.380
-443738.620,-1172320.230,361.370
-443737.550,-1172322.450,359.980
-443738.070,-1172319.760,361.700
-443736.390,-1172324.290,358.890
-443736.900,-1172321.210,360.860
-443737.030,-1172320.100,361.560
-443735.820,-1172321.990,360.410
-443735.500,-1172322.850,359.870
-443734.980,-1172324.280,359.030
-443735.030,-1172323.730,359.370
-443735.560,-1172322.320,360.230
-443733.900,-1172325.100,358.590
-443735.260,-1172321.390,360.850
-443734.610,-1172321.110,361.110
-443734.200,-1172322.230,360.400
-443733.170,-1172325.030,358.680
-443732.850,-1172325.890,358.180
-443734.170,-1172320.970,361.230
-443732.560,-1172322.840,360.110
-443732.210,-1172322.910,360.140
-443731.790,-1172321.530,361.080
-443731.490,-1172322.350,360.550
-443731.280,-1172322.910,360.220
-443737.110,-1172292.150,359.610
-443726.320,-1172321.650,358.070
-443726.120,-1172321.590,358.130
-443724.870,-1172321.480,358.300
-443722.290,-1172320.760,359.090
-443720.060,-1172296.630,356.900
-443719.510,-1172298.100,356.080
-443720.240,-1172295.590,357.560
-443720.080,-1172295.080,357.930
-443719.540,-1172296.530,357.060
-443719.850,-1172295.040,358.020
-443719.420,-1172296.210,357.270
-443716.040,-1172326.790,358.230
-443717.100,-1172321.320,359.030
-443717.000,-1172321.620,358.880
-443716.140,-1172322.970,361.010
-443714.700,-1172322.910,361.120
-443713.230,-1172323.050,361.080
-443714.130,-1172321.700,362.010
-443710.210,-1172323.510,361.070
-443709.860,-1172323.200,361.290
-443718.630,-1172297.440,356.420
-443718.170,-1172298.660,355.820
-443718.690,-1172298.020,356.160
-443718.590,-1172298.300,355.980
-443718.590,-1172296.770,356.950
-443718.380,-1172297.350,356.640
-443717.530,-1172298.430,355.970
-443717.120,-1172298.150,356.230
-443717.370,-1172298.320,356.090
-443708.590,-1172322.290,362.070
-443717.630,-1172296.220,357.390
-443718.080,-1172295.560,357.740
-443717.420,-1172295.700,357.730
-443717.010,-1172296.820,357.010
-443717.050,-1172296.280,357.400
-443706.300,-1172322.740,362.010
-443706.200,-1172323.010,361.800
-443716.780,-1172295.460,357.980
-443710.720,-1172295.690,356.360
-443711.650,-1172295.730,356.290
-443711.550,-1172296.010,356.150
-443711.330,-1172296.600,355.800
-443711.720,-1172296.660,355.750
-443706.720,-1172297.060,358.310
-443699.980,-1172345.890,353.000
-443835.870,-1172312.090,353.250
-443827.710,-1172311.860,354.080
-443817.530,-1172313.920,354.760
-443809.990,-1172314.820,354.870
-443805.960,-1172316.540,353.740
-443806.190,-1172314.980,354.850
-443803.730,-1172290.390,353.540
-443804.930,-1172290.670,353.240
-443805.190,-1172290.440,353.330
-443720.260,-1172299.900,354.980
-443725.150,-1172326.680,354.600
-443771.600,-1172322.100,355.150
-443711.360,-1172299.640,354.020
-443711.400,-1172297.860,355.090
-443711.510,-1172297.380,355.360
-443706.450,-1172301.070,354.610
-443845.340,-1172370.640,374.330
-443826.700,-1172366.650,356.860
-443831.160,-1172354.870,370.830
-443826.550,-1172331.080,370.850
-443837.590,-1172307.110,356.810
-443819.460,-1172310.370,357.280
-443811.860,-1172312.710,356.100
-443814.820,-1172309.180,358.680
-443807.780,-1172310.860,357.950
-443798.150,-1172317.720,357.930
-443799.140,-1172316.900,358.410
-443794.520,-1172320.180,357.310
-443796.440,-1172318.590,357.490
-443797.930,-1172317.340,358.220
-443798.700,-1172316.700,358.540
-443798.960,-1172316.480,358.630
-443793.920,-1172319.850,357.660
-443796.700,-1172316.430,358.830
-443798.130,-1172314.190,360.150
-443794.210,-1172318.000,358.030
-443794.490,-1172317.770,358.110
-443796.250,-1172316.300,358.920
-443791.740,-1172320.560,357.300
-443791.960,-1172319.330,358.070
-443792.700,-1172318.710,358.400
-443794.120,-1172317.530,358.340
-443791.640,-1172317.640,359.160
-443790.720,-1172317.830,359.090
-443792.450,-1172315.100,359.930
-443789.740,-1172318.020,359.330
-443794.750,-1172313.840,360.600
-443791.130,-1172315.670,359.690
-443791.910,-1172314.430,360.440
-443790.230,-1172314.550,360.470
-443783.120,-1172319.570,357.720
-443785.500,-1172316.610,359.480
-443784.860,-1172315.770,360.010
-443784.690,-1172315.280,360.340
-443780.800,-1172318.130,358.840
-443781.190,-1172316.080,360.110
-443780.720,-1172315.890,360.300
-443781.990,-1172314.830,360.840
-443775.010,-1172317.420,359.460
-443770.050,-1172321.000,358.600
-443768.600,-1172320.470,359.020
-443766.830,-1172321.340,358.600
-443766.070,-1172321.330,358.680
-443768.080,-1172319.640,359.590
-443768.580,-1172319.210,359.710
-443766.330,-1172320.210,359.320
-443766.590,-1172320.000,359.390
-443769.350,-1172317.680,360.560
-443766.350,-1172320.650,359.060
-443769.630,-1172317.900,360.410
-443766.210,-1172319.360,359.800
-443767.710,-1172318.100,360.440
-443765.650,-1172319.400,359.800
-443765.890,-1172319.210,359.950
-443766.870,-1172318.380,360.350
-443767.380,-1172317.950,360.530
-443765.690,-1172318.270,360.530
-443765.960,-1172318.040,360.610
-443767.460,-1172316.770,361.210
-443765.810,-1172317.570,360.890
-443766.040,-1172316.940,361.220
-443739.830,-1172326.550,358.160
-443748.680,-1172319.060,359.360
-443747.090,-1172319.740,359.030
-443746.160,-1172320.090,358.850
-443743.150,-1172320.950,358.520
-443736.150,-1172325.170,358.420
-443742.100,-1172318.880,360.000
-443734.020,-1172325.170,358.590
-443735.020,-1172324.310,359.040
-443732.590,-1172325.760,358.230
-443735.320,-1172322.840,359.960
-443739.250,-1172319.500,361.810
-443733.820,-1172322.990,360.010
-443733.690,-1172320.070,361.880
-443731.950,-1172321.550,361.070
-443726.670,-1172322.280,357.650
-443726.120,-1172321.560,358.240
-443736.920,-1172292.130,359.720
-443720.230,-1172295.580,357.640
-443720.980,-1172294.940,357.980
-443719.080,-1172295.860,357.540
-443720.040,-1172295.030,358.000
-443716.440,-1172322.790,361.140
-443715.240,-1172321.550,362.090
-443714.310,-1172321.670,362.070
-443709.700,-1172322.120,362.130
-443710.220,-1172322.310,362.010
-443710.460,-1172322.100,362.090
-443707.160,-1172323.190,361.620
-443708.380,-1172322.730,361.810
-443717.570,-1172298.490,356.040
-443718.050,-1172298.060,356.230
-443718.570,-1172297.020,356.850
-443717.160,-1172297.050,356.940
-443717.080,-1172296.370,357.350
-443718.090,-1172295.500,357.810
-443710.990,-1172296.590,355.870
-443710.720,-1172295.810,356.400
-443701.460,-1172299.560,357.740
