-443801.000,-1172409.040,347.690
-443794.220,-1172417.710,353.340
-443826.250,-1172361.630,354.090
-443802.710,-1172317.910,351.040
-443796.700,-1172331.170,351.020
-443748.910,-1172323.530,355.370
-443743.420,-1172338.350,353.200
-443757.100,-1172322.480,354.340
-443770.130,-1172428.450,361.480
-443830.370,-1172336.720,370.870
-443830.530,-1172343.740,370.790
-443845.680,-1172428.250,374.760
-443847.780,-1172416.170,374.280
-443850.020,-1172397.660,374.890
-443849.480,-1172384.060,374.750
-443841.340,-1172400.570,374.760
-443846.820,-1172385.450,374.310
-443843.430,-1172393.130,374.310
-443835.550,-1172407.900,373.800
-443838.770,-1172347.660,371.110
-443830.930,-1172361.830,370.710
-443826.300,-1172357.530,367.530
-443730.970,-1172321.380,361.190
-443731.980,-1172320.350,361.790
-443748.070,-1172291.050,358.880
-443736.640,-1172325.440,358.370
-443736.760,-1172325.130,358.480
-443737.330,-1172324.600,358.820
-443737.560,-1172324.020,359.070
-443736.910,-1172326.390,358.420
-443751.890,-1172291.110,358.830
-443752.120,-1172290.510,359.040
-443739.840,-1172321.240,360.820
-443739.350,-1172323.410,360.100
-443740.760,-1172320.540,361.380
-443752.090,-1172292.170,358.700
-443752.210,-1172291.870,358.780
-443765.230,-1172316.090,361.750
-443780.690,-1172314.500,361.010
-443784.940,-1172320.960,357.390
-443785.720,-1172320.310,357.970
-443788.230,-1172315.840,359.910
-443812.260,-1172305.910,357.310
-443825.170,-1172332.370,365.140
-443703.340,-1172296.220,358.540
-443717.230,-1172325.220,360.690
-443796.650,-1172417.990,354.200
-443826.820,-1172440.250,351.520
-443794.220,-1172414.160,353.410
-443793.740,-1172423.250,353.150
-443793.070,-1172424.280,352.860
-443792.460,-1172425.240,347.690
-443768.820,-1172402.120,349.590
-443811.730,-1172318.850,351.730
-443802.500,-1172318.640,350.940
-443802.710,-1172317.920,351.080
-443757.130,-1172322.690,354.360
-443748.910,-1172323.530,355.410
-443826.140,-1172346.490,368.160
-443830.490,-1172343.720,370.850
-443847.950,-1172407.790,374.200
-443835.770,-1172415.360,374.620
-443849.540,-1172399.920,374.170
-443846.860,-1172386.070,374.420
-443743.300,-1172291.920,360.510
-443752.100,-1172290.390,359.080
-443744.000,-1172297.160,357.790
-443752.270,-1172290.730,359.010
-443752.070,-1172291.810,358.760
-443752.250,-1172291.990,358.810
-443752.180,-1172292.650,358.680
-443752.470,-1172294.480,358.440
-443752.560,-1172295.790,358.230
-443761.240,-1172290.600,359.310
-443740.010,-1172321.070,360.910
-443737.510,-1172324.060,359.090
-443740.270,-1172321.970,360.960
-443737.300,-1172324.470,358.870
-443739.210,-1172323.470,360.120
-443736.940,-1172326.330,358.490
-443736.700,-1172326.530,358.320
-443780.160,-1172315.150,360.750
-443789.330,-1172313.350,361.750
-443787.280,-1172317.040,359.210
-443787.030,-1172317.260,359.060
-443785.600,-1172319.060,357.980
-443785.350,-1172319.270,357.810
-443785.120,-1172319.470,357.660
-443785.220,-1172321.030,357.560
-443808.080,-1172307.300,357.800
-443698.070,-1172292.770,359.240
-443701.730,-1172296.090,358.250
-443712.870,-1172299.000,357.290
-443704.560,-1172329.420,360.620
-443718.920,-1172318.990,359.060
-443705.210,-1172334.790,360.770
-443826.710,-1172440.170,351.400
-443793.050,-1172424.130,352.790
-443845.770,-1172406.990,374.070
-443849.340,-1172392.870,374.250
-443752.370,-1172295.100,358.010
-443740.360,-1172322.100,360.720
-443752.130,-1172292.270,358.530
-443752.410,-1172290.740,359.010
-443752.090,-1172291.490,358.780
-443739.090,-1172322.110,360.060
-443737.720,-1172325.400,358.740
-443731.340,-1172320.960,361.260
-443731.170,-1172321.380,361.090
-443826.830,-1172440.900,351.280
-443796.550,-1172416.300,354.070
-443800.960,-1172409.110,347.670
-443769.740,-1172421.220,353.770
-443789.640,-1172403.290,351.060
-443802.710,-1172318.640,350.910
-443851.680,-1172416.330,368.020
-443847.500,-1172415.950,374.280
-443846.750,-1172408.240,374.130
-443845.670,-1172407.890,374.120
-443845.780,-1172407.010,374.190
-443847.030,-1172385.490,374.280
-443770.250,-1172429.570,361.450
-443838.810,-1172362.110,370.630
-443810.990,-1172310.790,357.910
-443812.370,-1172306.030,357.220
-443785.150,-1172321.040,357.420
-443786.420,-1172318.040,358.480
-443783.540,-1172317.870,358.770
-443780.680,-1172314.450,361.020
-443736.640,-1172326.400,358.230
-443737.680,-1172325.450,358.890
-443738.010,-1172325.150,359.130
-443741.230,-1172321.390,361.480
-443736.430,-1172325.440,358.150
-443736.800,-1172325.100,358.440
-443737.160,-1172324.780,358.630
-443752.580,-1172295.400,358.220
-443752.390,-1172294.150,358.310
-443752.050,-1172291.880,358.610
-443752.130,-1172290.750,358.920
-443737.940,-1172294.920,359.070
-443738.740,-1172293.220,359.690
-443737.500,-1172293.100,358.930
-443705.380,-1172334.840,360.650
-443718.910,-1172318.930,358.940
-443707.650,-1172329.300,360.900
-443698.830,-1172299.880,356.880
-443701.740,-1172296.170,358.160
-443827.240,-1172440.950,351.520
-443826.640,-1172440.400,351.350
-443777.230,-1172422.910,353.540
-443793.040,-1172416.900,352.930
-443792.890,-1172417.910,352.870
-443792.760,-1172424.320,352.660
-443834.350,-1172387.420,354.200
-443826.290,-1172361.710,354.120
-443789.650,-1172403.150,351.060
-443802.910,-1172318.590,350.940
-443848.510,-1172408.530,374.200
-443848.400,-1172399.960,374.200
-443848.390,-1172395.510,374.350
-443849.430,-1172384.040,374.730
-443851.080,-1172373.850,373.980
-443834.060,-1172375.080,359.900
-443835.560,-1172356.660,370.650
-443838.170,-1172338.200,370.730
-443826.360,-1172364.450,368.170
-443826.220,-1172357.620,367.550
-443826.490,-1172351.380,362.540
-443826.170,-1172347.940,356.910
-443826.140,-1172346.490,368.150
-443752.380,-1172294.330,358.310
-443752.130,-1172291.890,358.680
-443752.100,-1172290.420,359.010
-443751.980,-1172290.740,358.900
-443736.780,-1172326.490,358.310
-443736.810,-1172325.120,358.490
-443736.350,-1172326.390,358.250
-443730.920,-1172321.350,361.100
-443730.810,-1172321.650,360.960
-443738.320,-1172292.410,359.570
-443705.870,-1172337.470,360.690
-443705.210,-1172334.750,360.460
-443704.600,-1172329.270,360.690
-443704.460,-1172327.740,360.700
-443826.670,-1172440.590,351.330
-443826.640,-1172440.400,351.340
-443826.880,-1172440.190,351.470
-443835.880,-1172429.550,352.560
-443835.630,-1172429.360,352.620
-443826.340,-1172433.440,350.550
-443795.390,-1172421.380,353.700
-443792.700,-1172425.220,347.750
-443793.430,-1172423.710,353.020
-443793.640,-1172419.560,353.130
-443793.110,-1172411.770,353.080
-443793.540,-1172413.290,353.180
-443825.960,-1172335.620,354.180
-443826.530,-1172366.800,347.740
-443823.850,-1172310.520,355.200
-443802.900,-1172317.180,351.310
-443756.340,-1172293.480,351.870
-443764.590,-1172311.800,355.160
-443757.110,-1172322.270,354.310
-443743.600,-1172336.250,353.500
-443765.230,-1172318.060,355.130
-443768.860,-1172323.140,350.120
-443718.360,-1172337.220,353.210
-443697.920,-1172297.950,355.630
-443846.800,-1172408.260,374.200
-443845.720,-1172407.010,374.180
-443848.520,-1172400.270,374.180
-443841.220,-1172400.500,374.800
-443834.900,-1172397.800,365.480
-443846.860,-1172386.170,374.390
-443849.320,-1172384.160,374.730
-443830.870,-1172361.850,370.750
-443826.860,-1172364.240,368.240
-443827.050,-1172361.220,357.060
-443826.580,-1172357.580,367.570
-443838.290,-1172342.170,370.720
-443826.640,-1172350.220,368.210
-443826.000,-1172335.580,365.390
-443825.210,-1172332.630,365.150
-443806.920,-1172309.870,358.770
-443787.660,-1172317.980,359.330
-443784.950,-1172319.620,357.550
-443787.640,-1172316.710,359.490
-443780.630,-1172314.530,361.090
-443736.560,-1172326.530,358.250
-443736.820,-1172326.320,358.410
-443737.630,-1172323.910,359.120
-443752.500,-1172295.730,358.120
-443752.380,-1172294.620,358.230
-443752.600,-1172294.430,358.470
-443752.310,-1172294.050,358.370
-443752.180,-1172293.570,358.390
-443752.130,-1172292.300,358.720
-443752.370,-1172292.090,358.780
-443752.320,-1172290.460,359.130
-443752.080,-1172290.670,359.030
-443738.860,-1172294.660,359.750
-443738.210,-1172292.190,359.640
-443699.630,-1172299.410,357.400
