-443827.330,-1172382.400,350.460
-443844.490,-1172415.150,374.360
-443707.540,-1172395.820,352.440
-443821.060,-1172315.200,349.020
-443771.250,-1172322.020,355.530
-443830.370,-1172421.960,354.030
-443735.040,-1172437.570,354.010
-443747.880,-1172437.140,354.330
-443753.260,-1172436.970,353.450
-443755.770,-1172436.540,350.810
-443758.300,-1172436.630,353.860
-443760.680,-1172436.460,353.930
-443761.720,-1172436.280,353.920
-443763.670,-1172436.270,354.060
-443765.920,-1172436.270,353.850
-443827.560,-1172382.280,350.350
-443841.030,-1172312.880,349.570
-443820.950,-1172315.110,349.550
-443793.450,-1172291.390,350.830
-443792.250,-1172319.850,354.620
-443739.120,-1172325.850,352.160
-443719.330,-1172343.050,352.410
-443848.620,-1172432.130,373.790
-443839.910,-1172432.620,363.360
-443830.420,-1172421.950,365.350
-443766.440,-1172436.890,360.780
-443764.400,-1172437.190,360.920
-443759.550,-1172437.200,360.740
-443747.710,-1172437.700,361.070
-443742.060,-1172437.120,356.950
-443741.950,-1172437.410,356.720
-443738.440,-1172438.120,360.700
-443829.840,-1172421.670,348.470
-443735.060,-1172437.650,353.870
-443737.980,-1172437.440,353.980
-443744.050,-1172436.830,354.520
-443746.200,-1172437.120,353.960
-443755.080,-1172436.680,354.230
-443758.890,-1172436.460,354.240
-443759.990,-1172436.340,354.470
-443827.150,-1172382.410,350.340
-443821.190,-1172315.350,349.420
-443793.830,-1172291.380,350.490
-443709.110,-1172337.240,352.300
-443844.210,-1172432.500,373.890
-443830.080,-1172421.460,357.080
-443761.240,-1172437.230,360.690
-443760.680,-1172437.210,360.700
-443760.020,-1172437.150,361.070
-443756.650,-1172437.360,360.870
-443752.980,-1172437.500,360.940
-443749.660,-1172437.660,360.950
-443736.360,-1172438.200,360.960
