-443850.740,-1172299.320,348.230
-443852.570,-1172299.670,348.500
-443812.240,-1172433.520,350.410
-443788.190,-1172425.150,346.980
-443841.750,-1172305.000,354.320
-443841.870,-1172304.700,354.180
-443841.390,-1172304.220,353.810
-443841.520,-1172303.910,353.640
-443840.780,-1172306.470,355.260
-443840.920,-1172306.140,355.220
-443841.400,-1172304.910,354.270
-443841.520,-1172304.600,354.090
-443841.640,-1172304.310,353.920
-443840.650,-1172306.100,355.010
-443840.770,-1172305.780,354.890
-443841.030,-1172305.150,354.440
-443841.150,-1172304.840,354.120
-443841.270,-1172304.530,354.050
-443840.290,-1172305.740,354.780
-443840.410,-1172305.440,354.660
-443840.550,-1172305.100,354.280
-443840.780,-1172304.520,353.880
-443840.900,-1172304.210,353.730
-443841.020,-1172303.900,353.520
-443841.380,-1172302.980,352.880
-443840.170,-1172305.010,354.140
-443840.290,-1172304.720,354.080
-443840.410,-1172304.410,353.810
-443840.540,-1172304.090,353.620
-443840.660,-1172303.790,353.410
-443840.780,-1172303.470,353.230
-443840.910,-1172303.150,353.060
-443841.150,-1172302.550,352.550
-443839.330,-1172306.110,354.870
-443840.190,-1172303.930,353.370
-443840.310,-1172303.630,353.220
-443840.430,-1172303.310,352.980
-443840.560,-1172302.990,352.900
-443840.690,-1172302.660,352.600
-443839.000,-1172306.290,355.160
-443840.230,-1172303.170,352.920
-443840.360,-1172302.860,352.770
-443840.480,-1172302.540,352.550
-443840.730,-1172301.920,352.160
-443838.820,-1172305.660,354.640
-443838.950,-1172305.340,354.450
-443839.190,-1172304.740,354.010
-443839.310,-1172304.420,353.780
-443839.020,-1172304.330,353.700
-443839.520,-1172303.080,352.900
-443839.640,-1172302.770,352.720
-443838.440,-1172304.050,353.520
-443838.680,-1172303.440,353.060
-443838.930,-1172302.810,352.640
-443839.050,-1172302.510,352.510
-443837.860,-1172306.340,355.090
-443838.850,-1172303.850,353.240
-443838.960,-1172303.550,353.210
-443839.210,-1172302.930,352.670
-443839.450,-1172302.310,352.320
-443837.960,-1172305.270,354.400
-443838.290,-1172303.140,352.720
-443838.530,-1172302.540,352.420
-443837.730,-1172303.460,352.910
-443837.980,-1172302.820,352.500
-443838.110,-1172302.490,352.220
-443836.750,-1172302.940,355.160
-443836.880,-1172302.610,354.960
-443836.700,-1172302.190,354.480
-443836.030,-1172302.950,355.110
-443835.500,-1172303.470,355.390
-443835.050,-1172303.350,355.330
-443835.180,-1172303.030,355.160
-443834.790,-1172303.020,355.020
-443834.910,-1172302.710,354.890
-443834.280,-1172303.410,355.280
-443834.410,-1172303.080,355.170
-443834.530,-1172302.760,354.840
-443834.650,-1172302.470,354.710
-443834.010,-1172303.440,355.300
-443834.140,-1172303.130,355.070
-443834.380,-1172302.510,354.530
-443833.800,-1172303.060,354.970
-443833.550,-1172302.910,354.860
-443833.680,-1172302.590,354.670
-443833.040,-1172303.280,355.130
-443832.780,-1172303.080,354.940
-443832.050,-1172303.610,355.220
-443831.560,-1172303.780,355.370
-443831.820,-1172303.130,354.890
-443832.060,-1172302.520,354.630
-443831.160,-1172303.820,355.390
-443831.290,-1172303.490,355.160
-443831.400,-1172303.200,354.900
-443830.790,-1172303.980,355.330
-443830.910,-1172303.690,355.210
-443831.030,-1172303.380,354.960
-443830.590,-1172303.430,355.070
-443830.280,-1172303.310,354.890
-443829.690,-1172303.880,355.270
-443829.810,-1172303.570,355.020
-443829.930,-1172303.270,354.870
-443830.060,-1172302.940,354.710
-443829.260,-1172304.020,355.320
-443829.380,-1172303.720,355.090
-443829.500,-1172303.410,354.860
-443829.620,-1172303.100,354.710
-443829.750,-1172302.780,354.500
-443827.610,-1172307.020,354.850
-443827.730,-1172306.710,354.700
-443828.790,-1172303.980,355.380
-443826.890,-1172307.780,355.210
-443827.010,-1172307.470,355.050
-443827.140,-1172307.150,354.840
-443827.260,-1172306.840,354.580
-443827.380,-1172306.550,354.440
-443827.500,-1172306.250,354.210
-443828.310,-1172304.160,355.330
-443828.680,-1172303.230,354.730
-443826.660,-1172307.450,355.050
-443827.030,-1172306.520,354.340
-443827.150,-1172306.210,354.190
-443827.270,-1172305.910,353.980
-443827.400,-1172305.590,353.770
-443827.530,-1172305.250,353.570
-443827.970,-1172304.120,355.350
-443826.960,-1172305.910,353.910
-443827.080,-1172305.600,353.690
-443827.190,-1172305.320,353.480
-443827.320,-1172305.010,353.260
-443827.560,-1172304.390,352.820
-443827.680,-1172304.090,352.710
-443827.750,-1172303.890,355.010
-443826.220,-1172307.790,355.240
-443825.880,-1172307.730,355.180
-443826.000,-1172307.430,354.910
-443826.120,-1172307.120,354.760
-443826.720,-1172305.600,353.660
-443826.840,-1172305.290,353.480
-443827.200,-1172304.380,352.840
-443827.330,-1172304.060,352.640
-443827.640,-1172303.240,354.610
-443825.500,-1172307.760,355.130
-443825.740,-1172307.150,354.690
-443825.980,-1172306.540,354.280
-443826.470,-1172305.290,353.410
-443827.090,-1172303.730,352.340
-443825.110,-1172307.900,355.230
-443825.230,-1172307.580,355.020
-443825.470,-1172306.980,354.610
-443825.720,-1172306.330,354.180
-443825.840,-1172306.050,353.930
-443825.960,-1172305.740,353.760
-443826.210,-1172305.100,353.240
-443826.460,-1172304.460,352.890
-443826.590,-1172304.130,352.660
-443826.710,-1172303.840,352.450
-443826.820,-1172303.550,352.220
-443826.950,-1172303.240,352.090
-443824.750,-1172307.860,355.100
-443824.990,-1172307.240,354.710
-443825.240,-1172306.620,354.280
-443825.860,-1172305.050,353.170
-443826.090,-1172304.450,352.780
-443826.220,-1172304.130,352.610
-443826.350,-1172303.810,352.370
-443824.270,-1172307.900,355.240
-443824.650,-1172306.950,354.520
-443824.780,-1172306.610,354.340
-443825.010,-1172306.040,353.870
-443825.130,-1172305.730,353.720
-443825.260,-1172305.400,353.390
-443825.380,-1172305.090,353.230
-443825.500,-1172304.790,352.990
-443825.750,-1172304.150,352.610
-443825.880,-1172303.840,352.300
-443825.990,-1172303.540,352.210
-443826.120,-1172303.210,352.070
-443824.000,-1172307.390,354.730
-443824.130,-1172307.070,354.490
-443824.250,-1172306.770,354.300
-443824.370,-1172306.460,354.060
-443824.990,-1172304.900,352.970
-443825.230,-1172304.280,352.550
-443825.350,-1172303.980,352.350
-443825.590,-1172303.380,352.000
-443823.250,-1172307.570,354.860
-443823.380,-1172307.250,354.580
-443823.680,-1172307.250,354.640
-443823.820,-1172306.910,354.410
-443824.300,-1172305.680,353.590
-443824.420,-1172305.390,353.340
-443824.660,-1172304.790,352.880
-443824.780,-1172304.480,352.720
-443825.020,-1172303.870,352.270
-443823.070,-1172307.070,354.500
-443823.180,-1172306.780,354.390
-443823.300,-1172306.480,354.160
-443823.430,-1172306.150,353.890
-443823.550,-1172305.850,353.720
-443824.160,-1172304.310,352.590
-443822.970,-1172306.400,353.990
-443823.210,-1172305.770,353.600
-443823.340,-1172305.460,353.330
-443823.590,-1172304.820,352.900
-443823.950,-1172303.900,352.270
-443824.070,-1172303.600,352.090
-443823.220,-1172304.830,352.870
-443823.340,-1172304.530,352.720
-443823.100,-1172305.150,353.160
-443820.050,-1172305.910,354.640
-443820.170,-1172305.620,354.370
-443819.190,-1172305.180,354.050
-443819.600,-1172305.330,354.120
-443819.720,-1172305.040,353.940
-443818.480,-1172306.990,355.300
-443818.720,-1172306.380,354.850
-443818.850,-1172306.060,354.640
-443818.970,-1172305.760,354.460
-443818.060,-1172307.050,355.270
-443818.180,-1172306.760,355.070
-443818.420,-1172306.150,354.640
-443818.540,-1172305.830,354.450
-443819.020,-1172304.630,353.580
-443819.150,-1172304.300,353.310
-443817.740,-1172306.930,355.140
-443817.850,-1172306.650,354.930
-443818.100,-1172306.020,354.540
-443818.340,-1172305.420,354.050
-443818.590,-1172304.780,353.650
-443818.820,-1172304.190,353.260
-443818.950,-1172303.860,353.110
-443817.430,-1172306.880,355.040
-443817.920,-1172305.640,354.130
-443818.530,-1172304.090,353.110
-443817.520,-1172305.610,354.180
-443817.770,-1172304.990,353.690
-443817.890,-1172304.690,353.550
-443818.010,-1172304.370,353.390
-443816.490,-1172307.280,355.360
-443816.840,-1172306.390,354.710
-443817.090,-1172305.740,354.260
-443817.210,-1172305.450,354.030
-443817.340,-1172305.130,353.750
-443817.460,-1172304.810,353.480
-443817.710,-1172304.190,353.250
-443816.470,-1172306.420,354.730
-443816.600,-1172306.090,354.480
-443816.720,-1172305.780,354.290
-443817.320,-1172304.250,353.260
-443817.440,-1172303.950,353.160
-443815.750,-1172307.190,355.230
-443815.870,-1172306.890,355.080
-443816.120,-1172306.280,354.580
-443816.240,-1172305.960,354.370
-443816.360,-1172305.660,354.180
-443816.720,-1172304.760,353.470
-443816.840,-1172304.450,353.330
-443816.960,-1172304.150,353.120
-443815.850,-1172305.640,354.080
-443815.970,-1172305.330,353.910
-443816.330,-1172304.420,353.290
-443816.460,-1172304.090,353.050
-443800.750,-1172323.980,350.970
-443805.190,-1172308.570,355.380
-443805.320,-1172308.250,355.200
-443805.560,-1172307.640,354.830
-443804.880,-1172308.470,355.340
-443805.250,-1172307.540,354.600
-443805.370,-1172307.230,354.520
-443805.500,-1172306.920,354.400
-443805.610,-1172306.620,354.150
-443805.240,-1172306.890,354.180
-443804.400,-1172306.970,354.360
-443803.800,-1172308.470,355.350
-443803.920,-1172308.170,355.130
-443804.040,-1172307.870,354.850
-443803.550,-1172308.040,354.980
-443804.530,-1172305.570,353.240
-443803.090,-1172308.380,355.100
-443803.210,-1172308.090,354.920
-443802.850,-1172307.720,354.660
-443803.460,-1172306.170,353.600
-443804.070,-1172305.920,353.470
-443802.280,-1172308.090,354.870
-443802.410,-1172307.760,354.690
-443802.650,-1172307.160,354.200
-443802.770,-1172306.850,354.060
-443802.040,-1172308.690,355.280
-443801.610,-1172308.750,355.320
-443801.730,-1172308.460,355.190
-443801.970,-1172307.830,354.620
-443802.460,-1172306.610,353.830
-443802.590,-1172306.280,353.710
-443801.400,-1172307.470,354.390
-443801.370,-1172308.540,355.080
-443801.650,-1172305.950,353.310
-443801.220,-1172306.100,353.410
-443722.480,-1172315.410,355.510
-443722.850,-1172315.280,355.340
-443723.260,-1172315.300,355.410
-443723.500,-1172315.370,355.480
-443724.090,-1172315.120,355.370
-443724.220,-1172314.820,355.220
-443724.350,-1172315.260,355.450
-443724.470,-1172314.970,355.290
-443725.370,-1172315.080,355.440
-443725.490,-1172314.790,355.260
-443725.610,-1172314.480,355.090
-443725.720,-1172314.890,355.320
-443754.030,-1172329.330,354.980
-443717.780,-1172290.520,355.520
-443716.990,-1172290.650,355.560
-443714.800,-1172290.440,355.330
-443714.400,-1172290.500,355.360
-443714.020,-1172290.620,355.400
-443713.670,-1172290.850,355.550
-443712.640,-1172290.500,355.260
-443712.210,-1172290.670,355.310
-443711.030,-1172290.840,355.380
-443711.510,-1172290.620,355.220
-443710.840,-1172290.450,355.100
-443710.470,-1172291.360,355.530
-443710.600,-1172291.050,355.440
-443710.720,-1172290.750,355.210
-443736.530,-1172438.430,361.810
-443737.090,-1172438.120,361.790
-443737.940,-1172437.920,361.450
-443737.370,-1172438.350,361.850
-443745.550,-1172438.020,361.840
-443745.770,-1172437.460,361.440
-443747.080,-1172437.480,361.480
-443748.170,-1172437.430,361.450
-443752.550,-1172437.280,361.460
-443755.780,-1172437.580,361.850
-443757.230,-1172437.110,361.460
-443761.350,-1172436.900,361.470
-443762.890,-1172436.740,361.450
-443770.230,-1172436.710,361.810
-443830.420,-1172335.710,370.600
-443840.340,-1172415.570,374.300
-443837.230,-1172417.830,374.220
-443838.940,-1172378.580,374.320
-443836.090,-1172366.760,370.780
-443834.290,-1172366.810,370.790
-443832.290,-1172367.020,371.040
-443831.520,-1172366.870,370.790
-443829.950,-1172367.010,371.020
-443828.320,-1172367.080,370.980
-443828.070,-1172366.910,370.810
-443718.100,-1172290.610,355.660
-443718.350,-1172290.800,355.760
-443718.470,-1172290.500,355.570
-443718.910,-1172290.660,355.760
-443718.420,-1172292.830,357.070
-443718.800,-1172292.860,357.110
-443718.930,-1172292.530,356.960
-443719.540,-1172291.040,356.020
-443719.660,-1172290.740,355.830
-443719.780,-1172290.450,355.590
-443719.170,-1172292.560,356.930
-443719.780,-1172291.070,356.040
-443718.980,-1172294.020,357.840
-443719.720,-1172292.210,356.790
-443719.960,-1172291.610,356.360
-443720.220,-1172290.990,356.000
-443720.330,-1172290.700,355.840
-443719.170,-1172294.420,358.050
-443719.530,-1172293.530,357.480
-443719.890,-1172292.650,357.070
-443720.010,-1172292.360,356.890
-443720.130,-1172292.050,356.750
-443720.260,-1172291.740,356.510
-443720.500,-1172291.160,356.130
-443720.620,-1172290.850,355.970
-443720.750,-1172290.540,355.790
-443719.630,-1172294.270,358.070
-443719.990,-1172293.390,357.540
-443720.110,-1172293.090,357.270
-443720.470,-1172292.210,356.830
-443721.070,-1172290.720,355.920
-443720.280,-1172293.430,357.640
-443720.650,-1172292.530,357.110
-443720.770,-1172292.230,356.870
-443720.530,-1172294.010,358.010
-443720.900,-1172293.100,357.520
-443720.880,-1172294.090,357.990
-443727.510,-1172294.110,355.740
-443720.270,-1172315.770,357.690
-443729.820,-1172295.520,357.660
-443720.440,-1172320.450,358.920
-443720.570,-1172320.120,358.720
-443721.350,-1172320.030,358.660
-443721.470,-1172319.730,358.480
-443721.580,-1172319.450,358.300
-443721.690,-1172319.180,358.110
-443721.820,-1172318.860,357.880
-443722.540,-1172317.070,356.660
-443723.020,-1172315.880,355.890
-443722.130,-1172317.050,356.500
-443722.490,-1172316.160,355.980
-443722.600,-1172315.880,355.750
-443722.720,-1172315.600,355.560
-443721.440,-1172320.450,358.920
-443722.060,-1172318.920,357.960
-443722.770,-1172317.170,356.710
-443722.040,-1172320.190,358.900
-443722.290,-1172319.580,358.510
-443722.410,-1172319.290,358.300
-443723.140,-1172317.490,357.030
-443723.260,-1172317.190,356.820
-443723.490,-1172316.610,356.460
-443723.610,-1172316.310,356.230
-443723.850,-1172315.720,355.820
-443723.970,-1172315.430,355.600
-443722.430,-1172320.010,358.740
-443722.670,-1172319.420,358.360
-443722.780,-1172319.140,358.140
-443723.020,-1172318.550,357.750
-443723.150,-1172318.230,357.480
-443723.380,-1172317.650,357.080
-443723.500,-1172317.370,356.920
-443723.870,-1172316.460,356.290
-443724.120,-1172315.840,355.860
-443724.240,-1172315.550,355.660
-443722.750,-1172320.130,358.900
-443723.940,-1172317.190,356.840
-443724.060,-1172316.890,356.690
-443724.180,-1172316.590,356.470
-443724.540,-1172315.710,355.820
-443724.660,-1172315.410,355.640
-443734.500,-1172290.920,358.830
-443723.730,-1172318.110,357.480
-443724.210,-1172316.930,356.650
-443724.320,-1172316.650,356.380
-443724.680,-1172315.750,355.810
-443724.810,-1172315.440,355.610
-443734.530,-1172291.230,359.070
-443723.580,-1172319.500,358.570
-443723.820,-1172318.900,358.070
-443723.950,-1172318.600,357.920
-443724.890,-1172316.270,356.250
-443725.020,-1172315.950,356.090
-443724.770,-1172317.230,356.910
-443725.370,-1172315.760,355.900
-443725.490,-1172315.470,355.670
-443735.190,-1172291.280,359.080
-443735.310,-1172290.980,358.840
-443724.320,-1172319.470,358.550
-443724.440,-1172319.170,358.390
-443724.680,-1172318.580,357.850
-443724.810,-1172318.270,357.690
-443725.040,-1172317.680,357.350
-443725.160,-1172317.400,357.100
-443725.280,-1172317.090,356.870
-443725.410,-1172316.780,356.690
-443725.640,-1172316.200,356.310
-443735.830,-1172290.820,358.780
-443724.980,-1172318.570,357.930
-443725.110,-1172318.260,357.640
-443735.770,-1172291.710,359.480
-443735.900,-1172291.400,359.300
-443725.340,-1172319.070,358.360
-443725.830,-1172317.860,357.520
-443725.940,-1172317.590,357.350
-443736.370,-1172291.610,359.540
-443736.730,-1172290.730,358.880
-443726.140,-1172317.940,357.570
-443736.690,-1172291.670,359.520
-443736.800,-1172291.370,359.350
-443737.160,-1172290.480,358.580
-443737.220,-1172291.400,359.430
-443737.440,-1172291.580,359.530
-443737.690,-1172290.960,359.090
-443726.430,-1172318.280,357.840
-443737.950,-1172291.570,359.610
-443738.320,-1172290.650,358.970
-443729.800,-1172314.740,358.550
-443729.920,-1172314.430,358.380
-443730.040,-1172314.140,358.280
-443739.130,-1172291.490,359.590
-443739.370,-1172290.880,359.180
-443730.050,-1172316.080,359.450
-443730.170,-1172315.780,359.260
-443730.290,-1172315.470,359.060
-443730.410,-1172315.180,358.870
-443730.770,-1172314.280,358.340
-443730.900,-1172313.970,358.190
-443739.990,-1172291.300,359.530
-443740.110,-1172291.000,359.360
-443729.890,-1172315.740,359.280
-443730.020,-1172315.420,359.050
-443730.140,-1172315.130,358.870
-443730.260,-1172314.830,358.700
-443730.130,-1172316.920,360.040
-443730.250,-1172316.630,359.890
-443730.730,-1172315.450,359.160
-443731.210,-1172314.260,358.440
-443740.430,-1172291.280,359.640
-443730.060,-1172317.710,360.560
-443730.310,-1172317.090,360.170
-443730.900,-1172315.620,359.240
-443731.020,-1172315.340,359.040
-443731.380,-1172314.450,358.500
-443740.710,-1172291.190,359.570
-443731.090,-1172316.480,359.810
-443731.330,-1172315.880,359.450
-443741.400,-1172290.800,359.430
-443730.800,-1172318.040,360.810
-443731.640,-1172315.960,359.470
-443732.010,-1172315.050,358.900
-443732.250,-1172314.440,358.530
-443732.390,-1172315.160,359.060
-443732.510,-1172314.850,358.880
-443731.670,-1172317.590,360.560
-443731.790,-1172317.280,360.340
-443732.400,-1172315.790,359.430
-443732.880,-1172314.580,358.670
-443742.320,-1172291.030,359.680
-443742.440,-1172290.730,359.500
-443732.030,-1172317.960,360.880
-443732.270,-1172317.370,360.520
-443732.390,-1172317.070,360.300
-443732.500,-1172316.790,360.150
-443732.610,-1172316.510,359.950
-443732.980,-1172315.610,359.410
-443733.110,-1172315.290,359.240
-443733.330,-1172314.720,358.890
-443733.580,-1172314.100,358.470
-443731.920,-1172318.230,361.080
-443732.050,-1172318.690,361.310
-443733.830,-1172314.270,358.600
-443732.970,-1172317.360,360.550
-443733.450,-1172316.170,359.790
-443733.570,-1172315.860,359.620
-443733.690,-1172315.580,359.450
-443734.040,-1172314.710,358.890
-443734.280,-1172314.120,358.570
-443733.180,-1172317.370,360.550
-443733.300,-1172317.060,360.360
-443733.420,-1172316.770,360.160
-443733.660,-1172316.170,359.780
-443733.790,-1172315.860,359.590
-443733.900,-1172315.570,359.380
-443734.270,-1172314.670,358.880
-443734.390,-1172314.370,358.700
-443734.500,-1172314.090,358.510
-443732.340,-1172319.450,361.770
-443732.590,-1172318.840,361.490
-443732.710,-1172318.530,361.270
-443732.830,-1172318.240,361.050
-443732.940,-1172317.950,360.900
-443732.860,-1172319.200,361.720
-443734.050,-1172316.250,359.870
-443734.670,-1172314.730,358.970
-443735.150,-1172313.530,358.060
-443733.400,-1172318.730,361.460
-443733.760,-1172317.830,360.770
-443733.880,-1172317.540,360.720
-443734.120,-1172316.930,360.290
-443734.610,-1172315.720,359.540
-443734.730,-1172315.430,359.390
-443734.840,-1172315.150,359.200
-443734.960,-1172314.840,359.040
-443735.090,-1172314.530,358.850
-443735.330,-1172313.930,358.450
-443735.450,-1172313.630,358.030
-443733.620,-1172319.380,361.920
-443734.090,-1172318.230,361.190
-443734.210,-1172317.930,360.980
-443734.810,-1172316.440,360.080
-443735.400,-1172314.970,359.170
-443736.040,-1172314.180,358.710
-443736.170,-1172313.870,358.540
-443734.260,-1172318.620,361.460
-443734.380,-1172318.310,361.250
-443734.490,-1172318.020,361.060
-443734.610,-1172317.730,360.880
-443735.080,-1172316.560,360.140
-443735.200,-1172316.270,359.950
-443735.320,-1172315.970,359.780
-443735.690,-1172315.060,359.230
-443735.800,-1172314.780,359.050
-443734.550,-1172319.230,361.860
-443734.670,-1172318.940,361.690
-443734.790,-1172318.630,361.550
-443734.910,-1172318.330,361.360
-443735.980,-1172315.680,359.720
-443736.110,-1172315.370,359.500
-443734.910,-1172319.090,361.750
-443735.390,-1172317.910,361.020
-443735.870,-1172316.710,360.230
-443736.110,-1172316.110,359.910
-443736.580,-1172314.940,359.170
-443736.820,-1172314.350,358.800
-443736.940,-1172314.050,358.640
-443737.050,-1172313.770,358.470
-443735.490,-1172318.610,361.440
-443735.850,-1172317.730,361.000
-443735.970,-1172317.430,360.740
-443736.090,-1172317.130,360.570
-443736.320,-1172316.550,360.190
-443736.570,-1172315.950,359.840
-443736.940,-1172315.020,359.290
-443737.050,-1172314.750,359.110
-443735.640,-1172318.750,361.600
-443735.880,-1172318.160,361.250
-443736.000,-1172317.850,361.070
-443736.130,-1172317.540,360.910
-443736.250,-1172317.230,360.690
-443736.370,-1172316.930,360.510
-443736.490,-1172316.640,360.300
-443736.610,-1172316.350,360.140
-443736.850,-1172315.760,359.770
-443736.970,-1172315.450,359.600
-443737.210,-1172314.860,359.230
-443737.330,-1172314.550,359.010
-443737.460,-1172314.250,358.830
-443737.570,-1172313.950,358.660
-443737.140,-1172316.290,360.130
-443737.500,-1172315.380,359.560
-443736.440,-1172318.900,361.760
-443736.670,-1172318.330,361.390
-443736.910,-1172317.730,361.070
-443737.030,-1172317.440,360.820
-443737.140,-1172317.160,360.690
-443737.380,-1172316.570,360.310
-443737.620,-1172315.960,359.940
-443737.750,-1172315.650,359.770
-443737.860,-1172315.370,359.580
-443737.980,-1172315.060,359.360
-443738.230,-1172314.450,359.070
-443737.190,-1172318.210,361.380
-443737.900,-1172316.460,360.310
-443738.010,-1172316.160,360.170
-443738.730,-1172314.370,359.000
-443738.850,-1172314.090,358.890
-443737.200,-1172318.890,361.840
-443737.450,-1172318.270,361.430
-443737.930,-1172317.070,360.690
-443738.050,-1172316.780,360.520
-443738.160,-1172316.490,360.290
-443738.390,-1172315.910,359.960
-443738.630,-1172315.320,359.620
-443738.750,-1172315.030,359.400
-443738.860,-1172314.750,359.260
-443738.990,-1172314.440,359.060
-443739.230,-1172313.830,358.730
-443739.350,-1172313.530,358.520
-443739.470,-1172313.240,358.330
-443737.900,-1172318.330,361.530
-443738.510,-1172316.810,360.580
-443739.340,-1172314.730,359.310
-443739.460,-1172314.460,359.150
-443739.700,-1172313.850,358.770
-443739.820,-1172313.550,358.600
-443738.160,-1172318.350,361.560
-443738.280,-1172318.050,361.380
-443738.400,-1172317.760,361.140
-443738.510,-1172317.480,360.950
-443738.620,-1172317.190,360.740
-443738.750,-1172316.880,360.630
-443738.870,-1172316.570,360.430
-443738.990,-1172316.280,360.240
-443739.110,-1172315.980,360.050
-443739.240,-1172315.670,359.880
-443739.480,-1172315.080,359.490
-443739.600,-1172314.770,359.340
-443739.720,-1172314.470,359.120
-443739.840,-1172314.170,358.970
-443739.960,-1172313.880,358.790
-443740.190,-1172313.310,358.500
-443738.640,-1172318.000,361.300
-443738.880,-1172317.400,360.970
-443739.000,-1172317.100,360.770
-443739.360,-1172316.190,360.250
-443740.090,-1172314.390,359.200
-443738.910,-1172317.790,361.190
-443739.040,-1172317.480,361.000
-443739.160,-1172317.190,360.870
-443739.270,-1172316.900,360.640
-443739.520,-1172316.290,360.280
-443739.640,-1172315.980,360.150
-443739.760,-1172315.670,359.930
-443739.000,-1172318.640,361.690
-443740.080,-1172315.980,360.140
-443740.440,-1172315.070,359.680
-443740.930,-1172313.870,358.920
-443741.040,-1172313.570,358.760
-443741.160,-1172313.280,358.460
-443741.410,-1172312.670,358.110
-443739.390,-1172318.500,361.670
-443739.980,-1172317.050,360.790
-443740.220,-1172316.460,360.360
-443740.820,-1172314.960,359.540
-443740.930,-1172314.670,359.400
-443741.670,-1172312.830,358.170
-443741.790,-1172312.550,358.100
-443740.080,-1172317.690,361.240
-443740.310,-1172317.110,360.930
-443741.140,-1172315.050,359.760
-443741.380,-1172314.450,359.280
-443741.740,-1172313.560,358.700
-443741.860,-1172313.250,358.570
-443742.100,-1172312.670,358.100
-443739.960,-1172317.990,361.380
-443740.230,-1172318.040,361.500
-443740.960,-1172316.230,360.440
-443741.070,-1172315.950,360.280
-443741.200,-1172315.640,360.060
-443741.310,-1172315.350,359.820
-443741.540,-1172314.780,359.480
-443741.780,-1172314.180,359.140
-443742.140,-1172313.300,358.550
-443742.260,-1172313.000,358.370
-443742.380,-1172312.700,358.120
-443742.500,-1172312.390,358.080
-443739.990,-1172318.650,361.820
-443740.120,-1172318.340,361.630
-443742.400,-1172313.880,358.940
-443742.630,-1172313.300,358.540
-443741.190,-1172316.880,360.890
-443741.440,-1172316.270,360.540
-443742.040,-1172314.770,359.550
-443742.290,-1172314.160,359.150
-443741.630,-1172316.760,360.790
-443741.750,-1172316.460,360.750
-443742.830,-1172313.770,358.960
-443742.950,-1172313.490,358.830
-443741.950,-1172316.870,360.920
-443742.210,-1172316.230,360.500
-443742.330,-1172315.930,360.340
-443742.570,-1172315.330,359.910
-443742.920,-1172314.470,359.390
-443743.280,-1172313.560,358.800
-443743.410,-1172313.250,358.670
-443743.540,-1172312.930,358.430
-443742.650,-1172315.810,360.330
-443743.260,-1172314.280,359.360
-443743.380,-1172313.980,359.010
-443743.490,-1172313.690,358.980
-443743.610,-1172313.400,358.790
-443743.970,-1172312.500,358.130
-443743.300,-1172315.220,359.900
-443744.150,-1172313.110,358.600
-443743.360,-1172315.970,360.460
-443743.600,-1172315.380,359.980
-443744.070,-1172314.200,359.350
-443744.550,-1172313.000,358.490
-443744.680,-1172312.700,358.120
-443743.850,-1172315.910,360.340
-443744.080,-1172315.320,360.010
-443744.210,-1172315.010,359.840
-443744.440,-1172314.420,359.440
-443744.550,-1172314.150,359.270
-443743.910,-1172316.610,360.770
-443744.150,-1172316.020,360.510
-443744.400,-1172315.400,360.140
-443744.520,-1172315.090,359.940
-443744.640,-1172314.800,359.670
-443744.770,-1172314.490,359.590
-443744.770,-1172315.700,360.340
-443744.890,-1172315.400,360.060
-443745.380,-1172314.190,359.380
-443745.500,-1172313.880,359.220
-443744.920,-1172316.040,360.510
-443745.290,-1172315.120,359.990
-443745.760,-1172313.960,359.270
-443745.890,-1172313.640,359.070
-443746.250,-1172312.740,358.500
-443746.370,-1172312.430,358.290
-443746.120,-1172313.730,359.210
-443746.250,-1172313.430,358.910
-443745.160,-1172316.570,360.910
-443745.270,-1172316.280,360.750
-443745.520,-1172315.670,360.320
-443745.880,-1172314.770,359.730
-443745.990,-1172314.490,359.650
-443746.110,-1172314.200,359.460
-443746.230,-1172313.890,359.230
-443746.360,-1172313.580,359.050
-443746.480,-1172313.270,358.860
-443746.600,-1172312.970,358.670
-443745.730,-1172316.100,360.490
-443746.560,-1172314.040,359.330
-443746.800,-1172313.420,359.070
-443746.190,-1172315.870,360.520
-443746.550,-1172314.960,359.930
-443746.780,-1172314.390,359.590
-443747.250,-1172313.210,358.850
-443747.370,-1172312.910,358.630
-443747.240,-1172314.340,359.610
-443747.480,-1172313.740,359.270
-443747.710,-1172313.160,358.850
-443747.830,-1172312.870,358.690
-443748.060,-1172312.280,358.310
-443747.850,-1172313.770,359.350
-443748.200,-1172312.880,358.700
-443767.480,-1172294.170,359.130
-443765.250,-1172310.550,358.500
-443765.380,-1172310.240,358.270
-443765.500,-1172309.920,358.000
-443764.920,-1172310.440,358.300
-443765.260,-1172312.330,359.550
-443765.610,-1172311.450,359.060
-443765.290,-1172311.230,358.860
-443765.420,-1172310.900,358.630
-443765.650,-1172310.320,358.300
-443765.580,-1172314.040,360.690
-443765.710,-1172313.720,360.420
-443765.820,-1172313.440,360.320
-443766.430,-1172311.910,359.390
-443767.030,-1172310.400,358.430
-443767.150,-1172310.100,358.220
-443767.270,-1172309.800,358.070
-443765.550,-1172313.190,360.140
-443766.520,-1172310.750,358.670
-443766.870,-1172309.860,358.120
-443766.180,-1172310.670,358.520
-443766.870,-1172313.600,360.520
-443766.980,-1172313.320,360.400
-443767.340,-1172312.440,359.810
-443767.460,-1172312.130,359.580
-443767.580,-1172311.840,359.390
-443765.960,-1172314.950,361.250
-443766.300,-1172314.100,360.690
-443766.780,-1172312.900,359.980
-443767.030,-1172312.280,359.610
-443767.140,-1172311.980,359.440
-443767.270,-1172311.670,359.250
-443767.390,-1172311.370,359.060
-443767.870,-1172310.150,358.310
-443767.990,-1172309.860,358.220
-443765.810,-1172314.620,361.160
-443766.420,-1172313.100,360.150
-443766.530,-1172312.820,359.990
-443766.640,-1172312.530,359.820
-443767.490,-1172310.400,358.550
-443767.730,-1172309.800,358.050
-443767.490,-1172314.810,361.270
-443767.620,-1172314.490,361.050
-443767.740,-1172314.200,360.840
-443767.860,-1172313.880,360.700
-443767.990,-1172313.560,360.530
-443768.460,-1172312.380,359.760
-443768.580,-1172312.070,359.550
-443769.060,-1172310.860,358.890
-443769.180,-1172310.570,358.700
-443769.420,-1172309.960,358.320
-443767.510,-1172313.960,360.710
-443768.000,-1172312.730,359.990
-443768.590,-1172311.230,359.130
-443767.360,-1172313.220,360.280
-443767.840,-1172312.020,359.530
-443767.950,-1172311.740,359.350
-443768.070,-1172311.430,359.180
-443768.190,-1172311.140,358.930
-443768.660,-1172309.940,358.280
-443768.060,-1172315.430,361.700
-443768.180,-1172315.130,361.440
-443768.770,-1172313.630,360.530
-443768.900,-1172313.320,360.380
-443769.010,-1172313.030,360.170
-443769.630,-1172311.480,359.300
-443769.750,-1172311.190,359.070
-443770.220,-1172309.990,358.370
-443770.340,-1172309.690,358.190
-443770.460,-1172309.400,358.040
-443768.550,-1172313.170,360.260
-443768.790,-1172312.560,359.910
-443769.020,-1172311.980,359.560
-443769.140,-1172311.680,359.370
-443769.980,-1172309.550,358.210
-443769.990,-1172309.550,358.010
-443770.080,-1172312.340,359.830
-443768.800,-1172314.750,361.370
-443768.910,-1172314.460,361.080
-443769.140,-1172313.880,360.830
-443770.830,-1172309.630,358.360
-443770.950,-1172309.340,358.030
-443769.640,-1172314.390,361.190
-443770.000,-1172313.470,360.580
-443770.120,-1172313.170,360.440
-443770.240,-1172312.870,360.250
-443770.700,-1172311.700,359.580
-443771.300,-1172310.210,358.580
-443771.410,-1172309.910,358.440
-443771.540,-1172309.600,358.320
-443769.130,-1172314.740,361.400
-443769.260,-1172314.420,361.150
-443769.370,-1172314.130,360.960
-443769.490,-1172313.830,360.760
-443769.610,-1172313.530,360.590
-443769.760,-1172314.990,361.530
-443769.990,-1172314.410,361.170
-443771.430,-1172310.770,359.010
-443771.660,-1172310.210,358.610
-443771.780,-1172309.900,358.540
-443770.640,-1172314.620,361.400
-443772.320,-1172310.390,358.850
-443772.700,-1172309.440,358.130
-443770.290,-1172314.700,361.370
-443771.020,-1172312.880,360.270
-443772.460,-1172309.250,358.150
-443771.060,-1172314.560,361.330
-443771.300,-1172313.950,360.930
-443771.660,-1172313.040,360.430
-443771.780,-1172312.750,360.270
-443772.140,-1172311.840,359.710
-443772.390,-1172311.210,359.440
-443772.860,-1172310.030,358.600
-443772.980,-1172309.710,358.340
-443773.100,-1172309.410,358.320
-443770.410,-1172315.200,361.730
-443770.520,-1172314.930,361.520
-443771.330,-1172314.970,361.620
-443771.680,-1172314.090,361.060
-443771.910,-1172313.510,360.720
-443772.160,-1172312.890,360.360
-443772.270,-1172312.610,360.080
-443772.390,-1172312.300,360.010
-443772.750,-1172311.400,359.420
-443773.000,-1172310.760,359.060
-443773.370,-1172309.830,358.520
-443771.830,-1172314.990,361.720
-443772.070,-1172314.380,361.270
-443772.310,-1172313.780,360.910
-443772.650,-1172312.910,360.450
-443773.010,-1172312.010,359.920
-443773.250,-1172311.410,359.550
-443773.610,-1172310.500,358.940
-443773.730,-1172310.200,358.830
-443772.840,-1172313.350,360.620
-443772.970,-1172313.010,360.440
-443773.450,-1172311.830,359.670
-443773.560,-1172311.540,359.590
-443774.400,-1172309.430,358.390
-443772.640,-1172314.880,361.710
-443772.750,-1172314.600,361.500
-443773.600,-1172312.460,360.200
-443773.840,-1172311.860,359.870
-443774.310,-1172310.660,359.120
-443774.430,-1172310.380,358.920
-443774.670,-1172309.770,358.640
-443773.380,-1172313.910,360.990
-443773.490,-1172313.630,360.880
-443773.610,-1172313.330,360.680
-443773.720,-1172313.030,360.560
-443773.970,-1172312.430,360.240
-443774.080,-1172312.130,359.980
-443774.210,-1172311.820,359.880
-443774.460,-1172311.190,359.420
-443774.690,-1172310.590,359.140
-443774.810,-1172310.310,359.000
-443774.310,-1172312.710,360.460
-443774.610,-1172312.670,360.380
-443775.220,-1172311.140,359.530
-443774.600,-1172313.760,361.140
-443774.720,-1172313.460,360.940
-443774.840,-1172313.170,360.810
-443775.200,-1172312.250,360.220
-443775.320,-1172311.950,360.050
-443775.340,-1172312.890,360.600
-443778.660,-1172308.590,357.320
-443778.600,-1172309.910,358.260
-443778.970,-1172308.990,357.620
-443779.090,-1172308.680,357.480
-443778.720,-1172310.190,358.420
-443778.840,-1172309.880,358.210
-443779.310,-1172308.700,357.510
-443778.730,-1172311.070,358.900
-443779.700,-1172308.610,357.460
-443778.730,-1172311.830,359.410
-443779.080,-1172310.920,358.910
-443779.200,-1172310.640,358.670
-443779.680,-1172309.420,357.930
-443779.800,-1172309.120,357.790
-443779.920,-1172308.820,357.720
-443779.320,-1172311.620,359.340
-443779.440,-1172311.300,359.170
-443780.030,-1172309.830,358.260
-443780.140,-1172309.540,358.060
-443780.390,-1172308.920,357.700
-443779.610,-1172311.630,359.400
-443779.730,-1172311.330,359.180
-443780.340,-1172309.800,358.300
-443780.460,-1172309.510,358.080
-443780.800,-1172308.630,357.500
-443779.890,-1172312.040,359.720
-443780.010,-1172311.730,359.530
-443780.980,-1172309.280,358.050
-443781.220,-1172308.680,357.660
-443781.340,-1172308.380,357.420
-443779.820,-1172313.010,360.200
-443779.930,-1172312.730,360.130
-443780.540,-1172311.190,359.180
-443781.500,-1172308.770,357.790
-443780.550,-1172312.810,360.210
-443780.900,-1172311.920,359.670
-443781.020,-1172311.620,359.460
-443781.250,-1172311.030,359.120
-443781.380,-1172310.710,358.940
-443780.120,-1172313.340,360.610
-443780.360,-1172312.740,360.100
-443781.450,-1172309.990,358.530
-443781.000,-1172312.710,360.100
-443781.110,-1172312.430,359.960
-443781.340,-1172311.840,359.570
-443782.050,-1172310.050,358.570
-443782.660,-1172308.520,357.710
-443780.940,-1172313.880,360.870
-443781.050,-1172313.590,360.800
-443781.420,-1172312.650,360.210
-443781.530,-1172312.370,359.920
-443782.250,-1172310.560,358.910
-443782.360,-1172310.280,358.760
-443782.720,-1172309.370,358.180
-443782.960,-1172308.760,357.840
-443783.320,-1172307.860,357.270
-443784.200,-1172308.050,357.440
-443781.730,-1172313.400,360.710
-443782.460,-1172311.560,359.410
-443782.820,-1172310.660,358.910
-443783.170,-1172309.760,358.480
-443783.280,-1172309.470,358.250
-443783.340,-1172311.460,359.560
-443783.460,-1172311.160,359.380
-443783.570,-1172310.870,359.200
-443784.170,-1172309.350,358.240
-443784.290,-1172309.050,358.140
-443784.420,-1172308.730,357.910
-443784.780,-1172307.820,357.290
-443782.160,-1172313.200,360.560
-443782.290,-1172312.880,360.340
-443782.760,-1172311.690,359.720
-443782.880,-1172311.390,359.440
-443783.000,-1172311.080,359.220
-443783.360,-1172310.170,358.720
-443783.490,-1172309.850,358.460
-443783.730,-1172309.230,358.090
-443782.960,-1172313.450,360.790
-443783.320,-1172312.530,360.120
-443783.570,-1172311.910,359.800
-443784.420,-1172309.760,358.510
-443784.770,-1172308.880,358.010
-443784.890,-1172308.570,357.840
-443785.010,-1172308.260,357.550
-443783.520,-1172313.390,360.810
-443783.630,-1172313.110,360.640
-443784.350,-1172311.290,359.440
-443784.480,-1172310.980,359.280
-443784.590,-1172310.690,359.120
-443784.830,-1172310.080,358.810
-443784.960,-1172309.760,358.590
-443785.080,-1172309.460,358.360
-443783.990,-1172313.060,360.640
-443784.120,-1172312.750,360.430
-443784.690,-1172311.290,359.530
-443785.300,-1172309.760,358.590
-443785.420,-1172309.450,358.450
-443784.630,-1172312.690,360.360
-443784.870,-1172312.090,360.070
-443786.420,-1172308.170,357.640
-443786.530,-1172307.890,357.450
-443784.990,-1172312.850,360.540
-443785.100,-1172312.560,360.320
-443785.340,-1172311.950,359.990
-443785.480,-1172311.620,359.780
-443785.590,-1172311.330,359.480
-443785.830,-1172310.710,359.140
-443785.950,-1172310.420,359.090
-443786.070,-1172310.130,358.880
-443786.300,-1172309.530,358.520
-443786.540,-1172308.930,357.960
-443786.780,-1172308.330,357.810
-443787.010,-1172307.740,357.460
-443785.510,-1172312.890,360.650
-443785.810,-1172313.020,360.690
-443786.430,-1172311.450,359.740
-443787.020,-1172309.960,358.820
-443787.630,-1172308.420,357.890
-443787.990,-1172309.550,358.650
-443788.110,-1172309.250,358.400
-443788.820,-1172307.440,357.370
-443786.120,-1172313.320,360.970
-443786.490,-1172312.390,360.280
-443787.220,-1172310.540,359.140
-443787.570,-1172309.660,358.680
-443788.180,-1172308.110,357.810
-443787.230,-1172312.480,360.500
-443788.060,-1172310.360,359.140
-443788.310,-1172309.750,358.790
-443788.420,-1172309.470,358.620
-443786.540,-1172313.210,360.870
-443786.660,-1172312.910,360.520
-443786.770,-1172312.620,360.440
-443787.010,-1172312.020,360.140
-443787.140,-1172311.700,359.970
-443787.250,-1172311.400,359.720
-443787.610,-1172310.490,359.210
-443787.660,-1172312.980,360.850
-443787.900,-1172312.370,360.380
-443788.140,-1172311.760,360.100
-443788.500,-1172310.860,359.510
-443789.580,-1172308.140,357.810
-443789.680,-1172307.860,357.650
-443787.580,-1172312.230,360.270
-443787.830,-1172311.610,359.820
-443788.050,-1172311.040,359.500
-443788.290,-1172310.440,359.250
-443788.770,-1172309.230,358.590
-443788.200,-1172312.620,360.530
-443789.410,-1172309.570,358.680
-443789.650,-1172308.960,358.310
-443789.770,-1172308.670,358.220
-443789.890,-1172308.370,357.970
-443790.120,-1172307.770,357.610
-443790.240,-1172307.490,357.570
-443790.360,-1172307.180,357.280
-443790.030,-1172310.310,359.230
-443790.150,-1172310.010,359.010
-443790.630,-1172308.800,358.310
-443790.740,-1172308.510,358.200
-443789.010,-1172311.930,360.120
-443789.720,-1172310.130,359.040
-443790.090,-1172309.190,358.540
-443790.210,-1172308.890,358.290
-443790.450,-1172308.300,357.940
-443789.880,-1172312.570,360.550
-443790.000,-1172312.280,360.480
-443790.470,-1172311.090,359.670
-443790.590,-1172310.790,359.510
-443790.710,-1172310.480,359.380
-443791.070,-1172309.550,358.780
-443791.190,-1172309.260,358.620
-443791.310,-1172308.950,358.440
-443791.690,-1172308.000,357.920
-443790.590,-1172309.840,358.940
-443791.170,-1172311.190,359.830
-443791.280,-1172310.900,359.720
-443791.400,-1172310.600,359.510
-443791.520,-1172310.310,359.270
-443791.640,-1172310.000,359.090
-443791.760,-1172309.710,358.910
-443791.870,-1172309.420,358.790
-443792.720,-1172307.280,357.480
-443790.230,-1172312.780,360.760
-443790.470,-1172312.170,360.390
-443790.710,-1172311.560,360.020
-443791.060,-1172310.690,359.510
-443791.300,-1172310.080,359.080
-443791.780,-1172308.870,358.410
-443791.900,-1172308.550,358.150
-443792.020,-1172308.270,358.060
-443791.150,-1172312.280,360.510
-443791.270,-1172311.980,360.280
-443791.400,-1172311.640,360.090
-443792.000,-1172310.140,359.240
-443792.370,-1172309.210,358.610
-443792.480,-1172308.930,358.560
-443792.830,-1172308.040,357.950
-443792.960,-1172307.720,357.790
-443790.550,-1172312.750,360.790
-443790.680,-1172312.430,360.580
-443790.810,-1172312.110,360.370
-443792.770,-1172310.730,359.680
-443793.850,-1172308.000,357.980
-443793.970,-1172307.700,357.820
-443791.800,-1172311.790,360.150
-443792.040,-1172311.180,359.870
-443792.150,-1172310.900,359.690
-443792.400,-1172310.270,359.370
-443792.520,-1172309.970,359.180
-443792.640,-1172309.660,358.970
-443792.880,-1172309.040,358.550
-443793.000,-1172308.740,358.450
-443793.120,-1172308.430,358.270
-443793.590,-1172307.250,357.470
-443793.710,-1172306.950,357.350
-443792.760,-1172311.700,360.270
-443792.880,-1172311.390,360.070
-443793.240,-1172310.490,359.530
-443793.360,-1172310.180,359.340
-443793.490,-1172309.860,359.190
-443793.730,-1172309.240,358.800
-443794.210,-1172308.040,358.080
-443794.340,-1172307.710,357.900
-443794.450,-1172307.430,357.790
-443792.280,-1172311.980,360.360
-443792.650,-1172311.040,359.860
-443793.900,-1172310.700,359.740
-443794.860,-1172308.290,358.230
-443795.110,-1172307.650,357.890
-443792.760,-1172312.710,360.910
-443792.990,-1172312.130,360.520
-443793.110,-1172311.820,360.350
-443793.350,-1172311.230,360.030
-443794.070,-1172309.410,358.870
-443794.190,-1172309.100,358.630
-443794.440,-1172308.470,358.390
-443794.920,-1172307.260,357.680
-443795.160,-1172306.650,357.380
-443793.700,-1172312.320,360.730
-443793.820,-1172312.000,360.480
-443794.300,-1172310.790,359.750
-443794.420,-1172310.490,359.570
-443794.650,-1172309.910,359.290
-443795.730,-1172307.170,357.560
-443793.070,-1172312.810,361.020
-443793.190,-1172312.510,360.820
-443793.430,-1172311.900,360.430
-443793.550,-1172311.610,360.240
-443794.180,-1172311.880,360.520
-443794.300,-1172311.590,360.240
-443794.420,-1172311.280,360.100
-443794.540,-1172310.960,359.970
-443794.670,-1172310.640,359.720
-443795.030,-1172309.740,359.160
-443795.380,-1172308.850,358.590
-443795.500,-1172308.540,358.480
-443795.610,-1172308.260,358.190
-443795.730,-1172307.950,358.090
-443795.860,-1172307.650,357.850
-443795.970,-1172307.350,357.760
-443795.100,-1172311.700,360.420
-443795.600,-1172310.450,359.660
-443795.830,-1172309.850,359.200
-443796.200,-1172308.930,358.510
-443796.310,-1172308.640,358.550
-443796.680,-1172307.710,358.020
-443794.950,-1172310.990,359.960
-443795.590,-1172311.880,360.560
-443795.710,-1172311.570,360.350
-443796.190,-1172310.350,359.670
-443796.320,-1172310.030,359.510
-443796.440,-1172309.720,359.170
-443796.800,-1172308.820,358.660
-443797.040,-1172308.210,358.290
-443797.160,-1172307.890,358.170
-443797.400,-1172307.300,357.850
-443797.520,-1172306.980,357.610
-443796.020,-1172311.730,360.530
-443796.130,-1172311.440,360.210
-443796.500,-1172310.510,359.780
-443796.850,-1172309.610,359.160
-443796.970,-1172309.310,359.140
-443797.090,-1172309.010,358.860
-443797.350,-1172308.350,358.440
-443796.190,-1172312.270,360.790
-443797.010,-1172310.200,359.700
-443797.130,-1172309.890,359.500
-443797.610,-1172308.670,358.710
-443796.930,-1172311.370,360.330
-443797.880,-1172310.710,359.980
-443801.550,-1172309.910,356.230
-443801.800,-1172309.290,355.760
-443801.480,-1172309.080,355.600
-443802.610,-1172309.620,356.100
-443801.990,-1172309.880,356.240
-443802.220,-1172309.290,355.820
