-443815.570,-1172433.970,351.570
-443818.970,-1172440.510,351.350
-443819.090,-1172440.210,351.400
-443819.270,-1172440.610,351.410
-443819.930,-1172440.140,351.430
-443823.180,-1172439.660,351.470
-443826.670,-1172436.050,351.540
-443826.790,-1172439.780,351.510
-443827.330,-1172440.670,351.540
-443852.210,-1172415.750,349.640
-443801.220,-1172404.470,348.140
-443796.770,-1172415.780,354.230
-443796.490,-1172409.820,351.840
-443796.900,-1172410.090,351.810
-443795.750,-1172408.710,351.720
-443796.590,-1172406.570,351.870
-443796.990,-1172406.370,351.920
-443796.170,-1172409.530,351.770
-443794.950,-1172407.030,351.660
-443795.060,-1172406.750,351.690
-443795.780,-1172404.910,351.780
-443796.020,-1172404.300,351.830
-443796.260,-1172403.680,351.850
-443796.290,-1172404.420,351.830
-443794.480,-1172409.970,351.630
-443794.950,-1172408.770,351.620
-443794.750,-1172410.170,351.590
-443794.880,-1172409.840,351.630
-443795.000,-1172409.530,351.650
-443795.710,-1172407.730,351.730
-443796.420,-1172405.900,351.830
-443793.550,-1172404.130,351.540
-443794.070,-1172403.760,351.600
-443794.900,-1172403.940,351.710
-443794.820,-1172405.100,351.660
-443794.360,-1172407.260,351.560
-443776.810,-1172415.480,353.450
-443777.040,-1172415.750,354.090
-443791.320,-1172424.350,350.240
-443791.900,-1172410.990,351.240
-443791.570,-1172410.880,351.230
-443791.230,-1172411.000,351.150
-443791.830,-1172409.460,351.260
-443792.190,-1172408.560,351.330
-443791.670,-1172408.940,351.240
-443790.580,-1172410.870,351.100
-443790.370,-1172408.010,351.130
-443790.730,-1172407.090,351.170
-443792.490,-1172378.280,351.750
-443791.750,-1172380.920,351.550
-443792.470,-1172379.990,351.660
-443792.590,-1172379.690,351.690
-443793.400,-1172377.600,351.830
-443793.760,-1172377.790,351.830
-443794.090,-1172379.210,351.860
-443791.750,-1172386.130,351.510
-443792.340,-1172384.620,351.580
-443793.630,-1172381.330,351.760
-443794.620,-1172380.710,351.900
-443792.380,-1172386.420,351.590
-443792.920,-1172385.830,351.660
-443794.550,-1172382.620,351.890
-443792.830,-1172388.230,351.610
-443794.490,-1172386.110,351.830
-443794.610,-1172385.800,351.870
-443794.970,-1172384.880,351.890
-443794.040,-1172388.110,351.790
-443794.040,-1172389.040,351.730
-443792.290,-1172394.450,351.480
-443795.000,-1172387.540,351.910
-443794.510,-1172390.520,351.790
-443799.940,-1172377.730,348.330
-443793.210,-1172394.880,351.550
-443795.220,-1172389.740,351.900
-443800.280,-1172378.100,348.320
-443826.090,-1172356.120,349.060
-443826.360,-1172361.350,354.110
-443826.080,-1172365.960,347.690
-443825.790,-1172346.500,351.320
-443812.690,-1172376.220,348.270
-443825.750,-1172340.170,349.070
-443806.930,-1172379.120,348.250
-443807.760,-1172376.980,348.410
-443796.590,-1172400.580,351.880
-443795.580,-1172401.600,351.820
-443795.940,-1172400.680,351.810
-443796.060,-1172400.370,351.850
-443804.080,-1172379.910,348.260
-443794.990,-1172403.100,351.710
-443795.250,-1172400.720,351.790
-443793.530,-1172403.330,351.520
-443793.150,-1172402.960,351.500
-443793.610,-1172401.790,351.560
-443794.080,-1172400.570,351.640
-443801.530,-1172380.530,348.360
-443801.350,-1172379.990,348.300
-443793.790,-1172399.260,351.640
-443801.110,-1172379.840,348.310
-443801.350,-1172379.230,348.460
-443801.470,-1172378.910,348.450
-443793.800,-1172398.480,351.590
-443795.480,-1172393.090,351.860
-443795.600,-1172392.790,351.920
-443800.590,-1172378.230,348.390
-443800.710,-1172377.920,348.440
-443792.690,-1172398.390,351.510
-443794.110,-1172394.760,351.720
-443794.940,-1172392.640,351.770
-443732.920,-1172399.680,350.480
-443735.700,-1172398.740,350.480
-443739.360,-1172390.300,349.300
-443750.230,-1172404.780,350.390
-443754.120,-1172405.690,350.490
-443756.540,-1172405.130,349.490
-443768.770,-1172400.010,349.610
-443768.860,-1172403.490,349.500
-443787.700,-1172378.860,351.120
-443787.820,-1172378.560,351.130
-443788.410,-1172378.080,351.220
-443789.150,-1172379.100,351.310
-443789.780,-1172379.290,351.390
-443787.940,-1172383.070,351.070
-443788.980,-1172380.400,351.230
-443789.460,-1172379.180,351.310
-443789.540,-1172382.110,351.270
-443788.230,-1172386.330,351.060
-443789.640,-1172382.720,351.250
-443789.770,-1172382.390,351.270
-443789.400,-1172384.220,351.230
-443789.870,-1172383.010,351.300
-443791.040,-1172382.740,351.430
-443787.990,-1172389.790,351.060
-443788.350,-1172388.880,351.050
-443790.250,-1172384.020,351.290
-443788.810,-1172389.340,351.140
-443788.210,-1172389.980,351.020
-443789.180,-1172389.520,351.120
-443789.880,-1172387.720,351.210
-443790.000,-1172387.430,351.280
-443790.340,-1172386.540,351.320
-443788.890,-1172391.510,351.080
-443790.660,-1172386.960,351.370
-443790.530,-1172390.190,351.290
-443791.250,-1172388.360,351.400
-443789.850,-1172390.990,351.230
-443788.760,-1172394.710,351.080
-443789.470,-1172395.620,351.150
-443791.010,-1172391.680,351.360
-443790.930,-1172390.930,351.350
-443791.510,-1172389.430,351.380
-443791.660,-1172393.350,351.410
-443790.740,-1172397.490,351.260
-443791.930,-1172394.440,351.420
-443789.670,-1172399.300,351.170
-443789.790,-1172398.980,351.190
-443791.210,-1172395.350,351.330
-443791.570,-1172394.440,351.400
-443790.710,-1172399.290,351.280
-443791.770,-1172396.580,351.410
-443790.740,-1172398.420,351.230
-443791.930,-1172402.170,351.370
-443792.490,-1172402.580,351.420
-443792.720,-1172401.990,351.440
-443790.850,-1172402.170,351.270
-443791.060,-1172400.370,351.280
-443712.230,-1172400.240,352.550
-443710.800,-1172401.750,352.110
-443710.930,-1172401.430,352.200
-443710.740,-1172401.110,352.070
-443849.750,-1172301.830,349.340
-443849.540,-1172304.220,348.780
-443823.700,-1172310.540,355.180
-443801.590,-1172330.830,351.410
-443800.280,-1172329.190,351.350
-443799.780,-1172328.610,351.320
-443797.920,-1172331.180,351.220
-443797.740,-1172330.590,351.180
-443798.690,-1172328.160,351.270
-443799.390,-1172326.380,351.320
-443796.820,-1172330.870,351.130
-443797.930,-1172327.130,351.230
-443796.400,-1172326.320,351.140
-443790.010,-1172320.730,351.130
-443789.680,-1172320.670,351.140
-443730.680,-1172323.690,352.820
-443730.790,-1172323.420,352.810
-443743.130,-1172331.940,352.870
-443756.230,-1172313.270,354.360
-443756.390,-1172315.130,354.340
-443757.960,-1172312.120,354.550
-443757.490,-1172316.420,354.420
-443756.970,-1172319.690,354.370
-443760.430,-1172310.960,354.770
-443759.970,-1172314.340,354.620
-443761.280,-1172311.030,354.830
-443760.530,-1172313.810,354.740
-443761.370,-1172311.690,354.830
-443757.450,-1172322.630,354.390
-443761.600,-1172312.140,354.790
-443761.670,-1172313.070,354.850
-443761.790,-1172312.760,354.870
-443762.280,-1172312.660,354.860
-443762.510,-1172312.070,354.910
-443758.640,-1172322.530,354.470
-443761.480,-1172315.360,354.760
-443762.200,-1172313.540,354.860
-443762.790,-1172312.050,354.940
-443761.130,-1172317.190,354.690
-443762.200,-1172315.430,354.830
-443762.200,-1172316.620,354.740
-443761.510,-1172319.100,354.750
-443764.230,-1172312.210,355.090
-443764.040,-1172314.420,355.050
-443771.400,-1172322.960,352.590
-443768.440,-1172322.420,350.190
-443765.060,-1172321.030,355.070
-443764.480,-1172321.680,355.050
-443765.190,-1172319.890,355.070
-443765.130,-1172318.060,355.060
-443763.260,-1172321.840,354.960
-443764.100,-1172319.730,354.990
-443764.040,-1172317.040,354.970
-443763.150,-1172317.720,354.880
-443764.580,-1172314.090,355.110
-443718.830,-1172341.520,353.190
-443704.110,-1172326.110,352.730
-443696.650,-1172342.890,353.200
-443737.050,-1172422.830,361.740
-443738.220,-1172422.460,361.780
-443735.790,-1172431.120,361.450
-443740.930,-1172422.590,361.740
-443744.760,-1172422.190,361.790
-443742.370,-1172435.500,361.280
-443751.500,-1172421.710,361.780
-443752.790,-1172421.900,361.790
-443756.810,-1172422.160,361.730
-443758.160,-1172421.630,361.800
-443770.240,-1172422.020,361.810
-443770.120,-1172429.410,361.480
-443770.470,-1172428.500,361.800
-443825.730,-1172337.080,371.110
-443825.770,-1172337.020,368.150
-443825.890,-1172336.710,368.180
-443825.810,-1172336.040,371.110
-443825.800,-1172342.600,362.600
-443826.150,-1172342.960,365.350
-443830.920,-1172337.640,373.240
-443826.150,-1172351.170,365.330
-443830.640,-1172343.440,370.820
-443850.460,-1172428.920,374.170
-443850.570,-1172424.400,374.710
-443850.340,-1172419.390,374.700
-443850.460,-1172419.090,374.710
-443846.770,-1172429.320,374.160
-443845.950,-1172428.680,374.110
-443848.710,-1172418.600,374.350
-443850.100,-1172415.050,374.740
-443850.100,-1172416.120,374.170
-443848.520,-1172418.470,374.350
-443845.080,-1172427.800,374.140
-443849.040,-1172416.190,374.170
-443849.270,-1172415.610,374.280
-443849.050,-1172415.140,374.240
-443843.820,-1172427.070,374.130
-443847.540,-1172416.780,374.150
-443849.610,-1172404.810,374.140
-443848.180,-1172407.450,374.300
-443847.990,-1172406.900,374.930
-443848.450,-1172405.740,374.130
-443847.920,-1172405.950,374.170
-443846.940,-1172407.370,374.980
-443847.060,-1172407.060,374.970
-443848.580,-1172403.210,374.230
-443846.610,-1172407.270,374.230
-443846.410,-1172406.850,374.340
-443836.380,-1172432.360,373.890
-443836.300,-1172431.430,374.770
-443848.370,-1172398.620,374.280
-443838.140,-1172421.940,374.240
-443841.880,-1172412.440,374.070
-443838.720,-1172419.670,377.400
-443848.350,-1172394.440,374.280
-443836.600,-1172424.330,374.770
-443836.220,-1172424.220,374.760
-443849.260,-1172391.020,374.250
-443836.640,-1172422.010,374.210
-443835.980,-1172422.000,374.740
-443841.070,-1172408.020,374.830
-443849.150,-1172385.730,374.250
-443837.160,-1172416.260,374.130
-443848.100,-1172386.350,374.370
-443848.120,-1172385.240,374.410
-443835.650,-1172415.060,374.690
-443846.470,-1172385.410,374.260
-443846.580,-1172385.130,374.340
-443849.410,-1172376.540,374.730
-443835.800,-1172411.180,374.670
-443846.030,-1172385.150,374.220
-443830.720,-1172420.940,378.530
-443830.440,-1172420.870,377.570
-443830.790,-1172419.960,378.830
-443840.920,-1172393.010,374.730
-443835.850,-1172402.320,374.780
-443836.550,-1172400.540,374.140
-443834.680,-1172404.280,373.870
-443834.800,-1172403.980,373.870
-443847.250,-1172372.280,374.230
-443834.360,-1172403.920,373.860
-443843.830,-1172378.990,374.210
-443843.230,-1172378.480,374.680
-443840.910,-1172382.740,377.530
-443840.400,-1172381.850,377.520
-443844.490,-1172370.430,374.710
-443844.390,-1172369.960,374.730
-443835.070,-1172393.680,373.860
-443840.490,-1172378.610,377.580
-443840.600,-1172378.340,377.610
-443842.370,-1172373.860,374.210
-443834.600,-1172386.790,373.850
-443834.350,-1172386.700,373.860
-443834.690,-1172385.810,373.900
-443834.280,-1172382.150,377.600
-443834.560,-1172379.310,373.830
-443834.480,-1172376.550,374.830
-443836.420,-1172367.310,371.110
-443827.940,-1172383.800,377.640
-443834.180,-1172367.100,371.120
-443838.880,-1172351.360,371.070
-443830.940,-1172367.600,371.030
-443838.850,-1172343.450,371.140
-443838.970,-1172343.160,371.140
-443830.810,-1172362.120,370.630
-443831.120,-1172359.950,370.580
-443830.790,-1172358.130,373.190
-443838.030,-1172338.480,370.690
-443826.610,-1172367.570,371.080
-443826.710,-1172367.290,371.150
-443838.620,-1172338.200,371.120
-443826.490,-1172367.200,371.120
-443835.010,-1172338.410,370.550
-443719.500,-1172294.580,358.250
-443719.790,-1172294.640,358.290
-443721.330,-1172320.730,359.820
-443743.390,-1172292.960,358.860
-443746.230,-1172294.470,358.340
-443746.160,-1172296.520,358.000
-443746.760,-1172295.020,358.230
-443746.880,-1172294.720,358.250
-443747.490,-1172293.210,358.500
-443751.760,-1172292.350,358.560
-443751.950,-1172294.490,358.220
-443752.190,-1172293.870,358.400
-443752.780,-1172295.650,358.210
-443760.840,-1172291.850,359.110
-443750.220,-1172323.520,357.340
-443750.200,-1172324.680,357.040
-443750.380,-1172325.310,356.980
-443763.950,-1172291.150,357.270
-443767.950,-1172315.710,361.720
-443774.130,-1172314.960,361.830
-443774.360,-1172318.550,357.300
-443828.030,-1172309.040,356.150
-443835.410,-1172306.350,357.470
-443825.600,-1172330.300,371.110
-443825.460,-1172333.520,368.180
-443825.790,-1172331.860,365.390
-443825.670,-1172334.010,371.120
-443829.020,-1172330.470,371.160
-443835.770,-1172330.370,371.140
-443838.750,-1172333.390,371.110
-443837.900,-1172331.750,370.680
-443838.020,-1172331.460,370.720
-443838.040,-1172332.580,370.670
-443702.950,-1172296.000,358.590
-443704.420,-1172296.570,358.520
-443704.490,-1172328.900,360.740
-443704.840,-1172330.910,360.740
-443707.000,-1172325.560,360.630
-443705.660,-1172332.740,360.790
-443707.600,-1172327.940,360.900
-443708.920,-1172326.250,361.000
-443709.290,-1172326.260,361.020
-443709.770,-1172325.080,360.720
-443710.140,-1172324.170,360.920
-443705.570,-1172334.580,360.770
-443706.410,-1172332.480,360.800
-443708.370,-1172332.520,360.930
-443708.490,-1172332.210,360.950
-443708.710,-1172333.270,360.980
-443709.110,-1172335.320,360.950
-443708.930,-1172336.630,360.970
-443710.470,-1172335.320,361.050
-443716.550,-1172323.840,360.840
-443716.680,-1172323.530,360.890
-443719.080,-1172318.710,359.040
-443716.750,-1172326.410,360.460
-443717.120,-1172325.490,360.660
-443716.580,-1172325.620,360.540
-443716.710,-1172325.310,360.640
-443713.330,-1172336.990,361.080
-443853.130,-1172304.690,348.680
-443794.960,-1172422.210,353.520
-443805.280,-1172433.810,351.580
-443806.200,-1172434.320,350.500
-443814.860,-1172433.420,351.580
-443808.580,-1172440.640,351.450
-443814.310,-1172440.100,351.510
-443826.900,-1172434.940,351.580
-443822.450,-1172439.810,351.480
-443852.120,-1172415.700,349.650
-443826.390,-1172439.480,351.540
-443826.460,-1172441.080,351.230
-443797.320,-1172409.960,351.990
-443794.930,-1172409.860,351.680
-443795.190,-1172410.040,351.700
-443797.300,-1172408.670,351.960
-443796.340,-1172409.490,351.850
-443796.430,-1172407.750,351.870
-443795.680,-1172408.390,351.790
-443794.180,-1172409.660,351.570
-443801.250,-1172404.500,348.170
-443795.360,-1172406.640,351.780
-443796.960,-1172406.820,351.960
-443793.990,-1172409.340,351.560
-443795.000,-1172404.290,351.760
-443732.780,-1172410.040,349.070
-443776.950,-1172411.420,354.080
-443776.620,-1172413.100,353.540
-443790.500,-1172404.440,351.190
-443791.330,-1172405.180,351.310
-443791.080,-1172405.390,351.250
-443790.340,-1172406.020,351.170
-443788.490,-1172421.270,350.100
-443794.710,-1172422.420,353.450
-443793.510,-1172425.650,347.710
-443776.250,-1172424.860,353.530
-443791.520,-1172410.930,351.270
-443791.930,-1172409.540,351.250
-443791.200,-1172410.160,351.200
-443791.020,-1172407.230,351.220
-443792.540,-1172405.580,351.420
-443825.910,-1172346.680,351.370
-443793.430,-1172377.620,351.850
-443793.200,-1172377.820,351.800
-443792.600,-1172379.230,351.660
-443793.010,-1172379.330,351.770
-443791.960,-1172380.640,351.630
-443794.210,-1172379.090,351.910
-443791.980,-1172380.990,351.630
-443794.450,-1172379.440,351.950
-443793.300,-1172380.900,351.780
-443793.910,-1172381.220,351.860
-443792.180,-1172382.690,351.650
-443800.280,-1172377.760,348.410
-443793.440,-1172383.570,351.750
-443791.950,-1172384.830,351.590
-443800.480,-1172378.220,348.400
-443826.300,-1172356.300,349.080
-443800.260,-1172378.940,348.430
-443792.660,-1172385.830,351.640
-443792.600,-1172386.280,351.640
-443801.410,-1172378.800,348.500
-443793.870,-1172385.700,351.790
-443793.630,-1172385.900,351.750
-443793.140,-1172386.310,351.700
-443792.420,-1172386.930,351.600
-443801.470,-1172379.250,348.460
-443793.440,-1172386.540,351.750
-443801.290,-1172379.890,348.350
-443792.940,-1172387.430,351.630
-443792.680,-1172388.100,351.640
-443794.670,-1172386.990,351.920
-443793.190,-1172388.240,351.690
-443792.700,-1172388.660,351.610
-443794.010,-1172388.080,351.810
-443793.760,-1172388.300,351.780
-443792.790,-1172389.910,351.630
-443806.950,-1172378.730,348.410
-443793.750,-1172391.660,351.730
-443792.780,-1172392.480,351.590
-443794.920,-1172391.030,351.880
-443794.640,-1172392.560,351.810
-443794.570,-1172393.030,351.800
-443793.810,-1172393.680,351.700
-443793.060,-1172394.310,351.590
-443794.490,-1172393.530,351.780
-443794.010,-1172393.930,351.720
-443793.500,-1172394.370,351.670
-443795.780,-1172392.960,351.950
-443795.730,-1172393.560,351.920
-443794.730,-1172394.850,351.790
-443793.480,-1172396.880,351.630
-443794.800,-1172396.280,351.800
-443793.560,-1172397.330,351.640
-443814.970,-1172379.180,348.170
-443795.210,-1172398.620,351.810
-443794.160,-1172400.490,351.670
-443796.410,-1172399.430,351.960
-443795.430,-1172400.270,351.830
-443794.680,-1172400.910,351.750
-443793.700,-1172401.730,351.730
-443794.330,-1172401.680,351.660
-443793.340,-1172403.080,351.560
-443793.570,-1172403.280,351.590
-443795.740,-1172402.350,351.840
-443794.740,-1172403.190,351.710
-443732.470,-1172399.170,349.060
-443750.370,-1172404.930,350.410
-443762.870,-1172396.630,349.800
-443754.200,-1172405.660,350.550
-443757.290,-1172404.940,349.410
-443788.070,-1172378.810,351.170
-443788.390,-1172379.020,351.220
-443790.040,-1172378.060,351.440
-443789.420,-1172379.010,351.380
-443789.180,-1172379.210,351.310
-443791.050,-1172378.040,351.550
-443790.810,-1172378.240,351.520
-443789.830,-1172379.070,351.430
-443789.570,-1172379.290,351.330
-443760.870,-1172404.750,349.440
-443787.680,-1172381.470,351.090
-443791.260,-1172379.850,351.560
-443791.120,-1172380.490,351.520
-443789.880,-1172381.540,351.330
-443773.550,-1172396.620,350.500
-443768.840,-1172400.630,349.700
-443790.740,-1172381.680,351.460
-443788.800,-1172383.680,351.170
-443790.040,-1172383.180,351.340
-443791.080,-1172382.780,351.480
-443790.950,-1172383.740,351.480
-443791.040,-1172384.170,351.470
-443791.580,-1172384.690,351.530
-443790.000,-1172386.490,351.300
-443789.270,-1172387.110,351.230
-443789.210,-1172387.780,351.220
-443791.180,-1172386.640,351.460
-443788.990,-1172388.500,351.190
-443791.840,-1172386.930,351.530
-443788.870,-1172389.450,351.150
-443788.370,-1172389.870,351.090
-443790.910,-1172388.200,351.420
-443790.670,-1172388.420,351.410
-443790.420,-1172388.620,351.330
-443790.510,-1172389.950,351.350
-443789.270,-1172390.990,351.170
-443789.800,-1172392.450,351.230
-443791.000,-1172391.090,351.370
-443791.900,-1172391.930,351.500
-443790.000,-1172393.110,351.260
-443788.860,-1172394.870,351.110
-443792.230,-1172392.490,351.540
-443790.710,-1172394.940,351.310
-443790.450,-1172395.160,351.260
-443790.210,-1172395.370,351.250
-443789.720,-1172395.780,351.210
-443789.230,-1172395.860,351.150
-443791.930,-1172394.370,351.460
-443790.930,-1172395.210,351.340
-443792.270,-1172395.410,351.520
-443790.760,-1172398.220,351.330
-443789.530,-1172399.260,351.170
-443791.310,-1172398.180,351.370
-443790.810,-1172398.600,351.270
-443790.080,-1172399.220,351.240
-443792.770,-1172398.880,351.500
-443791.050,-1172400.340,351.330
-443793.080,-1172403.700,351.520
-443793.210,-1172402.150,351.540
-443791.790,-1172401.520,351.370
-443790.060,-1172402.990,351.190
-443789.810,-1172403.200,351.140
-443792.210,-1172400.760,351.430
-443791.850,-1172400.670,351.400
-443711.440,-1172401.220,352.220
-443711.190,-1172401.440,352.190
-443801.610,-1172330.810,351.470
-443800.300,-1172330.920,351.400
-443800.710,-1172328.200,351.430
-443797.050,-1172330.910,351.190
-443796.750,-1172330.660,351.180
-443796.500,-1172330.880,351.100
-443796.730,-1172330.320,351.270
-443797.570,-1172329.130,351.200
-443798.670,-1172327.230,351.300
-443800.280,-1172324.660,351.410
-443796.370,-1172327.350,351.160
-443796.410,-1172326.340,351.180
-443803.060,-1172318.650,351.160
-443802.470,-1172318.120,350.910
-443789.600,-1172320.640,351.130
-443782.250,-1172307.960,353.770
-443764.300,-1172322.570,352.740
-443765.110,-1172321.050,355.090
-443764.350,-1172321.680,355.040
-443763.680,-1172321.810,355.010
-443765.050,-1172318.080,355.150
-443763.080,-1172319.740,354.920
-443760.120,-1172322.240,354.660
-443759.610,-1172322.290,354.610
-443764.120,-1172318.060,355.020
-443763.320,-1172318.300,354.940
-443760.410,-1172320.750,354.680
-443758.440,-1172322.410,354.530
-443760.540,-1172320.130,354.680
-443763.030,-1172317.700,354.930
-443763.640,-1172315.500,355.000
-443764.730,-1172314.110,355.140
-443762.040,-1172316.380,354.850
-443763.390,-1172313.840,354.980
-443756.910,-1172318.860,354.410
-443764.120,-1172312.300,355.100
-443763.150,-1172311.530,355.040
-443760.000,-1172314.180,354.600
-443760.130,-1172312.060,354.740
-443759.630,-1172311.360,354.720
-443758.670,-1172311.830,354.670
-443758.410,-1172312.050,354.590
-443757.840,-1172312.000,354.550
-443756.180,-1172311.520,354.400
-443755.840,-1172311.400,354.370
-443730.810,-1172323.890,352.890
-443730.810,-1172323.510,352.880
-443697.730,-1172343.770,353.180
-443696.690,-1172342.980,353.230
-443825.720,-1172337.180,371.090
-443825.950,-1172336.560,365.430
-443826.000,-1172342.600,362.560
-443735.370,-1172422.670,361.830
-443838.470,-1172336.020,371.150
-443826.180,-1172346.460,365.410
-443825.830,-1172346.750,356.960
-443832.720,-1172341.390,370.530
-443837.990,-1172338.190,370.710
-443826.310,-1172349.210,371.150
-443826.240,-1172351.120,365.380
-443826.370,-1172353.670,368.170
-443838.250,-1172345.550,370.710
-443830.570,-1172355.050,370.660
-443838.990,-1172348.360,371.160
-443830.030,-1172355.970,373.240
-443830.740,-1172358.140,373.200
-443826.440,-1172361.790,362.630
-443831.140,-1172359.950,370.620
-443826.610,-1172366.300,371.150
-443838.560,-1172359.180,370.710
-443831.060,-1172367.430,371.120
-443770.100,-1172421.330,361.840
-443770.360,-1172422.010,361.830
-443839.320,-1172364.490,371.160
-443839.250,-1172365.460,371.130
-443769.840,-1172424.320,361.660
-443834.460,-1172370.850,374.800
-443836.690,-1172370.590,374.780
-443770.520,-1172428.730,361.850
-443834.320,-1172376.150,373.910
-443770.560,-1172430.920,361.840
-443770.300,-1172431.150,361.450
-443837.670,-1172378.300,377.570
-443842.810,-1172374.320,374.700
-443846.790,-1172432.130,374.760
-443850.770,-1172426.440,374.750
-443850.780,-1172424.430,374.740
-443849.830,-1172425.230,374.300
-443845.720,-1172428.710,374.170
-443845.280,-1172427.750,374.340
-443836.360,-1172432.720,374.770
-443836.360,-1172431.620,374.670
-443849.030,-1172416.250,374.160
-443836.330,-1172424.310,374.790
-443840.480,-1172419.080,377.420
-443850.010,-1172411.400,374.220
-443849.000,-1172410.310,374.360
-443848.530,-1172410.710,374.170
-443840.190,-1172416.780,377.410
-443836.530,-1172418.890,377.550
-443848.400,-1172409.300,374.170
-443835.390,-1172418.420,377.520
-443830.940,-1172421.270,377.610
-443846.850,-1172407.810,374.280
-443849.610,-1172404.920,374.160
-443837.010,-1172415.570,373.940
-443830.390,-1172420.690,377.640
-443830.160,-1172420.490,377.580
-443830.030,-1172420.220,377.590
-443845.940,-1172406.750,374.300
-443850.240,-1172401.460,374.680
-443841.100,-1172407.860,374.760
-443840.490,-1172406.570,374.100
-443848.380,-1172398.630,374.270
-443848.490,-1172397.690,374.360
-443848.250,-1172397.890,374.260
-443848.220,-1172396.320,374.240
-443834.560,-1172408.430,373.810
-443834.900,-1172407.600,373.900
-443848.190,-1172395.470,374.240
-443848.180,-1172394.060,374.250
-443848.250,-1172393.580,374.260
-443846.810,-1172392.680,374.230
-443849.070,-1172389.000,374.270
-443848.290,-1172386.860,374.390
-443848.040,-1172387.070,374.250
-443847.910,-1172386.710,374.330
-443847.690,-1172386.890,374.260
-443847.900,-1172386.300,374.250
-443848.880,-1172383.890,374.260
-443843.350,-1172385.740,374.730
-443850.550,-1172380.190,357.360
-443849.340,-1172379.720,374.900
-443849.420,-1172376.560,374.720
-443835.000,-1172387.320,374.810
-443840.810,-1172381.970,377.590
-443843.170,-1172378.580,374.700
-443842.680,-1172379.000,374.230
-443840.740,-1172379.290,377.560
-443846.020,-1172374.300,374.240
-443840.710,-1172378.810,377.640
-443836.940,-1172380.230,374.320
-443739.090,-1172295.750,359.840
-443745.200,-1172291.690,358.900
-443744.960,-1172291.890,358.820
-443751.820,-1172292.020,358.670
-443723.690,-1172322.040,359.370
-443760.820,-1172291.700,359.140
-443761.040,-1172293.290,359.220
-443761.730,-1172294.160,359.310
-443825.690,-1172332.560,362.600
-443832.090,-1172330.330,371.190
-443837.870,-1172333.460,370.680
-443713.980,-1172295.330,358.170
-443712.960,-1172296.180,357.900
-443712.800,-1172297.740,357.660
-443708.200,-1172322.140,362.270
-443706.600,-1172326.640,360.870
-443708.910,-1172326.210,361.010
-443709.180,-1172326.260,361.020
-443709.650,-1172326.740,361.060
-443707.080,-1172329.760,360.870
-443705.350,-1172331.210,360.800
-443708.010,-1172329.580,360.910
-443716.670,-1172323.530,360.970
-443716.410,-1172324.650,360.690
-443709.070,-1172330.790,360.980
-443708.370,-1172332.140,360.990
-443708.820,-1172331.470,360.990
-443707.600,-1172332.490,360.940
-443705.470,-1172335.640,360.760
-443708.410,-1172333.180,361.050
-443710.080,-1172334.210,361.100
-443709.880,-1172335.890,361.020
-443709.360,-1172336.330,360.860
-443793.580,-1172404.350,351.480
-443795.660,-1172408.650,351.670
-443795.090,-1172410.110,351.570
-443797.000,-1172403.780,351.900
-443794.570,-1172409.980,351.570
-443794.290,-1172410.690,351.580
-443795.000,-1172407.320,351.600
-443794.130,-1172409.530,351.440
-443795.590,-1172404.520,351.770
-443794.870,-1172406.370,351.650
-443794.030,-1172407.260,351.470
-443797.210,-1172410.340,351.870
-443797.160,-1172408.880,351.860
-443796.730,-1172409.960,351.760
-443796.760,-1172408.330,351.760
-443826.760,-1172433.280,351.520
-443826.520,-1172439.390,351.470
-443826.870,-1172439.740,351.500
-443774.980,-1172415.790,353.500
-443790.810,-1172404.540,351.160
-443792.370,-1172403.500,351.340
-443791.780,-1172404.990,351.210
-443790.920,-1172407.170,351.110
-443790.500,-1172408.230,351.060
-443791.080,-1172409.540,351.030
-443792.420,-1172407.290,351.350
-443792.380,-1172378.130,351.660
-443793.510,-1172377.880,351.780
-443792.640,-1172381.330,351.550
-443794.180,-1172380.390,351.780
-443794.500,-1172380.660,351.800
-443794.340,-1172381.050,351.780
-443792.200,-1172386.420,351.480
-443792.950,-1172385.580,351.640
-443792.200,-1172387.450,351.480
-443792.940,-1172388.280,351.530
-443792.390,-1172389.690,351.500
-443793.550,-1172389.460,351.600
-443794.530,-1172388.520,351.770
-443793.100,-1172393.420,351.480
-443795.020,-1172390.850,351.820
-443793.890,-1172393.710,351.630
-443793.750,-1172394.070,351.580
-443794.900,-1172392.720,351.800
-443794.890,-1172398.580,351.770
-443793.580,-1172401.900,351.520
-443793.530,-1172403.330,351.420
-443794.280,-1172402.570,351.620
-443795.910,-1172399.600,351.800
-443795.910,-1172402.490,351.750
-443795.760,-1172402.890,351.670
-443808.060,-1172377.000,348.470
-443816.220,-1172376.170,348.280
-443816.210,-1172377.740,348.230
-443742.270,-1172403.000,350.380
-443753.890,-1172399.950,350.420
-443768.740,-1172399.080,349.570
-443773.370,-1172398.120,350.410
-443788.630,-1172379.170,351.150
-443788.050,-1172380.640,351.060
-443788.380,-1172381.110,351.150
-443789.520,-1172380.880,351.260
-443788.800,-1172382.680,351.160
-443789.240,-1172382.800,351.120
-443790.930,-1172380.560,351.410
-443791.160,-1172379.020,351.530
-443788.820,-1172384.870,351.090
-443789.750,-1172387.280,351.200
-443791.040,-1172382.790,351.350
-443789.310,-1172387.110,351.160
-443791.500,-1172380.330,351.510
-443789.320,-1172389.650,351.110
-443790.770,-1172384.730,351.370
-443791.020,-1172388.320,351.260
-443789.430,-1172392.300,351.090
-443790.580,-1172388.040,351.300
-443790.430,-1172388.400,351.240
-443791.470,-1172388.260,351.360
-443792.220,-1172394.330,351.460
-443790.200,-1172399.400,351.180
-443789.800,-1172398.910,351.060
-443789.650,-1172399.270,351.050
-443790.950,-1172394.640,351.240
-443791.820,-1172391.110,351.420
-443791.090,-1172392.940,351.330
-443793.140,-1172403.000,351.470
-443790.720,-1172403.280,351.200
-443792.160,-1172398.070,351.420
-443790.840,-1172401.400,351.190
-443791.360,-1172398.940,351.310
-443789.770,-1172402.960,351.060
-443792.250,-1172395.560,351.340
-443791.820,-1172396.630,351.310
-443791.250,-1172398.070,351.240
-443849.570,-1172304.180,348.800
-443823.820,-1172310.540,355.160
-443801.600,-1172330.760,351.400
-443801.500,-1172329.570,351.430
-443800.230,-1172329.170,351.280
-443798.600,-1172331.190,351.230
-443756.250,-1172313.260,354.410
-443756.580,-1172314.340,354.410
-443757.850,-1172313.110,354.550
-443759.380,-1172311.790,354.620
-443759.110,-1172314.100,354.560
-443757.300,-1172320.780,354.440
-443760.510,-1172314.590,354.560
-443763.120,-1172310.850,354.900
-443761.820,-1172314.000,354.700
-443761.230,-1172315.420,354.610
-443760.940,-1172316.110,354.630
-443763.950,-1172310.870,355.000
-443763.650,-1172311.600,354.910
-443760.320,-1172319.600,354.560
-443761.590,-1172317.070,354.740
-443763.660,-1172313.460,354.930
-443762.780,-1172315.580,354.830
-443761.320,-1172319.090,354.610
-443760.370,-1172322.200,354.690
-443763.540,-1172315.800,354.880
-443764.000,-1172316.770,355.210
-443762.640,-1172320.040,354.760
-443763.210,-1172319.410,354.900
-443763.940,-1172318.810,354.890
-443763.290,-1172321.980,354.830
-443775.960,-1172310.940,351.130
-443776.320,-1172311.430,351.000
-443782.690,-1172308.000,353.740
-443849.100,-1172417.940,374.410
-443849.190,-1172415.500,374.250
-443848.160,-1172418.340,374.310
-443851.180,-1172407.290,357.980
-443849.730,-1172408.740,374.210
-443848.570,-1172411.930,374.160
-443850.790,-1172404.590,374.660
-443848.760,-1172407.800,374.260
-443848.640,-1172408.130,374.280
-443850.620,-1172402.700,374.640
-443849.780,-1172405.010,374.110
-443844.580,-1172414.630,375.300
-443848.000,-1172406.790,374.840
-443841.250,-1172422.370,374.120
-443848.450,-1172402.670,374.090
-443850.020,-1172396.800,374.730
-443848.230,-1172400.270,374.120
-443836.710,-1172431.770,374.710
-443836.440,-1172426.510,374.770
-443838.140,-1172417.100,374.200
-443838.630,-1172413.170,374.120
-443836.310,-1172419.520,377.590
-443843.020,-1172400.380,374.130
-443835.350,-1172418.540,377.420
-443835.990,-1172415.290,374.780
-443849.140,-1172381.080,374.220
-443847.040,-1172385.330,374.410
-443849.230,-1172378.100,374.210
-443846.550,-1172385.370,374.290
-443835.810,-1172411.480,374.580
-443835.860,-1172410.150,374.780
-443830.880,-1172420.840,378.600
-443840.540,-1172393.260,374.210
-443837.110,-1172399.940,374.430
-443835.720,-1172403.690,374.700
-443848.380,-1172370.790,374.230
-443847.370,-1172372.270,374.210
-443842.940,-1172378.630,374.150
-443842.820,-1172378.960,374.150
-443844.500,-1172370.390,374.700
-443834.130,-1172382.180,377.630
-443838.350,-1172362.770,370.650
-443836.600,-1172367.410,371.230
-443838.670,-1172359.140,370.700
-443838.720,-1172342.030,371.130
-443830.610,-1172354.960,370.570
-443834.900,-1172338.620,370.490
-443826.250,-1172349.250,371.170
-443830.030,-1172336.660,370.420
-443770.890,-1172435.930,361.780
-443770.130,-1172429.380,361.420
-443770.820,-1172426.260,361.750
-443768.340,-1172425.870,361.570
-443770.240,-1172422.260,361.690
-443757.520,-1172422.370,361.690
-443750.560,-1172422.390,361.650
-443741.010,-1172434.170,361.280
-443735.190,-1172422.570,361.570
-443837.950,-1172333.600,370.580
-443811.630,-1172309.300,358.790
-443763.970,-1172291.240,357.300
-443760.880,-1172291.770,359.030
-443746.740,-1172291.240,358.770
-443746.290,-1172292.320,358.650
-443744.790,-1172292.080,358.730
-443721.580,-1172320.930,359.800
-443717.000,-1172325.000,360.690
-443716.680,-1172325.770,360.530
-443716.720,-1172324.230,360.760
-443716.570,-1172324.610,360.710
-443713.540,-1172329.700,360.770
-443708.440,-1172335.820,360.860
-443708.750,-1172331.380,360.840
-443707.900,-1172333.460,360.820
-443706.910,-1172334.390,360.860
-443709.670,-1172327.010,360.950
-443706.900,-1172333.770,360.800
-443709.270,-1172326.290,360.950
-443709.150,-1172327.110,361.020
-443708.860,-1172326.220,360.930
-443707.130,-1172330.450,360.840
-443707.090,-1172329.300,360.860
-443705.360,-1172333.520,360.780
-443707.490,-1172329.270,360.750
-443706.220,-1172332.370,360.740
-443705.670,-1172330.400,360.700
-443826.870,-1172434.860,351.550
-443826.860,-1172433.260,351.510
-443808.030,-1172433.900,351.480
-443794.830,-1172422.290,353.410
-443795.140,-1172420.180,353.530
-443794.690,-1172406.280,351.630
-443794.020,-1172406.190,351.520
-443795.500,-1172404.850,351.710
-443796.690,-1172403.780,351.880
-443794.070,-1172404.720,351.530
-443796.330,-1172406.120,351.810
-443795.850,-1172408.390,351.730
-443794.100,-1172409.570,351.480
-443795.010,-1172408.750,351.620
-443796.140,-1172407.230,351.790
-443797.050,-1172406.420,351.890
-443794.860,-1172410.160,351.560
-443794.650,-1172409.880,351.560
-443801.430,-1172403.790,348.080
-443795.260,-1172410.280,351.660
-443796.150,-1172409.480,351.770
-443797.390,-1172410.120,351.860
-443789.630,-1172405.000,351.040
-443790.820,-1172403.930,351.190
-443790.720,-1172405.390,351.140
-443791.930,-1172404.300,351.290
-443791.180,-1172405.320,351.160
-443790.900,-1172405.980,351.150
-443791.780,-1172405.190,351.270
-443792.390,-1172405.740,351.330
-443790.490,-1172407.940,351.130
-443790.620,-1172408.230,351.100
-443790.690,-1172408.690,351.080
-443792.230,-1172407.310,351.290
-443791.090,-1172408.820,351.160
-443792.550,-1172407.510,351.280
-443791.680,-1172408.990,351.220
-443790.460,-1172411.020,351.030
-443791.300,-1172411.050,351.160
-443792.630,-1172378.150,351.680
-443793.240,-1172377.600,351.750
-443793.500,-1172377.740,351.780
-443793.780,-1172378.510,351.820
-443793.550,-1172379.260,351.740
-443792.980,-1172380.110,351.710
-443792.780,-1172381.150,351.650
-443793.460,-1172381.860,351.690
-443794.320,-1172381.090,351.800
-443800.100,-1172377.660,348.300
-443794.520,-1172382.690,351.810
-443791.960,-1172385.470,351.520
-443794.190,-1172383.950,351.780
-443791.830,-1172386.430,351.490
-443793.020,-1172385.360,351.670
-443792.360,-1172386.390,351.550
-443793.610,-1172385.740,351.730
-443801.360,-1172379.260,348.360
-443793.080,-1172387.100,351.630
-443793.370,-1172386.840,351.670
-443801.380,-1172380.000,348.330
-443794.700,-1172386.980,351.830
-443792.990,-1172388.880,351.600
-443794.030,-1172388.350,351.700
-443793.300,-1172389.480,351.650
-443793.580,-1172389.220,351.680
-443794.130,-1172390.590,351.750
-443793.730,-1172391.510,351.630
-443795.190,-1172390.190,351.860
-443795.460,-1172389.940,351.880
-443794.970,-1172391.370,351.800
-443792.630,-1172394.050,351.500
-443795.040,-1172392.480,351.810
-443794.140,-1172393.730,351.700
-443793.410,-1172394.900,351.550
-443795.490,-1172393.020,351.850
-443793.930,-1172395.570,351.620
-443793.830,-1172397.020,351.620
-443793.720,-1172398.350,351.570
-443794.150,-1172398.430,351.660
-443794.460,-1172398.150,351.730
-443794.230,-1172400.520,351.610
-443796.180,-1172399.110,351.880
-443795.450,-1172400.180,351.740
-443794.030,-1172401.920,351.610
-443795.170,-1172400.890,351.730
-443796.050,-1172400.590,351.860
-443795.310,-1172401.600,351.760
-443796.220,-1172400.780,351.880
-443793.510,-1172403.220,351.510
-443796.560,-1172402.000,351.860
-443796.460,-1172402.570,351.890
-443796.740,-1172402.320,351.930
-443732.790,-1172399.710,350.520
-443743.680,-1172397.290,350.300
-443744.000,-1172404.320,350.250
-443755.070,-1172396.810,349.690
-443758.630,-1172396.740,349.710
-443759.300,-1172396.630,349.710
-443757.330,-1172404.990,349.360
-443787.350,-1172378.890,351.080
-443788.740,-1172380.040,351.170
-443788.250,-1172379.910,351.130
-443789.150,-1172379.090,351.270
-443788.400,-1172380.660,351.150
-443789.870,-1172379.330,351.340
-443790.450,-1172378.800,351.440
-443789.650,-1172379.210,351.320
-443790.820,-1172378.160,351.450
-443788.900,-1172381.530,351.200
-443790.870,-1172379.740,351.420
-443789.900,-1172381.520,351.310
-443788.730,-1172382.570,351.150
-443788.870,-1172383.490,351.130
-443790.440,-1172383.260,351.340
-443791.040,-1172382.710,351.440
-443790.010,-1172385.540,351.260
-443790.750,-1172385.360,351.340
-443789.530,-1172386.830,351.230
-443789.170,-1172388.480,351.080
-443790.660,-1172388.410,351.310
-443790.980,-1172388.120,351.380
-443791.590,-1172387.580,351.450
-443791.740,-1172387.950,351.420
-443789.880,-1172389.990,351.220
-443789.960,-1172391.250,351.190
-443789.630,-1172392.320,351.130
-443790.810,-1172391.260,351.290
-443791.100,-1172391.000,351.350
-443789.730,-1172393.240,351.130
-443791.740,-1172391.420,351.370
-443792.040,-1172391.960,351.430
-443788.750,-1172394.490,351.060
-443791.630,-1172393.400,351.320
-443792.240,-1172392.850,351.420
-443792.080,-1172392.440,351.450
-443790.600,-1172396.480,351.210
-443790.910,-1172395.600,351.350
-443791.180,-1172395.360,351.330
-443792.340,-1172395.360,351.420
-443792.220,-1172398.920,351.400
-443791.190,-1172399.400,351.290
-443791.460,-1172399.160,351.290
-443792.620,-1172398.110,351.450
-443790.190,-1172399.370,351.160
-443789.790,-1172399.300,351.090
-443792.740,-1172401.850,351.460
-443791.600,-1172402.360,351.290
-443790.850,-1172402.200,351.220
-443791.230,-1172401.510,351.250
-443791.330,-1172400.490,351.250
-443790.930,-1172400.490,351.250
-443710.690,-1172401.190,352.010
-443796.840,-1172330.850,351.130
-443799.630,-1172328.310,351.330
-443799.280,-1172328.110,351.290
-443799.810,-1172327.010,351.310
-443799.470,-1172326.290,351.290
-443799.970,-1172325.250,351.310
-443799.500,-1172325.090,351.280
-443798.500,-1172324.730,351.230
-443812.650,-1172304.790,352.610
-443812.520,-1172304.250,352.530
-443762.590,-1172321.620,354.810
-443763.710,-1172320.590,354.930
-443762.220,-1172320.770,354.780
-443762.720,-1172319.570,354.830
-443758.600,-1172322.530,354.460
-443759.460,-1172321.740,354.530
-443760.280,-1172321.000,354.600
-443760.560,-1172320.040,354.600
-443761.430,-1172319.250,354.670
-443763.120,-1172317.710,354.850
-443757.230,-1172322.370,354.370
-443760.300,-1172319.570,354.610
-443762.370,-1172317.200,354.800
-443761.320,-1172317.180,354.690
-443761.590,-1172316.940,354.730
-443758.310,-1172318.970,354.460
-443762.850,-1172314.830,354.880
-443759.950,-1172316.650,354.610
-443760.790,-1172314.900,354.650
-443761.260,-1172313.610,354.730
-443761.820,-1172313.110,354.790
-443762.650,-1172312.340,354.860
-443763.200,-1172311.410,354.980
-443757.350,-1172316.480,354.400
-443757.340,-1172316.140,354.430
-443761.540,-1172312.310,354.840
-443758.600,-1172314.750,354.510
-443760.800,-1172312.750,354.720
-443760.070,-1172311.910,354.680
-443760.640,-1172311.380,354.770
-443760.560,-1172311.170,354.720
-443758.610,-1172312.950,354.540
-443759.700,-1172311.950,354.630
-443760.000,-1172311.680,354.680
-443757.850,-1172313.120,354.520
-443758.240,-1172312.370,354.510
-443756.100,-1172313.430,354.270
-443758.000,-1172312.070,354.510
-443846.710,-1172429.370,374.140
-443850.360,-1172422.430,374.090
-443851.200,-1172420.320,357.000
-443851.810,-1172419.440,365.210
-443848.270,-1172418.430,374.220
-443850.940,-1172415.120,356.970
-443847.460,-1172417.890,374.080
-443850.840,-1172414.890,356.960
-443849.190,-1172415.550,374.110
-443849.060,-1172415.100,374.250
-443847.500,-1172416.680,374.110
-443849.840,-1172411.580,374.110
-443835.340,-1172422.780,373.810
-443849.700,-1172409.030,374.130
-443840.380,-1172416.920,377.400
-443850.650,-1172407.850,374.680
-443845.750,-1172411.620,374.060
-443849.870,-1172406.910,374.150
-443846.750,-1172408.460,374.080
-443832.180,-1172421.710,377.560
-443835.620,-1172418.310,377.510
-443849.680,-1172404.810,374.100
-443848.380,-1172405.190,374.140
-443850.640,-1172402.710,374.580
-443845.450,-1172406.890,374.070
-443851.060,-1172401.520,373.740
-443830.120,-1172420.450,377.560
-443845.740,-1172405.900,374.090
-443851.790,-1172400.540,373.970
-443850.140,-1172401.500,374.680
-443837.380,-1172411.540,374.110
-443841.050,-1172407.820,374.740
-443848.290,-1172400.240,374.130
-443842.520,-1172402.530,374.100
-443834.940,-1172407.620,373.860
-443848.190,-1172395.490,374.210
-443834.760,-1172405.280,373.840
-443848.340,-1172392.390,374.190
-443848.050,-1172388.380,374.200
-443848.130,-1172387.520,374.190
-443848.010,-1172387.030,374.180
-443847.790,-1172386.790,374.260
-443851.480,-1172381.930,373.330
-443846.180,-1172385.270,374.210
-443849.490,-1172381.740,374.660
-443849.310,-1172380.040,374.810
-443842.700,-1172378.940,374.240
-443840.580,-1172379.030,377.540
-443840.560,-1172378.700,377.480
-443847.300,-1172372.280,374.230
-443848.440,-1172370.840,374.200
-443844.290,-1172370.250,374.580
-443840.450,-1172370.440,374.610
-443770.520,-1172427.650,361.800
-443840.270,-1172360.300,357.390
-443839.430,-1172360.590,371.110
-443770.390,-1172421.990,361.800
-443838.720,-1172359.450,370.660
-443830.660,-1172361.890,370.590
-443838.600,-1172352.040,370.670
-443756.800,-1172421.950,361.770
-443838.440,-1172347.510,370.670
-443740.810,-1172434.290,361.560
-443836.220,-1172339.120,370.560
-443834.890,-1172338.610,370.540
-443740.990,-1172422.670,361.730
-443738.990,-1172422.660,361.760
-443837.790,-1172332.150,370.650
-443750.350,-1172324.430,357.110
-443746.010,-1172324.470,357.200
-443774.560,-1172291.350,358.660
-443745.010,-1172316.930,361.010
-443761.060,-1172293.170,359.100
-443762.560,-1172290.580,357.270
-443752.250,-1172295.710,358.040
-443752.170,-1172293.950,358.300
-443721.340,-1172320.630,359.760
-443751.480,-1172292.400,358.560
-443751.780,-1172291.510,358.690
-443748.550,-1172293.540,358.400
-443751.600,-1172290.730,358.790
-443746.780,-1172294.700,358.210
-443726.840,-1172296.080,357.700
-443709.050,-1172335.420,360.910
-443708.260,-1172336.620,360.860
-443716.850,-1172326.430,360.430
-443705.920,-1172337.280,360.740
-443706.760,-1172336.500,360.770
-443708.430,-1172334.190,360.880
-443713.190,-1172327.650,360.840
-443709.860,-1172331.200,360.980
-443716.760,-1172323.740,360.840
-443707.870,-1172332.540,360.810
-443708.170,-1172332.260,360.870
-443708.610,-1172330.310,360.950
-443709.150,-1172329.810,360.960
-443706.450,-1172330.880,360.790
-443709.590,-1172328.390,361.000
-443705.120,-1172331.630,360.740
-443707.080,-1172329.820,360.820
-443709.660,-1172326.000,360.970
-443706.940,-1172328.090,360.820
-443709.260,-1172325.960,361.070
-443706.660,-1172327.910,360.800
-443704.710,-1172327.350,360.700
-443711.320,-1172316.380,360.180
-443827.370,-1172440.620,351.600
-443822.470,-1172439.790,351.470
-443818.200,-1172439.860,351.460
-443795.190,-1172406.720,351.620
-443794.420,-1172408.750,351.590
-443796.290,-1172403.810,351.910
-443795.160,-1172404.770,351.730
-443795.030,-1172405.110,351.730
-443794.300,-1172404.550,351.620
-443794.050,-1172403.670,351.580
-443796.120,-1172407.260,351.810
-443795.620,-1172408.570,351.720
-443795.690,-1172407.510,351.780
-443796.460,-1172403.870,351.870
-443797.260,-1172408.540,351.960
-443797.140,-1172408.860,351.870
-443796.780,-1172409.090,351.890
-443796.700,-1172407.830,351.900
-443796.320,-1172408.810,351.830
-443795.190,-1172420.170,353.650
-443801.310,-1172403.950,348.140
-443795.650,-1172421.380,353.740
-443796.960,-1172418.790,354.240
-443733.390,-1172411.800,349.130
-443738.920,-1172411.150,347.950
-443770.230,-1172411.880,353.790
-443777.030,-1172417.970,354.080
-443777.440,-1172422.370,354.040
-443790.340,-1172405.110,351.170
-443791.640,-1172404.120,351.320
-443790.510,-1172408.110,351.120
-443790.920,-1172408.550,351.200
-443793.020,-1172403.800,351.480
-443792.280,-1172405.770,351.290
-443791.780,-1172407.090,351.280
-443791.530,-1172407.750,351.260
-443791.790,-1172408.740,351.300
-443791.290,-1172411.000,351.170
-443793.430,-1172405.320,351.490
-443793.180,-1172405.980,351.470
-443792.930,-1172406.630,351.410
-443792.670,-1172407.330,351.380
-443793.040,-1172407.890,351.460
-443791.900,-1172410.910,351.260
-443793.190,-1172408.300,351.440
-443793.070,-1172408.620,351.390
-443793.770,-1172409.170,351.510
-443826.540,-1172356.560,349.100
-443792.030,-1172377.960,351.680
-443792.250,-1172378.130,351.650
-443792.360,-1172379.300,351.690
-443793.330,-1172377.680,351.840
-443792.820,-1172379.030,351.740
-443792.450,-1172380.010,351.630
-443793.920,-1172378.460,351.870
-443792.920,-1172381.130,351.660
-443793.840,-1172380.330,351.840
-443794.520,-1172379.450,351.860
-443793.150,-1172383.090,351.700
-443792.770,-1172384.100,351.620
-443794.390,-1172381.080,351.890
-443794.010,-1172382.110,351.860
-443792.620,-1172385.790,351.660
-443793.400,-1172384.320,351.720
-443792.530,-1172388.220,351.590
-443794.630,-1172383.590,351.830
-443794.130,-1172384.910,351.810
-443794.310,-1172385.960,351.820
-443793.880,-1172385.580,351.810
-443792.880,-1172388.240,351.630
-443793.570,-1172388.630,351.680
-443793.310,-1172389.330,351.680
-443793.060,-1172390.000,351.630
-443793.930,-1172389.180,351.750
-443793.430,-1172390.520,351.660
-443793.300,-1172390.850,351.640
-443792.790,-1172392.920,351.550
-443794.790,-1172387.630,351.850
-443794.410,-1172388.620,351.790
-443794.810,-1172388.820,351.910
-443793.300,-1172392.820,351.610
-443792.920,-1172393.840,351.590
-443795.310,-1172388.130,351.910
-443794.440,-1172390.450,351.750
-443795.160,-1172390.160,351.900
-443794.150,-1172392.850,351.790
-443793.390,-1172394.850,351.600
-443793.720,-1172394.800,351.610
-443800.140,-1172377.710,348.340
-443794.080,-1172393.830,351.680
-443795.100,-1172392.500,351.870
-443800.140,-1172379.070,348.380
-443794.000,-1172396.120,351.690
-443800.450,-1172378.980,348.330
-443801.230,-1172379.650,348.400
-443801.120,-1172379.940,348.300
-443800.980,-1172379.310,348.340
-443794.520,-1172397.470,351.740
-443793.780,-1172399.450,351.600
-443796.070,-1172394.910,351.930
-443801.510,-1172380.460,348.370
-443794.910,-1172398.790,351.770
-443794.540,-1172399.770,351.690
-443793.530,-1172402.450,351.560
-443796.060,-1172397.410,351.930
-443795.420,-1172400.040,351.820
-443794.790,-1172401.710,351.720
-443794.540,-1172402.360,351.660
-443794.430,-1172402.680,351.600
-443796.180,-1172399.570,351.840
-443795.790,-1172400.590,351.810
-443795.590,-1172401.950,351.830
-443826.020,-1172346.610,351.330
-443825.890,-1172346.950,351.300
-443815.960,-1172375.380,348.320
-443731.190,-1172405.010,349.080
-443736.880,-1172397.590,350.560
-443737.020,-1172406.520,350.430
-443740.720,-1172405.800,350.430
-443752.560,-1172396.680,350.610
-443753.880,-1172398.440,349.600
-443758.550,-1172396.430,349.900
-443762.990,-1172396.360,349.880
-443766.540,-1172396.420,349.820
-443768.650,-1172398.050,349.670
-443768.770,-1172403.030,349.530
-443787.410,-1172378.850,351.140
-443787.660,-1172378.780,351.080
-443787.550,-1172379.090,351.040
-443788.960,-1172379.120,351.270
-443788.470,-1172380.440,351.240
-443788.220,-1172381.100,351.160
-443787.840,-1172382.110,351.030
-443789.790,-1172379.290,351.380
-443789.410,-1172380.300,351.340
-443789.160,-1172380.970,351.250
-443788.910,-1172381.640,351.210
-443788.660,-1172382.310,351.180
-443789.270,-1172379.270,351.270
-443789.010,-1172379.950,351.240
-443788.890,-1172380.280,351.260
-443791.140,-1172378.160,351.510
-443789.820,-1172380.060,351.350
-443789.200,-1172381.710,351.210
-443788.820,-1172382.730,351.180
-443788.070,-1172384.720,351.070
-443788.370,-1172386.440,351.070
-443791.510,-1172378.090,351.560
-443790.870,-1172379.790,351.470
-443789.880,-1172381.530,351.380
-443791.510,-1172380.110,351.530
-443790.540,-1172385.090,351.410
-443788.550,-1172390.390,351.090
-443791.740,-1172380.950,351.530
-443791.100,-1172382.650,351.470
-443791.230,-1172384.730,351.450
-443789.860,-1172388.370,351.250
-443789.350,-1172389.730,351.170
-443791.330,-1172387.000,351.480
-443789.820,-1172391.010,351.220
-443790.660,-1172387.130,351.350
-443792.110,-1172387.150,351.590
-443791.360,-1172389.140,351.430
-443790.620,-1172391.120,351.350
-443792.000,-1172386.150,351.540
-443789.630,-1172392.450,351.160
-443791.900,-1172388.310,351.490
-443790.780,-1172391.290,351.290
-443790.400,-1172392.310,351.290
-443792.370,-1172389.590,351.560
-443791.620,-1172391.590,351.410
-443791.370,-1172392.250,351.390
-443791.110,-1172392.930,351.330
-443791.780,-1172390.210,351.450
-443791.520,-1172390.900,351.420
-443791.010,-1172392.250,351.330
-443791.040,-1172396.860,351.310
-443790.540,-1172398.190,351.270
-443792.280,-1172391.330,351.490
-443790.900,-1172401.470,351.220
-443792.530,-1172395.520,351.520
-443792.300,-1172395.490,351.450
-443791.540,-1172397.510,351.360
-443791.410,-1172397.840,351.330
-443792.160,-1172394.600,351.380
-443791.540,-1172396.230,351.260
-443790.770,-1172398.300,351.320
-443790.390,-1172399.300,351.220
-443793.270,-1172403.130,351.520
-443793.050,-1172402.920,351.510
-443793.000,-1172398.770,351.540
-443791.890,-1172401.730,351.340
-443791.760,-1172402.080,351.370
-443792.960,-1172398.180,351.550
-443792.450,-1172399.510,351.490
-443791.450,-1172402.180,351.370
-443791.080,-1172403.160,351.260
-443790.440,-1172403.490,351.130
-443791.770,-1172399.150,351.430
-443791.260,-1172400.510,351.290
-443791.010,-1172401.180,351.310
-443811.700,-1172319.410,351.490
-443798.180,-1172324.920,351.250
-443798.670,-1172325.370,351.320
-443796.860,-1172330.220,351.190
-443798.820,-1172327.280,351.330
-443798.320,-1172328.620,351.240
-443799.810,-1172325.270,351.360
-443799.430,-1172326.270,351.310
-443799.730,-1172327.100,351.340
-443799.340,-1172328.150,351.300
-443808.750,-1172318.530,351.250
-443730.510,-1172323.320,352.830
-443731.020,-1172323.530,352.890
-443731.420,-1172323.520,352.890
-443741.590,-1172326.380,351.240
-443758.600,-1172295.200,351.860
-443748.790,-1172323.700,354.700
-443756.020,-1172311.720,354.360
-443756.610,-1172314.280,354.370
-443756.630,-1172316.080,354.350
-443758.590,-1172311.830,354.650
-443758.520,-1172312.590,354.530
-443760.240,-1172311.800,354.800
-443759.660,-1172311.970,354.620
-443759.540,-1172312.310,354.610
-443759.290,-1172313.000,354.590
-443760.750,-1172312.750,354.740
-443760.240,-1172314.160,354.730
-443761.360,-1172311.100,354.960
-443757.220,-1172322.390,354.410
-443761.400,-1172311.880,354.840
-443760.610,-1172315.570,354.700
-443759.720,-1172317.970,354.620
-443762.290,-1172311.920,354.900
-443758.770,-1172321.520,354.490
-443762.400,-1172313.390,354.920
-443761.510,-1172315.790,354.750
-443761.920,-1172317.060,354.860
-443761.820,-1172317.340,354.700
-443763.360,-1172313.750,354.940
-443764.160,-1172313.110,355.110
-443764.570,-1172314.100,355.150
-443763.460,-1172317.740,354.940
-443762.820,-1172319.480,354.870
-443762.320,-1172320.850,354.820
-443763.370,-1172319.420,354.940
-443763.820,-1172318.930,354.890
-443763.570,-1172319.630,354.910
-443763.850,-1172320.670,354.970
-443763.610,-1172321.320,354.940
-443764.340,-1172321.580,354.990
-443765.040,-1172320.960,355.110
-443782.350,-1172320.690,353.730
-443718.820,-1172341.490,353.220
-443718.400,-1172337.010,353.120
-443711.990,-1172337.790,354.370
-443712.340,-1172337.830,351.280
-443704.660,-1172329.000,352.650
-443704.260,-1172326.730,352.700
-443704.290,-1172326.040,352.780
-443704.160,-1172326.380,352.770
-443850.620,-1172431.070,374.180
-443850.660,-1172428.400,374.240
-443850.410,-1172429.050,374.180
-443850.710,-1172424.420,374.670
-443850.360,-1172422.560,374.180
-443850.640,-1172423.750,374.660
-443849.460,-1172419.560,375.920
-443850.480,-1172415.140,374.710
-443850.300,-1172414.940,374.780
-443850.030,-1172414.050,374.120
-443849.250,-1172415.730,374.150
-443847.960,-1172419.080,374.310
-443850.350,-1172409.310,374.650
-443847.590,-1172416.510,374.120
-443847.560,-1172416.330,374.160
-443845.240,-1172422.370,374.120
-443849.830,-1172409.210,374.150
-443849.860,-1172408.730,374.200
-443849.920,-1172406.630,374.230
-443849.800,-1172406.930,374.190
-443840.930,-1172430.070,374.210
-443848.780,-1172408.250,374.310
-443851.160,-1172401.620,373.840
-443850.010,-1172404.620,374.720
-443848.640,-1172408.200,374.280
-443848.010,-1172408.350,374.140
-443849.830,-1172403.150,374.710
-443848.220,-1172407.370,374.240
-443847.690,-1172407.170,374.220
-443844.540,-1172414.610,375.290
-443849.400,-1172399.530,374.410
-443848.660,-1172401.480,374.190
-443846.090,-1172406.770,374.280
-443836.220,-1172431.740,373.930
-443850.110,-1172393.650,374.720
-443849.270,-1172395.830,374.220
-443841.750,-1172414.540,376.420
-443838.210,-1172422.050,374.230
-443848.490,-1172394.340,374.360
-443849.460,-1172390.190,374.340
-443849.340,-1172390.510,374.300
-443842.610,-1172408.080,374.060
-443836.220,-1172424.300,374.750
-443849.990,-1172388.360,375.010
-443835.380,-1172422.820,373.850
-443835.850,-1172418.730,377.550
-443848.140,-1172386.610,374.330
-443835.330,-1172418.400,377.480
-443849.030,-1172380.820,374.300
-443847.210,-1172385.570,374.380
-443847.080,-1172385.920,374.430
-443834.060,-1172418.350,377.500
-443849.240,-1172379.940,374.720
-443846.470,-1172385.890,374.250
-443846.570,-1172385.360,374.290
-443849.470,-1172376.400,374.770
-443835.640,-1172411.710,373.790
-443831.540,-1172420.810,377.810
-443839.180,-1172400.830,374.110
-443835.730,-1172408.170,374.730
-443830.880,-1172420.860,377.670
-443834.820,-1172409.930,369.320
-443830.600,-1172421.030,377.600
-443848.840,-1172373.330,374.300
-443848.580,-1172374.010,374.290
-443834.770,-1172408.460,373.820
-443830.210,-1172420.420,377.630
-443835.630,-1172405.590,374.740
-443830.030,-1172420.260,377.640
-443843.210,-1172378.620,374.640
-443834.860,-1172393.710,373.860
-443834.450,-1172383.770,377.680
-443834.280,-1172383.710,377.590
-443834.290,-1172382.110,377.630
-443834.060,-1172382.160,377.600
-443834.570,-1172379.240,373.830
-443834.180,-1172374.880,371.140
-443831.500,-1172381.980,377.680
-443838.350,-1172359.200,370.700
-443838.510,-1172352.190,370.690
-443838.700,-1172342.090,371.100
-443834.970,-1172338.350,370.590
-443826.530,-1172353.740,365.370
-443826.140,-1172354.760,365.260
-443826.110,-1172346.540,365.410
-443826.050,-1172336.520,365.390
-443825.660,-1172335.100,371.130
-443770.690,-1172432.800,361.820
-443771.980,-1172422.900,362.000
-443770.510,-1172428.500,361.820
-443769.960,-1172427.490,361.550
-443769.810,-1172424.150,361.680
-443769.780,-1172421.810,361.740
-443753.490,-1172422.710,361.690
-443739.040,-1172433.430,361.360
-443837.730,-1172331.090,370.690
-443817.840,-1172310.020,359.180
-443774.950,-1172317.070,357.390
-443774.430,-1172318.470,357.360
-443775.200,-1172317.070,357.430
-443775.120,-1172292.280,359.120
-443751.830,-1172294.970,358.200
-443752.450,-1172291.900,358.820
-443751.880,-1172291.030,358.790
-443748.060,-1172290.660,358.920
-443743.020,-1172291.880,360.420
-443721.450,-1172320.770,359.900
-443721.330,-1172321.080,359.750
-443730.140,-1172295.650,357.790
-443721.320,-1172293.210,357.850
-443716.940,-1172325.960,360.570
-443716.840,-1172326.240,360.450
-443716.780,-1172325.870,360.560
-443716.630,-1172324.420,360.750
-443710.520,-1172336.120,361.020
-443709.370,-1172336.300,360.970
-443708.250,-1172336.620,360.930
-443709.770,-1172331.140,361.030
-443708.670,-1172334.160,360.940
-443708.360,-1172332.590,360.910
-443710.050,-1172327.180,361.100
-443709.700,-1172327.040,361.030
-443709.200,-1172328.410,361.020
-443710.130,-1172324.950,360.780
-443710.030,-1172325.240,360.720
-443706.890,-1172333.790,360.860
-443706.650,-1172334.450,360.810
-443705.890,-1172336.490,360.780
-443705.540,-1172335.670,360.740
-443706.160,-1172332.350,360.820
-443707.110,-1172330.410,360.880
-443705.770,-1172334.060,360.830
-443705.520,-1172334.730,360.770
-443707.990,-1172326.430,360.920
-443706.370,-1172330.820,360.840
-443705.640,-1172332.820,360.710
-443705.740,-1172330.570,360.830
-443705.840,-1172329.740,360.820
-443706.250,-1172327.750,360.790
-443705.000,-1172331.140,360.750
-443708.080,-1172322.210,362.150
-443706.490,-1172326.520,360.840
-443705.580,-1172327.900,360.770
-443715.160,-1172297.220,357.650
-443714.920,-1172295.690,357.950
-443826.590,-1172440.010,351.440
-443822.490,-1172439.620,351.520
-443805.260,-1172433.830,351.630
-443796.160,-1172420.750,353.970
-443795.400,-1172404.870,351.760
-443795.680,-1172404.640,351.810
-443793.510,-1172405.960,351.530
-443794.010,-1172404.520,351.600
-443793.930,-1172403.680,351.620
-443794.490,-1172403.230,351.690
-443796.390,-1172405.890,351.880
-443793.890,-1172407.440,351.550
-443794.430,-1172407.000,351.650
-443793.640,-1172406.780,351.520
-443794.860,-1172409.820,351.670
-443795.120,-1172409.130,351.680
-443795.910,-1172408.490,351.800
-443796.710,-1172407.840,351.930
-443796.410,-1172407.480,351.860
-443793.960,-1172409.480,351.550
-443795.440,-1172407.830,351.740
-443797.090,-1172406.480,351.970
-443795.410,-1172407.460,351.720
-443795.970,-1172407.000,351.800
-443796.170,-1172408.760,351.830
-443801.320,-1172404.560,348.160
-443796.990,-1172409.710,351.900
-443788.670,-1172421.510,350.030
-443790.030,-1172404.300,351.140
-443790.830,-1172403.650,351.260
-443789.740,-1172404.980,351.060
-443776.880,-1172415.470,353.610
-443790.090,-1172405.180,351.130
-443791.180,-1172405.440,351.240
-443791.450,-1172405.230,351.290
-443792.460,-1172405.310,351.390
-443790.760,-1172407.170,351.200
-443790.390,-1172408.200,351.160
-443791.760,-1172407.080,351.300
-443792.430,-1172407.290,351.370
-443791.170,-1172409.220,351.200
-443791.450,-1172409.000,351.230
-443792.530,-1172408.550,351.340
-443791.020,-1172410.260,351.190
-443792.060,-1172411.030,351.300
-443826.120,-1172346.620,351.230
-443792.420,-1172378.270,351.690
-443793.220,-1172377.610,351.810
-443793.730,-1172377.710,351.870
-443793.100,-1172378.660,351.760
-443791.760,-1172380.290,351.590
-443791.380,-1172381.110,351.530
-443792.710,-1172380.020,351.700
-443793.500,-1172379.370,351.820
-443793.780,-1172379.140,351.840
-443792.960,-1172380.310,351.720
-443792.470,-1172381.180,351.670
-443793.560,-1172380.290,351.820
-443791.790,-1172382.330,351.540
-443794.020,-1172381.040,351.860
-443794.240,-1172381.270,351.870
-443793.950,-1172381.860,351.850
-443794.280,-1172382.070,351.870
-443794.520,-1172382.390,351.910
-443792.290,-1172384.660,351.620
-443792.560,-1172384.440,351.660
-443800.490,-1172377.950,348.400
-443800.110,-1172379.250,348.340
-443794.010,-1172384.820,351.800
-443801.370,-1172378.790,348.480
-443793.740,-1172385.490,351.770
-443801.380,-1172379.250,348.450
-443826.490,-1172358.710,349.220
-443801.370,-1172379.800,348.380
-443792.060,-1172388.040,351.550
-443794.460,-1172386.070,351.820
-443795.000,-1172385.630,351.930
-443803.570,-1172379.280,348.480
-443792.320,-1172388.470,351.560
-443792.480,-1172388.890,351.580
-443792.740,-1172388.670,351.640
-443793.540,-1172388.620,351.730
-443794.860,-1172387.540,351.930
-443792.690,-1172389.900,351.610
-443793.250,-1172389.450,351.700
-443793.140,-1172390.180,351.630
-443795.030,-1172388.630,351.910
-443794.680,-1172389.430,351.870
-443794.890,-1172390.390,351.870
-443795.180,-1172390.150,351.900
-443794.970,-1172390.880,351.860
-443794.360,-1172391.710,351.800
-443794.630,-1172391.490,351.800
-443795.170,-1172391.050,351.880
-443795.460,-1172390.820,351.910
-443794.070,-1172393.050,351.720
-443794.350,-1172392.820,351.750
-443794.600,-1172392.610,351.800
-443794.820,-1172392.700,351.780
-443795.070,-1172392.490,351.880
-443793.780,-1172393.810,351.670
-443795.130,-1172392.710,351.860
-443816.130,-1172376.020,348.290
-443793.680,-1172394.840,351.680
-443813.040,-1172379.480,348.090
-443794.020,-1172395.470,351.720
-443796.060,-1172394.900,351.930
-443793.100,-1172398.220,351.570
-443793.380,-1172397.990,351.630
-443793.040,-1172398.890,351.530
-443793.840,-1172398.240,351.660
-443794.940,-1172397.340,351.810
-443793.250,-1172399.380,351.560
-443793.380,-1172400.390,351.590
-443794.950,-1172399.710,351.800
-443793.260,-1172402.110,351.530
-443793.500,-1172401.910,351.590
-443793.790,-1172401.670,351.580
-443794.100,-1172401.900,351.650
-443794.280,-1172402.320,351.700
-443795.010,-1172402.800,351.770
-443795.590,-1172402.330,351.830
-443740.540,-1172405.770,350.430
-443765.310,-1172386.840,349.020
-443759.340,-1172396.760,349.790
-443750.410,-1172404.940,350.340
-443764.770,-1172396.360,349.800
-443787.420,-1172378.860,351.120
-443756.460,-1172404.840,349.460
-443790.020,-1172377.970,351.410
-443789.280,-1172379.100,351.310
-443789.790,-1172379.200,351.390
-443790.330,-1172378.760,351.470
-443788.240,-1172381.090,351.170
-443789.130,-1172380.960,351.250
-443760.940,-1172404.570,349.480
-443788.780,-1172382.730,351.160
-443789.280,-1172381.790,351.260
-443789.570,-1172381.550,351.300
-443790.900,-1172380.460,351.480
-443789.740,-1172382.460,351.320
-443790.830,-1172381.550,351.480
-443790.050,-1172383.170,351.330
-443768.780,-1172400.570,349.610
-443790.480,-1172383.940,351.420
-443773.650,-1172398.470,350.450
-443772.830,-1172398.800,350.390
-443791.280,-1172385.940,351.490
-443788.420,-1172388.810,351.090
-443791.650,-1172386.170,351.540
-443790.200,-1172388.380,351.290
-443791.550,-1172386.820,351.500
-443790.720,-1172388.510,351.340
-443790.960,-1172388.310,351.390
-443790.720,-1172389.130,351.350
-443788.710,-1172391.960,351.100
-443788.770,-1172393.750,351.090
-443789.590,-1172393.080,351.210
-443791.160,-1172393.440,351.350
-443792.200,-1172392.590,351.490
-443790.580,-1172394.800,351.270
-443790.830,-1172394.600,351.290
-443789.440,-1172396.840,351.130
-443792.170,-1172394.600,351.460
-443792.000,-1172394.360,351.480
-443791.310,-1172397.210,351.370
-443792.390,-1172395.400,351.510
-443790.840,-1172398.630,351.310
-443790.760,-1172398.130,351.280
-443791.160,-1172400.430,351.300
-443791.250,-1172399.730,351.310
-443791.430,-1172399.130,351.370
-443791.680,-1172398.920,351.390
-443792.470,-1172402.750,351.420
-443792.720,-1172402.550,351.460
-443791.650,-1172402.980,351.330
-443791.700,-1172402.370,351.340
-443792.510,-1172401.700,351.450
-443791.070,-1172401.160,351.280
-443791.610,-1172400.730,351.340
-443792.690,-1172399.850,351.500
-443811.570,-1172319.410,351.410
-443799.240,-1172328.140,351.320
-443796.750,-1172330.200,351.010
-443796.970,-1172330.010,351.210
-443796.630,-1172329.810,351.120
-443798.760,-1172324.750,351.340
-443756.440,-1172294.020,355.350
-443730.770,-1172323.730,352.750
-443731.010,-1172323.530,352.860
-443756.130,-1172311.660,354.420
-443756.040,-1172313.490,354.280
-443757.650,-1172312.130,354.500
-443757.420,-1172312.910,354.500
-443759.320,-1172311.310,354.680
-443756.310,-1172313.850,354.420
-443756.230,-1172314.460,354.360
-443757.840,-1172313.090,354.530
-443760.320,-1172312.170,354.750
-443761.130,-1172311.480,354.800
-443761.120,-1172310.930,354.870
-443760.440,-1172312.520,354.740
-443761.990,-1172311.650,354.900
-443757.060,-1172315.810,354.430
-443763.920,-1172310.620,355.120
-443762.170,-1172313.300,354.900
-443763.280,-1172312.360,355.000
-443750.080,-1172324.030,354.640
-443760.970,-1172316.120,354.730
-443762.620,-1172314.730,354.880
-443758.150,-1172319.040,354.490
-443750.700,-1172325.320,351.110
-443761.130,-1172317.020,354.750
-443762.750,-1172315.660,354.900
-443764.660,-1172314.060,355.100
-443764.220,-1172315.720,355.050
-443759.270,-1172322.210,354.580
-443763.890,-1172318.760,355.020
-443761.720,-1172321.610,354.790
-443763.090,-1172320.460,354.910
-443764.470,-1172319.300,355.010
-443765.050,-1172319.920,355.090
-443765.010,-1172320.890,355.120
-443782.100,-1172320.430,353.640
-443782.430,-1172320.590,353.790
-443712.260,-1172337.640,351.320
-443697.800,-1172345.190,353.180
-443704.540,-1172328.800,352.700
-443704.250,-1172326.280,352.680
-443845.300,-1172427.970,374.170
-443840.830,-1172429.900,374.190
-443836.360,-1172431.840,373.940
-443836.700,-1172431.560,374.800
-443836.150,-1172431.630,373.860
-443849.420,-1172419.200,374.300
-443850.440,-1172418.340,374.670
-443848.310,-1172419.440,374.260
-443848.870,-1172418.960,374.310
-443848.780,-1172418.770,374.280
-443844.310,-1172422.110,374.800
-443848.020,-1172419.020,374.330
-443836.540,-1172426.510,374.770
-443847.590,-1172416.600,374.180
-443835.970,-1172426.720,373.860
-443841.340,-1172422.240,374.220
-443847.870,-1172415.490,374.270
-443849.150,-1172413.550,374.360
-443836.410,-1172424.160,374.820
-443849.900,-1172412.250,374.170
-443845.540,-1172415.610,374.180
-443849.080,-1172412.660,374.320
-443850.260,-1172410.490,374.720
-443840.620,-1172418.880,377.500
-443848.520,-1172410.690,374.140
-443849.010,-1172410.290,374.380
-443840.810,-1172415.510,377.560
-443837.050,-1172419.100,377.510
-443848.890,-1172408.340,374.370
-443835.710,-1172418.840,377.520
-443832.400,-1172421.580,377.550
-443847.880,-1172407.370,374.280
-443847.710,-1172407.270,374.360
-443850.480,-1172404.540,374.710
-443830.860,-1172421.240,377.590
-443845.670,-1172408.160,374.100
-443847.000,-1172407.060,374.340
-443848.460,-1172405.850,374.130
-443830.650,-1172420.980,377.590
-443837.610,-1172415.210,374.150
-443846.870,-1172406.830,374.410
-443830.440,-1172420.790,377.560
-443830.310,-1172420.560,377.560
-443845.380,-1172406.920,374.130
-443849.490,-1172403.510,374.170
-443849.930,-1172403.150,374.580
-443844.170,-1172407.600,374.820
-443848.420,-1172403.790,374.150
-443849.540,-1172402.870,374.180
-443848.470,-1172403.360,374.170
-443848.760,-1172402.720,374.270
-443836.110,-1172413.590,374.790
-443841.020,-1172407.870,374.200
-443842.490,-1172402.440,374.150
-443848.420,-1172396.660,374.270
-443843.510,-1172400.300,374.170
-443842.930,-1172400.440,374.170
-443841.050,-1172400.890,374.150
-443835.620,-1172403.700,374.720
-443834.560,-1172404.160,373.670
-443834.780,-1172403.970,373.930
-443849.280,-1172391.050,374.250
-443848.360,-1172391.110,374.360
-443848.160,-1172390.260,374.270
-443835.110,-1172400.520,373.920
-443835.400,-1172397.800,374.790
-443847.930,-1172386.730,374.320
-443847.600,-1172386.600,374.250
-443848.090,-1172386.190,374.440
-443846.630,-1172386.360,374.260
-443847.080,-1172385.300,374.400
-443846.050,-1172385.250,374.270
-443849.400,-1172380.060,374.750
-443848.970,-1172379.570,374.280
-443835.090,-1172390.920,374.760
-443834.730,-1172390.430,373.890
-443834.590,-1172389.630,373.900
-443849.440,-1172376.510,374.700
-443840.870,-1172382.710,377.510
-443835.640,-1172385.260,377.610
-443840.720,-1172381.110,377.530
-443838.000,-1172381.990,377.580
-443840.750,-1172378.530,377.650
-443847.360,-1172372.360,374.270
-443834.480,-1172382.050,377.670
-443770.330,-1172433.520,361.320
-443834.460,-1172379.520,373.880
-443834.820,-1172376.740,374.770
-443834.390,-1172376.050,373.860
-443770.060,-1172428.120,361.510
-443834.430,-1172375.630,359.940
-443768.280,-1172425.910,361.600
-443839.380,-1172365.510,371.150
-443770.150,-1172422.000,361.850
-443839.220,-1172358.080,371.170
-443838.550,-1172357.230,370.720
-443835.420,-1172356.660,370.600
-443830.750,-1172358.180,373.190
-443839.000,-1172351.430,371.140
-443737.860,-1172428.740,361.520
-443826.580,-1172353.840,365.390
-443826.310,-1172351.010,365.340
-443838.090,-1172341.370,370.700
-443735.040,-1172422.990,361.740
-443735.290,-1172422.780,361.810
-443838.660,-1172338.110,371.170
-443826.400,-1172346.380,365.450
-443832.660,-1172339.680,373.280
-443826.100,-1172342.860,365.360
-443831.060,-1172337.910,373.250
-443826.030,-1172342.570,362.440
-443828.460,-1172339.030,370.640
-443826.200,-1172336.530,365.530
-443825.950,-1172336.740,368.170
-443837.850,-1172331.830,370.700
-443835.660,-1172330.370,371.170
-443835.920,-1172330.150,371.230
-443825.730,-1172332.210,365.340
-443827.600,-1172309.020,356.170
-443805.650,-1172311.490,357.720
-443791.710,-1172313.310,361.150
-443775.170,-1172318.360,357.370
-443774.370,-1172318.510,357.360
-443746.240,-1172324.500,357.240
-443747.410,-1172322.500,357.590
-443747.670,-1172322.290,357.630
-443734.180,-1172319.660,362.090
-443723.900,-1172322.440,359.160
-443724.100,-1172320.410,359.190
-443752.730,-1172295.540,358.290
-443752.210,-1172295.370,358.100
-443721.370,-1172321.090,359.660
-443751.690,-1172292.140,358.640
-443751.670,-1172291.690,358.690
-443747.950,-1172291.030,358.900
-443742.990,-1172291.900,360.510
-443709.920,-1172335.920,361.050
-443710.080,-1172333.520,361.050
-443709.720,-1172331.030,361.070
-443706.530,-1172334.350,360.860
-443705.410,-1172334.710,360.760
-443719.250,-1172320.970,359.150
-443708.640,-1172328.930,361.000
-443709.610,-1172326.990,361.050
-443708.130,-1172326.410,360.960
-443709.110,-1172326.130,361.040
-443710.040,-1172325.330,360.730
