-443774.070,-1172320.250,354.330
-443773.810,-1172320.000,354.290
-443826.510,-1172366.310,368.010
-443826.350,-1172366.270,368.010
-443738.760,-1172297.370,359.690
-443738.870,-1172297.090,359.550
-443808.160,-1172311.400,355.790
-443699.780,-1172297.590,357.010
-443826.620,-1172366.280,368.100
-443849.910,-1172394.020,374.950
-443743.070,-1172291.090,360.040
-443737.400,-1172297.160,358.690
-443737.660,-1172297.540,359.070
-443738.810,-1172297.020,359.560
-443738.790,-1172297.550,359.780
-443700.320,-1172297.640,357.480
-443700.750,-1172297.770,357.860
-443710.180,-1172292.380,356.100
-443706.770,-1172319.810,360.490
-443845.830,-1172413.020,349.670
-443748.980,-1172324.140,354.750
-443700.250,-1172318.000,350.420
-443748.290,-1172290.810,359.120
-443699.730,-1172298.530,357.130
-443828.210,-1172307.180,355.100
-443834.620,-1172399.170,362.590
-443737.470,-1172297.220,358.620
-443736.470,-1172297.450,358.180
-443700.730,-1172297.550,357.660
-443828.200,-1172307.460,355.370
-443738.110,-1172297.240,359.260
-443699.720,-1172298.310,357.170
-443700.660,-1172297.490,357.640
