-443804.540,-1172307.530,354.840
-443736.430,-1172437.800,361.400
-443749.790,-1172437.190,361.400
-443712.070,-1172399.630,360.840
-443785.230,-1172311.190,359.510
-443699.550,-1172317.370,360.970
-443840.710,-1172381.620,377.630
-443757.220,-1172295.320,359.300
-443781.400,-1172314.100,361.160
-443796.430,-1172312.650,361.170
-443698.750,-1172316.850,360.900
-443699.500,-1172317.220,360.910
-443714.190,-1172336.650,361.250
-443798.870,-1172410.920,352.970
-443841.230,-1172432.080,374.290
-443712.010,-1172399.620,360.780
-443712.070,-1172400.100,360.940
-443707.560,-1172397.850,360.280
-443706.970,-1172396.480,359.980
-443771.190,-1172293.490,358.770
-443717.800,-1172319.790,358.730
-443699.210,-1172317.400,360.980
-443798.740,-1172411.100,353.040
-443770.590,-1172409.510,349.410
-443841.890,-1172399.450,374.280
-443831.140,-1172366.760,370.700
-443712.630,-1172399.430,360.720
-443707.770,-1172399.580,360.830
-443706.880,-1172396.010,359.810
-443708.070,-1172316.530,360.170
-443798.420,-1172411.650,353.280
-443843.920,-1172392.300,374.790
-443709.550,-1172397.250,360.220
-443709.080,-1172399.060,360.670
-443708.210,-1172397.550,360.250
-443707.190,-1172398.200,360.470
-443707.340,-1172398.480,360.520
-443717.800,-1172320.000,358.790
-443698.070,-1172316.930,361.120
-443804.390,-1172434.190,350.540
-443798.300,-1172412.070,353.450
-443848.410,-1172415.050,374.330
-443710.500,-1172396.770,360.010
-443699.260,-1172317.580,361.050
-443700.130,-1172316.830,360.780
-443703.200,-1172294.060,357.070
