-443796.920,-1172418.390,354.250
-443796.680,-1172418.290,354.160
-443795.920,-1172416.870,353.930
-443794.750,-1172419.850,353.510
-443794.360,-1172415.230,353.410
-443794.080,-1172417.250,353.280
-443795.490,-1172413.650,353.810
-443794.410,-1172412.950,353.500
-443794.780,-1172413.070,353.580
-443793.710,-1172412.820,353.250
-443793.870,-1172408.490,351.530
-443793.200,-1172423.820,352.910
-443794.100,-1172419.800,353.270
-443793.090,-1172416.310,353.000
-443793.530,-1172414.370,353.130
-443793.120,-1172414.310,352.980
-443793.370,-1172411.850,353.170
-443792.300,-1172410.570,352.770
-443791.890,-1172382.590,351.520
-443826.570,-1172357.080,349.060
-443825.780,-1172353.040,347.320
-443825.500,-1172353.040,347.370
-443789.770,-1172403.660,351.080
-443711.710,-1172402.490,352.310
-443740.070,-1172297.970,354.440
-443758.560,-1172311.560,354.610
-443761.960,-1172316.020,354.810
-443771.510,-1172322.680,352.640
-443775.540,-1172310.410,351.000
-443775.650,-1172310.120,350.960
-443763.380,-1172320.850,354.930
-443697.200,-1172329.870,350.080
-443697.320,-1172329.570,350.070
-443697.450,-1172329.240,350.110
-443770.570,-1172430.450,361.810
-443770.570,-1172435.830,361.310
-443770.920,-1172434.940,361.790
-443825.800,-1172336.170,362.530
-443829.890,-1172335.840,370.610
-443828.660,-1172338.170,370.600
-443825.930,-1172349.250,371.040
-443830.150,-1172343.460,370.610
-443826.220,-1172354.710,371.080
-443826.380,-1172354.360,365.360
-443850.780,-1172429.790,374.670
-443850.520,-1172427.730,374.210
-443850.450,-1172422.770,374.160
-443850.510,-1172417.740,374.640
-443849.060,-1172417.700,374.370
-443849.210,-1172416.700,374.190
-443850.250,-1172414.050,374.720
-443848.690,-1172417.090,374.200
-443850.090,-1172413.500,374.670
-443847.760,-1172418.430,374.200
-443849.050,-1172412.930,374.280
-443849.850,-1172407.590,374.160
-443848.490,-1172408.930,374.130
-443848.680,-1172405.170,374.220
-443849.640,-1172396.370,374.300
-443836.370,-1172429.170,373.900
-443849.980,-1172394.520,374.910
-443836.150,-1172426.240,373.840
-443848.240,-1172394.720,374.240
-443839.100,-1172415.770,374.310
-443838.780,-1172415.630,374.330
-443838.900,-1172415.320,374.320
-443838.420,-1172415.800,374.160
-443836.000,-1172416.090,374.730
-443848.930,-1172382.170,374.280
-443835.630,-1172413.920,374.680
-443849.130,-1172377.850,374.670
-443848.760,-1172377.150,374.230
-443835.580,-1172409.700,374.640
-443831.400,-1172419.210,377.700
-443831.130,-1172419.110,377.600
-443835.550,-1172407.890,374.650
-443835.510,-1172405.150,374.680
-443835.510,-1172405.160,373.930
-443835.270,-1172402.770,373.890
-443835.380,-1172402.480,373.800
-443835.380,-1172399.290,374.730
-443835.320,-1172398.610,374.710
-443835.210,-1172396.080,374.740
-443835.190,-1172395.150,374.740
-443833.970,-1172393.810,362.360
-443834.970,-1172388.670,374.750
-443834.700,-1172387.660,373.870
-443834.820,-1172387.370,373.880
-443837.170,-1172380.250,374.290
-443837.280,-1172379.970,374.270
-443834.690,-1172385.810,374.750
-443833.890,-1172386.430,370.820
-443834.130,-1172385.830,370.770
-443834.700,-1172378.030,373.850
-443838.830,-1172366.230,370.790
-443838.560,-1172358.190,370.690
-443835.500,-1172355.970,370.610
-443838.720,-1172346.640,371.110
-443838.270,-1172347.190,370.680
-443838.270,-1172344.950,370.680
-443838.390,-1172342.810,370.680
-443830.770,-1172360.860,370.660
-443838.630,-1172336.940,371.120
-443733.570,-1172292.290,359.740
-443730.260,-1172318.540,360.920
-443761.140,-1172293.710,359.200
-443838.380,-1172332.400,371.120
-443701.360,-1172297.300,358.130
-443706.690,-1172317.150,360.210
-443704.850,-1172329.880,360.720
-443717.760,-1172318.300,358.350
-443717.830,-1172318.710,358.460
-443796.410,-1172415.510,354.150
-443794.700,-1172416.960,353.520
-443796.600,-1172414.950,354.240
-443796.410,-1172416.840,354.110
-443795.640,-1172417.490,353.830
-443794.900,-1172420.070,353.750
-443795.190,-1172420.610,353.660
-443796.560,-1172419.020,354.170
-443796.070,-1172419.430,354.000
-443795.580,-1172419.850,353.820
-443826.620,-1172437.820,351.310
-443826.760,-1172438.720,351.520
-443795.770,-1172413.800,353.960
-443795.800,-1172414.150,353.970
-443795.470,-1172413.540,353.840
-443794.720,-1172413.060,353.620
-443794.440,-1172412.840,353.540
-443777.020,-1172417.770,354.080
-443793.650,-1172417.450,353.160
-443792.900,-1172418.090,352.870
-443792.640,-1172418.300,352.820
-443793.460,-1172418.010,353.110
-443794.100,-1172418.290,353.330
-443794.390,-1172420.500,353.370
-443794.110,-1172421.090,353.280
-443792.860,-1172422.150,352.870
-443793.720,-1172421.850,353.160
-443794.680,-1172421.480,353.450
-443794.160,-1172421.920,353.300
-443793.660,-1172422.340,353.130
-443793.790,-1172415.850,353.270
-443793.030,-1172416.490,353.000
-443794.010,-1172415.290,353.310
-443792.780,-1172416.330,352.870
-443794.050,-1172413.960,353.550
-443793.540,-1172414.390,353.220
-443793.300,-1172411.650,353.170
-443792.050,-1172412.710,352.700
-443711.740,-1172402.430,352.370
-443711.950,-1172401.310,352.360
-443823.390,-1172308.050,355.110
-443809.480,-1172319.500,351.500
-443796.380,-1172326.920,351.210
-443771.670,-1172322.320,352.650
-443765.060,-1172316.830,355.150
-443697.410,-1172329.670,350.120
-443697.160,-1172329.880,350.130
-443697.450,-1172329.160,350.150
-443697.200,-1172329.360,350.010
-443825.930,-1172336.130,362.530
-443825.740,-1172336.290,359.780
-443825.750,-1172337.160,356.980
-443828.610,-1172338.480,370.620
-443838.000,-1172335.010,370.700
-443838.230,-1172343.210,370.710
-443838.950,-1172346.110,371.170
-443826.660,-1172365.820,365.380
-443838.780,-1172361.690,370.710
-443838.830,-1172364.910,370.760
-443839.230,-1172366.370,371.130
-443770.540,-1172429.220,361.850
-443850.640,-1172431.560,374.300
-443851.880,-1172429.570,368.260
-443850.210,-1172413.430,374.700
-443849.040,-1172414.020,374.330
-443848.600,-1172411.680,374.170
-443848.630,-1172409.100,374.290
-443848.720,-1172405.170,374.290
-443845.570,-1172407.460,374.180
-443848.480,-1172401.210,374.190
-443835.790,-1172412.350,374.770
-443835.780,-1172411.560,374.760
-443848.570,-1172400.740,374.290
-443848.360,-1172398.210,374.270
-443848.390,-1172397.340,374.280
-443835.570,-1172405.180,374.810
-443840.920,-1172400.200,374.760
-443849.800,-1172388.380,374.970
-443849.200,-1172378.920,374.820
-443834.660,-1172386.390,373.940
-443733.590,-1172292.240,359.790
-443738.090,-1172294.210,359.310
-443738.790,-1172294.060,359.830
-443761.120,-1172291.150,359.290
-443761.370,-1172291.850,359.300
-443762.590,-1172291.730,357.280
-443761.330,-1172292.790,359.270
-443812.420,-1172306.220,357.410
-443701.260,-1172297.730,358.230
-443701.500,-1172297.150,358.250
-443701.000,-1172298.410,358.260
-443704.540,-1172327.040,360.780
-443717.760,-1172318.390,358.420
-443794.510,-1172412.840,353.390
-443796.250,-1172419.160,353.870
-443795.650,-1172420.710,353.640
-443793.280,-1172411.730,353.010
-443794.180,-1172416.500,353.280
-443793.140,-1172416.320,352.860
-443793.010,-1172421.080,352.780
-443793.370,-1172421.730,352.910
-443794.580,-1172421.890,353.310
-443744.650,-1172397.220,350.370
-443769.010,-1172403.370,349.430
-443712.130,-1172403.490,352.340
-443697.570,-1172329.620,350.170
-443697.450,-1172329.160,349.990
-443850.660,-1172431.500,374.210
-443850.670,-1172429.960,374.220
-443847.750,-1172418.310,374.030
-443844.540,-1172421.760,374.820
-443849.870,-1172405.860,374.170
-443851.820,-1172396.320,373.930
-443849.650,-1172400.740,374.180
-443849.560,-1172398.050,374.250
-443849.640,-1172396.420,374.240
-443849.230,-1172386.900,374.280
-443838.820,-1172415.260,374.300
-443840.810,-1172407.250,374.090
-443846.900,-1172385.710,374.250
-443849.110,-1172378.440,374.220
-443838.980,-1172364.060,370.680
-443838.110,-1172336.870,370.650
-443838.210,-1172335.160,370.630
-443838.090,-1172335.480,370.660
-443830.200,-1172336.220,370.730
-443770.100,-1172422.600,361.680
-443780.290,-1172313.910,360.830
-443761.090,-1172292.010,359.080
-443761.030,-1172291.400,359.020
-443731.270,-1172319.120,361.390
-443739.010,-1172295.380,359.640
-443738.840,-1172293.800,359.650
-443736.040,-1172297.290,357.860
-443850.890,-1172421.020,348.570
-443795.910,-1172420.410,353.800
-443795.090,-1172419.750,353.520
-443795.430,-1172419.450,353.660
-443795.750,-1172419.160,353.770
-443795.910,-1172417.470,353.870
-443796.180,-1172416.920,353.960
-443796.690,-1172414.770,354.180
-443794.380,-1172415.360,353.380
-443794.610,-1172413.020,353.490
-443794.200,-1172413.810,353.310
-443794.840,-1172413.240,353.590
-443793.200,-1172423.230,352.870
-443793.940,-1172422.170,353.120
-443793.780,-1172420.930,353.080
-443794.110,-1172420.630,353.170
-443793.330,-1172420.200,352.940
-443793.330,-1172419.180,352.940
-443792.780,-1172416.810,352.790
-443793.100,-1172416.520,352.890
-443794.030,-1172415.680,353.240
-443792.820,-1172411.120,352.930
-443793.480,-1172411.880,353.160
-443792.850,-1172413.170,352.880
-443793.320,-1172413.230,353.010
-443793.950,-1172413.610,353.240
-443768.840,-1172399.120,349.610
-443823.660,-1172308.140,355.160
-443758.780,-1172321.910,354.490
-443743.100,-1172335.990,353.260
-443697.220,-1172329.840,350.070
-443851.480,-1172430.430,356.990
-443850.720,-1172431.650,374.240
-443850.490,-1172427.790,374.190
-443850.610,-1172417.700,374.680
-443849.320,-1172416.550,374.240
-443847.770,-1172417.610,374.150
-443850.470,-1172409.430,362.590
-443838.980,-1172420.210,377.440
-443849.940,-1172407.920,374.200
-443851.330,-1172405.150,368.230
-443831.110,-1172419.170,377.580
-443844.000,-1172407.440,374.750
-443842.440,-1172408.320,374.040
-443850.040,-1172399.030,374.960
-443849.600,-1172398.210,374.260
-443848.390,-1172397.330,374.180
-443849.260,-1172386.810,374.290
-443835.400,-1172398.580,374.740
-443849.900,-1172382.460,371.000
-443839.490,-1172366.000,371.130
-443770.430,-1172426.920,361.790
-443839.440,-1172362.310,371.090
-443838.670,-1172357.850,370.690
-443838.370,-1172347.060,370.670
-443838.390,-1172344.390,370.660
-443838.400,-1172342.690,370.720
-443838.490,-1172336.150,371.070
-443838.070,-1172334.330,370.640
-443838.460,-1172333.980,371.060
-443812.820,-1172307.260,357.450
-443761.140,-1172293.860,359.100
-443732.090,-1172319.770,361.930
-443761.040,-1172292.370,359.060
-443761.240,-1172291.330,359.220
-443717.510,-1172317.040,358.210
-443835.120,-1172422.670,348.560
-443826.720,-1172438.560,351.490
-443794.510,-1172413.020,353.510
-443794.730,-1172413.040,353.590
-443794.490,-1172413.670,353.480
-443794.820,-1172417.170,353.560
-443795.620,-1172417.640,353.840
-443795.380,-1172418.280,353.720
-443792.730,-1172411.210,352.910
-443792.490,-1172413.880,352.800
-443793.130,-1172414.290,353.010
-443794.430,-1172415.330,353.450
-443793.080,-1172421.000,352.890
-443794.200,-1172420.530,353.270
-443794.040,-1172421.810,353.230
-443793.910,-1172422.140,353.180
-443826.400,-1172356.920,349.070
-443791.400,-1172393.690,351.400
-443712.050,-1172402.320,352.430
-443823.620,-1172308.090,355.180
-443731.560,-1172324.600,352.920
-443756.260,-1172293.840,355.400
-443765.100,-1172316.720,355.090
-443697.570,-1172329.450,350.150
-443697.350,-1172329.260,350.080
-443697.220,-1172329.620,350.140
-443697.100,-1172329.940,350.100
-443850.400,-1172419.850,374.720
-443848.840,-1172412.990,374.210
-443843.150,-1172426.610,374.090
-443849.930,-1172406.950,374.650
-443848.730,-1172406.020,374.230
-443845.860,-1172407.370,374.170
-443849.560,-1172396.930,374.290
-443848.360,-1172398.220,374.240
-443848.380,-1172397.230,374.290
-443848.250,-1172397.580,374.240
-443836.560,-1172426.350,374.130
-443848.240,-1172394.990,374.240
-443849.670,-1172387.930,374.750
-443838.880,-1172415.390,374.330
-443849.170,-1172386.850,374.250
-443849.070,-1172382.050,374.320
-443835.750,-1172415.170,373.860
-443835.630,-1172412.560,374.640
-443831.390,-1172420.720,377.800
-443834.550,-1172411.220,373.710
-443834.660,-1172410.390,373.710
-443835.440,-1172406.730,374.650
-443848.740,-1172371.980,374.310
-443834.780,-1172406.200,373.840
-443835.280,-1172399.350,374.770
-443835.330,-1172396.840,374.790
-443833.870,-1172393.850,362.320
-443837.240,-1172380.070,374.400
-443838.680,-1172360.740,370.720
-443833.680,-1172372.220,356.960
-443838.540,-1172355.970,370.740
-443838.850,-1172346.390,371.120
-443838.320,-1172347.150,370.710
-443830.780,-1172360.830,370.660
-443838.630,-1172336.990,371.130
-443826.860,-1172365.370,365.320
-443838.030,-1172337.770,370.700
-443838.540,-1172334.690,371.160
-443838.110,-1172335.100,370.720
-443826.610,-1172354.460,365.320
-443826.580,-1172354.510,362.550
-443826.270,-1172349.950,356.990
-443830.100,-1172336.080,370.840
-443826.160,-1172336.180,359.820
-443825.860,-1172336.910,356.970
-443825.750,-1172337.210,356.890
-443826.190,-1172336.900,356.960
-443770.440,-1172433.480,361.820
-443730.920,-1172318.880,361.220
-443721.520,-1172295.880,357.800
-443716.830,-1172317.040,357.940
-443710.470,-1172321.300,362.120
-443705.890,-1172333.730,360.800
-443704.560,-1172330.230,360.520
-443706.860,-1172318.200,360.400
-443706.750,-1172318.500,360.350
-443706.680,-1172317.190,360.180
-443826.930,-1172438.900,351.580
-443826.620,-1172438.260,351.380
-443826.620,-1172436.890,351.150
-443826.580,-1172436.550,351.070
-443835.050,-1172422.830,348.530
-443795.540,-1172420.980,353.750
-443795.010,-1172419.820,353.570
-443795.750,-1172419.210,353.830
-443796.750,-1172418.390,354.200
-443796.860,-1172417.810,354.300
-443794.870,-1172418.150,353.570
-443796.880,-1172416.500,354.350
-443794.950,-1172417.140,353.650
-443796.020,-1172416.750,354.020
-443794.970,-1172413.030,353.670
-443794.510,-1172412.950,353.540
-443794.310,-1172414.830,353.410
-443794.390,-1172415.260,353.450
-443795.930,-1172414.000,353.990
-443793.490,-1172422.660,353.030
-443794.310,-1172420.760,353.330
-443793.740,-1172420.850,353.150
-443792.990,-1172420.090,350.170
-443793.970,-1172417.180,353.270
-443789.960,-1172407.830,350.970
-443790.130,-1172409.650,350.990
-443792.800,-1172413.120,352.920
-443793.510,-1172412.930,353.170
-443793.430,-1172414.280,353.110
-443793.310,-1172414.790,353.080
-443792.880,-1172416.490,352.880
-443793.400,-1172417.180,353.080
-443834.990,-1172398.150,354.230
-443834.120,-1172399.510,353.830
-443826.420,-1172343.990,354.250
-443825.730,-1172352.990,347.400
-443732.950,-1172403.080,349.290
-443732.980,-1172405.940,349.070
-443768.800,-1172399.080,349.690
-443711.900,-1172402.430,352.330
-443711.930,-1172401.330,352.340
-443823.430,-1172308.100,355.060
-443721.500,-1172327.590,352.550
-443764.760,-1172312.920,355.200
-443763.360,-1172320.820,354.920
-443697.230,-1172329.760,350.120
-443697.500,-1172329.530,350.120
-443836.250,-1172431.540,359.900
-443836.430,-1172430.960,374.000
-443850.440,-1172417.650,374.660
-443835.950,-1172429.760,359.900
-443849.190,-1172417.320,374.340
-443844.490,-1172421.590,374.910
-443848.600,-1172417.090,374.200
-443836.200,-1172427.070,374.040
-443836.120,-1172426.170,373.890
-443849.010,-1172412.990,374.350
-443848.850,-1172412.850,374.200
-443848.800,-1172412.470,374.180
-443835.400,-1172423.220,369.340
-443838.950,-1172420.270,377.550
-443838.120,-1172416.280,374.170
-443838.640,-1172415.840,374.300
-443838.740,-1172415.300,374.300
-443835.880,-1172416.280,374.600
-443831.510,-1172419.250,377.800
-443841.320,-1172411.120,374.110
-443849.810,-1172401.470,374.230
-443849.650,-1172400.730,374.160
-443848.440,-1172398.180,374.290
-443835.620,-1172407.930,374.610
-443849.610,-1172396.390,374.310
-443834.970,-1172406.190,371.920
-443848.130,-1172389.820,374.260
-443849.270,-1172386.810,374.290
-443851.320,-1172381.380,373.420
-443843.130,-1172385.490,374.630
-443848.900,-1172375.290,374.310
-443834.390,-1172375.330,373.870
-443770.070,-1172423.130,361.790
-443839.360,-1172362.320,371.160
-443835.550,-1172355.990,370.620
-443826.720,-1172354.680,360.020
-443826.590,-1172354.380,365.390
-443826.400,-1172344.000,365.500
-443828.670,-1172339.360,370.800
-443826.170,-1172336.130,359.870
-443825.950,-1172333.710,365.470
-443780.320,-1172314.040,360.880
-443778.860,-1172312.990,359.990
-443732.040,-1172319.720,361.960
-443761.170,-1172292.910,359.200
-443743.440,-1172290.730,360.310
-443738.790,-1172294.070,359.780
-443738.430,-1172292.000,359.780
-443704.700,-1172330.560,360.690
-443718.140,-1172319.080,358.610
-443718.310,-1172317.690,358.770
-443717.540,-1172317.080,358.340
-443717.370,-1172317.810,358.210
-443717.830,-1172317.410,358.490
-443704.530,-1172328.210,360.750
-443706.810,-1172318.510,360.300
-443701.060,-1172298.170,358.200
-443701.550,-1172297.160,358.260
