-443852.200,-1172300.620,348.970
-443810.690,-1172433.750,350.300
-443813.940,-1172433.570,349.380
-443820.290,-1172433.380,350.360
-443820.400,-1172433.100,350.320
-443822.960,-1172433.240,350.370
-443826.830,-1172434.290,350.660
-443798.650,-1172411.980,353.410
-443798.770,-1172411.700,353.250
-443798.880,-1172411.410,353.130
-443799.000,-1172411.100,353.110
-443799.110,-1172410.810,352.960
-443799.230,-1172410.520,352.880
-443799.510,-1172411.100,353.130
-443799.620,-1172410.790,353.000
-443799.750,-1172410.480,352.910
-443797.460,-1172412.920,353.630
-443797.700,-1172412.330,353.480
-443797.820,-1172412.020,353.340
-443797.930,-1172411.730,353.280
-443798.290,-1172410.830,352.950
-443796.300,-1172413.350,353.790
-443797.470,-1172410.380,352.830
-443796.830,-1172412.820,353.640
-443796.950,-1172412.520,353.490
-443797.290,-1172411.650,353.240
-443797.410,-1172411.350,353.150
-443797.520,-1172411.070,353.000
-443795.730,-1172413.060,353.670
-443795.850,-1172412.750,353.560
-443795.970,-1172412.450,353.470
-443796.090,-1172412.140,353.400
-443796.210,-1172411.830,353.270
-443796.320,-1172411.540,353.170
-443796.550,-1172410.960,353.000
-443794.470,-1172411.970,353.270
-443795.450,-1172410.290,352.730
-443794.020,-1172411.120,353.050
-443734.830,-1172423.460,347.560
-443770.640,-1172409.870,349.480
-443771.610,-1172409.780,349.460
-443771.300,-1172425.540,354.060
-443773.260,-1172425.420,354.040
-443775.700,-1172425.160,354.040
-443791.210,-1172417.420,349.770
-443793.080,-1172410.510,352.770
-443847.270,-1172301.300,349.240
-443831.150,-1172303.080,354.810
-443824.820,-1172303.590,352.110
-443818.410,-1172304.390,353.360
-443811.560,-1172318.990,351.230
-443810.030,-1172315.530,353.400
-443800.330,-1172323.980,350.960
-443798.690,-1172324.310,351.380
-443804.430,-1172307.820,354.880
-443723.740,-1172314.770,355.180
-443743.680,-1172338.880,353.300
-443710.900,-1172291.160,355.510
-443708.040,-1172292.360,354.350
-443708.160,-1172292.060,354.220
-443744.720,-1172437.940,361.830
-443746.150,-1172437.910,361.830
-443751.050,-1172437.680,361.860
-443753.360,-1172437.120,361.410
-443758.090,-1172436.790,361.370
-443763.750,-1172437.340,361.810
-443766.730,-1172437.130,361.840
-443830.510,-1172342.560,370.570
-443846.410,-1172427.490,374.120
-443847.560,-1172415.000,374.220
-443844.490,-1172421.200,374.810
-443848.220,-1172406.340,374.210
-443846.850,-1172406.650,374.260
-443846.210,-1172406.210,374.140
-443838.580,-1172421.650,377.560
-443839.420,-1172418.640,377.600
-443844.450,-1172399.440,374.330
-443843.680,-1172399.640,374.470
-443842.530,-1172399.460,374.320
-443840.620,-1172399.510,374.330
-443843.420,-1172385.010,374.650
-443835.980,-1172399.790,374.420
-443839.690,-1172378.600,374.260
-443831.280,-1172360.940,370.840
-443827.950,-1172367.190,371.110
-443830.930,-1172355.900,370.610
-443706.590,-1172396.670,359.920
-443706.710,-1172396.370,359.910
-443706.750,-1172396.970,360.110
-443707.450,-1172395.220,359.610
-443706.930,-1172399.790,360.880
-443707.640,-1172398.020,360.350
-443707.870,-1172397.440,360.170
-443708.000,-1172397.130,360.120
-443708.820,-1172395.070,359.490
-443708.380,-1172397.830,360.370
-443708.620,-1172397.240,360.180
-443709.090,-1172396.060,359.860
-443710.480,-1172395.720,359.740
-443711.460,-1172395.030,359.510
-443709.160,-1172399.730,360.900
-443710.000,-1172397.650,360.300
-443710.940,-1172395.300,359.570
-443709.900,-1172399.880,360.900
-443711.300,-1172396.390,359.950
-443711.290,-1172398.440,360.530
-443712.290,-1172398.590,360.510
-443718.540,-1172292.520,356.860
-443719.900,-1172290.770,355.820
-443719.350,-1172293.110,357.360
-443720.230,-1172292.800,357.210
-443720.660,-1172293.710,357.860
-443728.320,-1172295.770,357.670
-443721.080,-1172315.690,357.700
-443721.920,-1172320.490,359.080
-443734.610,-1172292.050,359.710
-443738.350,-1172291.550,359.620
-443730.430,-1172316.810,359.950
-443730.680,-1172318.340,360.970
-443732.130,-1172314.740,358.730
-443734.520,-1172313.520,358.020
-443734.850,-1172313.220,357.990
-443733.860,-1172318.790,361.540
-443736.410,-1172313.270,358.010
-443733.900,-1172319.490,361.980
-443734.800,-1172319.380,361.970
-443738.590,-1172312.680,358.010
-443738.820,-1172312.980,358.010
-443740.070,-1172313.590,358.650
-443739.960,-1172314.710,359.300
-443740.210,-1172314.090,359.050
-443738.440,-1172318.970,361.960
-443740.120,-1172314.780,359.410
-443740.570,-1172315.570,359.950
-443743.770,-1172312.350,358.100
-443744.510,-1172312.220,358.070
-443743.250,-1172316.260,360.610
-443744.920,-1172312.080,358.080
-443746.490,-1172312.140,358.200
-443748.560,-1172311.990,358.270
-443767.360,-1172294.490,359.130
-443772.600,-1172293.780,359.140
-443773.250,-1172293.730,359.150
-443773.050,-1172293.320,358.800
-443774.790,-1172293.580,359.120
-443774.600,-1172293.120,358.810
-443769.280,-1172315.290,361.690
-443769.010,-1172315.030,361.460
-443772.540,-1172313.200,360.570
-443773.800,-1172310.940,359.260
-443780.260,-1172309.240,357.890
-443779.130,-1172312.860,360.060
-443786.340,-1172310.800,359.440
-443787.530,-1172313.300,361.020
-443789.180,-1172312.460,360.640
-443789.180,-1172312.460,360.340
-443788.390,-1172313.480,361.050
-443790.950,-1172309.860,358.950
-443791.920,-1172307.420,357.530
-443792.830,-1172306.990,357.350
-443792.960,-1172306.670,357.360
-443793.370,-1172307.810,357.820
-443793.480,-1172307.530,357.720
-443792.640,-1172313.010,361.030
-443795.850,-1172306.870,357.490
-443797.160,-1172306.490,357.350
-443794.230,-1172312.810,361.040
-443802.240,-1172310.530,356.780
-443812.650,-1172304.920,355.710
-443811.890,-1172308.970,358.650
-443813.130,-1172307.550,357.680
-443816.520,-1172310.010,357.470
-443817.760,-1172310.000,357.420
-443824.510,-1172308.470,355.590
-443826.050,-1172309.010,356.110
-443706.980,-1172296.770,358.510
-443711.540,-1172293.190,356.820
-443710.870,-1172293.970,357.180
-443711.720,-1172291.880,356.060
-443711.390,-1172291.850,355.940
-443711.730,-1172293.830,357.230
-443716.130,-1172292.760,356.780
-443717.620,-1172292.580,356.870
-443710.100,-1172316.020,360.000
-443711.750,-1172315.770,360.040
-443710.420,-1172320.000,360.650
-443711.030,-1172320.030,360.700
-443712.340,-1172319.730,360.640
-443714.020,-1172319.470,360.630
-443714.750,-1172321.290,362.110
-443717.420,-1172315.570,357.420
-443718.840,-1172315.620,357.510
-443717.190,-1172318.660,358.360
-443717.350,-1172319.900,358.750
-443717.480,-1172320.680,359.040
-443718.620,-1172320.580,359.000
-443718.740,-1172320.290,358.930
-443850.840,-1172299.480,348.440
-443851.190,-1172300.940,349.190
-443797.710,-1172412.960,353.760
-443797.470,-1172413.160,353.820
-443797.450,-1172413.690,353.950
-443823.850,-1172433.140,350.420
-443852.120,-1172415.210,349.550
-443799.690,-1172410.480,352.920
-443799.450,-1172410.680,353.000
-443799.200,-1172410.890,353.050
-443798.230,-1172411.710,353.310
-443797.980,-1172411.920,353.500
-443797.010,-1172412.750,353.660
-443796.250,-1172413.390,353.880
-443800.680,-1172410.010,352.810
-443800.420,-1172410.230,352.860
-443799.440,-1172411.060,353.120
-443798.970,-1172411.460,353.240
-443800.390,-1172409.880,352.690
-443798.650,-1172410.410,352.890
-443797.410,-1172411.460,353.230
-443795.940,-1172412.700,353.620
-443795.680,-1172412.920,353.700
-443797.850,-1172410.410,352.850
-443797.120,-1172411.020,353.050
-443796.400,-1172411.630,353.260
-443796.160,-1172411.840,353.310
-443795.930,-1172412.030,353.360
-443797.690,-1172410.880,352.990
-443797.450,-1172411.080,353.060
-443795.980,-1172412.320,353.460
-443797.350,-1172410.380,352.810
-443797.120,-1172410.570,352.910
-443796.660,-1172410.120,352.710
-443796.390,-1172410.350,352.800
-443794.680,-1172411.790,353.270
-443794.430,-1172412.010,353.340
-443795.360,-1172410.320,352.770
-443770.680,-1172409.940,349.550
-443771.780,-1172409.840,349.520
-443790.180,-1172417.590,349.880
-443788.900,-1172417.530,349.690
-443787.070,-1172417.870,349.910
-443793.860,-1172410.440,352.810
-443775.800,-1172425.240,354.060
-443792.260,-1172410.300,352.680
-443773.310,-1172425.330,354.090
-443771.410,-1172425.460,354.090
-443732.490,-1172388.020,349.120
-443850.470,-1172300.710,348.980
-443848.600,-1172301.390,349.340
-443847.450,-1172300.540,348.850
-443833.420,-1172302.360,354.560
-443830.820,-1172302.640,354.620
-443828.790,-1172303.470,354.980
-443823.630,-1172307.850,355.170
-443827.150,-1172303.070,351.960
-443823.140,-1172303.660,352.090
-443722.590,-1172314.780,355.030
-443722.860,-1172314.830,355.120
-443744.350,-1172332.100,353.040
-443737.330,-1172437.400,361.350
-443836.230,-1172355.630,370.680
-443831.070,-1172360.710,370.790
-443744.030,-1172437.410,361.450
-443746.190,-1172437.950,361.880
-443829.120,-1172367.180,371.140
-443758.580,-1172436.820,361.450
-443839.760,-1172378.380,374.260
-443708.860,-1172394.920,359.450
-443706.910,-1172396.570,360.000
-443706.680,-1172396.760,360.100
-443709.900,-1172395.600,359.730
-443708.000,-1172397.220,360.220
-443711.050,-1172395.190,359.590
-443710.820,-1172395.390,359.690
-443709.630,-1172396.400,359.980
-443707.670,-1172398.060,360.460
-443709.990,-1172397.090,360.160
-443709.240,-1172397.720,360.360
-443709.020,-1172397.910,360.420
-443707.320,-1172399.350,360.810
-443706.830,-1172399.770,360.930
-443712.050,-1172395.830,359.830
-443711.320,-1172396.440,359.950
-443711.920,-1172396.810,360.070
-443709.270,-1172399.050,360.720
-443711.490,-1172397.760,360.310
-443711.270,-1172397.950,360.400
-443710.280,-1172398.790,360.640
-443709.080,-1172399.800,360.920
-443711.280,-1172398.520,360.580
-443710.790,-1172399.510,360.840
-443712.370,-1172400.440,361.050
-443719.210,-1172292.850,357.210
-443721.040,-1172291.790,356.640
-443724.170,-1172296.180,357.700
-443726.690,-1172295.950,357.750
-443733.830,-1172292.040,359.730
-443736.680,-1172291.840,359.800
-443737.580,-1172291.770,359.800
-443723.830,-1172320.270,359.130
-443734.850,-1172313.140,358.000
-443735.080,-1172313.260,358.030
-443734.830,-1172313.470,358.040
-443736.440,-1172313.160,358.030
-443730.880,-1172318.560,361.280
-443738.580,-1172312.670,358.040
-443738.710,-1172312.920,358.030
-443737.970,-1172313.550,358.410
-443739.180,-1172313.060,358.090
-443733.550,-1172318.770,361.460
-443741.260,-1172312.710,358.110
-443737.560,-1172315.820,359.880
-443740.430,-1172315.450,360.010
-443744.610,-1172312.320,358.110
-443767.380,-1172293.870,358.830
-443767.510,-1172294.240,359.180
-443740.890,-1172317.180,361.090
-443740.550,-1172317.760,361.570
-443739.330,-1172318.800,362.020
-443739.090,-1172318.990,361.940
-443747.420,-1172311.990,358.200
-443741.270,-1172317.160,361.110
-443740.530,-1172318.370,361.760
-443748.790,-1172311.880,358.190
-443743.710,-1172316.780,361.050
-443745.730,-1172316.670,361.140
-443774.560,-1172293.150,358.850
-443769.260,-1172315.070,361.510
-443772.720,-1172313.190,360.580
-443770.280,-1172315.250,361.770
-443773.380,-1172313.020,360.410
-443773.560,-1172314.760,361.700
-443773.320,-1172314.970,361.840
-443774.080,-1172314.870,361.870
-443778.990,-1172312.630,359.980
-443789.280,-1172307.440,357.440
-443788.300,-1172308.270,357.900
-443785.100,-1172310.980,359.440
-443784.860,-1172311.180,359.500
-443782.290,-1172313.980,361.080
-443786.490,-1172310.900,359.470
-443792.810,-1172307.000,357.420
-443788.600,-1172311.690,360.170
-443792.450,-1172308.890,358.540
-443795.760,-1172306.510,357.350
-443788.870,-1172312.350,360.580
-443787.630,-1172313.390,361.150
-443796.150,-1172306.650,357.460
-443796.940,-1172306.350,357.420
-443797.770,-1172306.630,357.530
-443812.080,-1172305.010,355.750
-443812.690,-1172306.000,357.360
-443813.200,-1172307.460,357.690
-443814.060,-1172308.840,358.800
-443816.810,-1172310.010,357.620
-443818.830,-1172309.820,357.580
-443827.470,-1172308.860,356.160
-443710.410,-1172293.090,356.730
-443710.810,-1172293.200,356.840
-443713.500,-1172291.330,355.850
-443711.690,-1172293.770,357.220
-443711.450,-1172293.960,357.340
-443717.630,-1172291.340,356.020
-443710.050,-1172316.000,360.020
-443712.520,-1172315.980,360.250
-443708.450,-1172321.920,362.240
-443710.510,-1172321.490,362.030
-443719.510,-1172315.470,357.480
-443712.180,-1172321.600,362.220
-443708.600,-1172325.580,360.710
-443717.290,-1172318.780,358.460
-443717.220,-1172319.270,358.620
-443714.790,-1172321.300,362.220
-443717.420,-1172319.850,358.810
-443717.920,-1172320.360,359.000
-443718.310,-1172320.370,358.990
-443707.420,-1172337.040,360.890
-443708.150,-1172337.340,361.130
-443708.030,-1172336.970,360.910
-443714.710,-1172336.220,360.900
-443713.900,-1172336.390,360.940
-443715.450,-1172336.410,361.120
-443714.770,-1172336.500,361.070
-443851.190,-1172301.050,349.210
-443794.880,-1172410.660,352.800
-443794.750,-1172410.980,352.910
-443794.110,-1172411.150,353.000
-443797.090,-1172410.650,352.830
-443796.130,-1172411.530,353.140
-443795.630,-1172412.790,353.540
-443795.700,-1172411.040,352.900
-443797.900,-1172411.730,353.240
-443797.780,-1172412.030,353.340
-443796.970,-1172412.520,353.470
-443796.850,-1172412.840,353.590
-443796.350,-1172414.110,354.040
-443799.570,-1172410.650,352.850
-443799.450,-1172410.960,352.970
-443804.590,-1172434.060,350.430
-443809.300,-1172433.820,350.420
-443814.190,-1172433.410,350.370
-443738.300,-1172423.680,347.600
-443739.260,-1172423.470,347.550
-443770.700,-1172409.770,349.450
-443771.300,-1172409.380,349.300
-443771.810,-1172409.530,349.350
-443771.680,-1172409.850,349.440
-443775.780,-1172425.160,354.020
-443793.780,-1172410.430,352.690
-443850.520,-1172300.630,348.890
-443848.630,-1172301.390,349.230
-443848.420,-1172300.560,348.790
-443824.790,-1172303.470,352.000
-443707.010,-1172291.540,353.850
-443702.010,-1172290.890,354.070
-443848.150,-1172406.370,374.090
-443851.390,-1172393.040,373.800
-443838.930,-1172414.940,374.210
-443840.750,-1172399.510,374.320
-443837.710,-1172399.570,374.310
-443836.600,-1172399.680,374.330
-443839.750,-1172378.420,374.260
-443834.710,-1172367.070,371.060
-443836.370,-1172355.600,370.610
-443830.790,-1172355.950,370.660
-443835.750,-1172337.930,370.790
-443830.640,-1172337.920,370.620
-443761.390,-1172436.760,361.400
-443759.390,-1172436.750,361.360
-443753.730,-1172437.520,361.800
-443751.900,-1172437.290,361.450
-443752.330,-1172437.120,361.390
-443737.530,-1172437.820,361.390
-443711.660,-1172395.550,359.670
-443712.020,-1172395.850,359.690
-443711.890,-1172396.170,359.830
-443710.950,-1172395.190,359.530
-443710.260,-1172396.840,360.020
-443709.880,-1172397.770,360.280
-443709.340,-1172399.070,360.660
-443709.680,-1172396.410,359.930
-443709.140,-1172397.700,360.300
-443709.010,-1172398.010,360.370
-443709.100,-1172396.010,359.800
-443708.110,-1172397.200,360.150
-443707.420,-1172398.190,360.390
-443832.560,-1172306.510,357.360
-443812.570,-1172304.780,355.550
-443809.720,-1172309.250,358.670
-443797.140,-1172310.510,359.750
-443795.790,-1172309.550,359.060
-443795.840,-1172306.850,357.460
-443793.490,-1172307.730,357.830
-443794.810,-1172306.900,357.400
-443793.260,-1172307.660,357.740
-443791.870,-1172307.320,357.430
-443790.990,-1172307.390,357.430
-443789.330,-1172307.580,357.440
-443782.040,-1172314.040,361.090
-443781.700,-1172313.880,360.920
-443780.950,-1172312.290,359.760
-443773.660,-1172314.780,361.560
-443772.640,-1172315.050,361.690
-443774.780,-1172293.130,358.790
-443770.670,-1172293.630,358.830
-443767.340,-1172294.360,359.160
-443759.840,-1172295.020,359.230
-443748.770,-1172312.030,358.190
-443747.050,-1172312.300,358.190
-443745.040,-1172316.630,360.870
-443744.210,-1172316.720,360.890
-443740.700,-1172318.930,362.050
-443740.210,-1172318.160,361.490
-443737.590,-1172315.790,359.760
-443737.360,-1172316.370,360.120
-443738.410,-1172313.050,358.140
-443735.630,-1172318.060,361.140
-443735.170,-1172319.190,361.800
-443733.710,-1172319.570,361.970
-443740.390,-1172291.320,359.580
-443738.310,-1172291.790,359.680
-443738.240,-1172291.630,359.610
-443736.770,-1172291.800,359.600
-443720.880,-1172315.490,357.490
-443719.050,-1172293.710,357.570
-443718.860,-1172292.420,356.840
-443715.170,-1172336.540,361.000
-443718.850,-1172320.470,358.960
-443718.390,-1172320.150,358.850
-443718.260,-1172320.450,358.960
-443717.630,-1172319.700,358.710
-443717.930,-1172319.480,358.660
-443717.410,-1172320.750,359.050
-443718.850,-1172315.650,357.440
-443709.140,-1172337.150,361.020
-443713.770,-1172321.500,362.110
-443716.370,-1172316.420,357.750
-443710.930,-1172326.820,360.600
-443709.810,-1172325.500,360.740
-443712.080,-1172316.410,357.500
-443712.520,-1172315.980,357.440
-443712.390,-1172316.300,357.500
-443712.530,-1172316.000,360.120
-443710.920,-1172319.940,360.690
-443709.950,-1172319.940,360.630
-443710.290,-1172316.330,357.470
-443717.790,-1172292.650,356.820
-443715.550,-1172294.960,358.100
-443716.770,-1172292.730,356.820
-443717.850,-1172291.070,355.880
-443714.370,-1172291.820,356.080
-443715.180,-1172293.820,357.380
-443711.660,-1172291.870,355.970
-443711.430,-1172293.280,356.820
-443711.200,-1172293.860,357.140
-443712.420,-1172292.420,356.370
-443711.380,-1172291.760,355.850
-443697.910,-1172316.680,360.920
-443696.650,-1172291.950,359.090
-443851.100,-1172301.140,349.220
-443852.050,-1172300.270,348.790
-443852.560,-1172299.820,348.580
-443851.360,-1172301.280,349.250
-443820.740,-1172433.320,350.390
-443820.220,-1172433.360,350.430
-443846.020,-1172410.300,348.450
-443813.850,-1172433.620,349.420
-443796.260,-1172413.680,353.900
-443796.770,-1172413.230,353.760
-443799.100,-1172411.130,353.040
-443799.630,-1172410.660,352.930
-443799.900,-1172410.410,352.880
-443800.410,-1172409.960,352.630
-443797.580,-1172413.020,353.700
-443798.600,-1172412.100,353.380
-443799.140,-1172411.620,353.270
-443799.400,-1172411.380,353.150
-443800.170,-1172410.690,352.950
-443797.180,-1172412.500,353.510
-443797.460,-1172412.250,353.420
-443798.230,-1172411.560,353.220
-443797.110,-1172412.160,353.340
-443794.150,-1172410.800,352.880
-443793.910,-1172410.540,352.790
-443795.580,-1172410.350,352.750
-443795.320,-1172410.230,352.630
-443794.830,-1172411.880,353.260
-443795.600,-1172411.190,353.020
-443795.860,-1172410.960,352.940
-443796.650,-1172410.240,352.690
-443794.620,-1172411.580,353.160
-443794.870,-1172411.350,353.070
-443795.900,-1172410.430,352.770
-443795.680,-1172412.970,353.620
-443795.950,-1172412.720,353.570
-443797.220,-1172411.580,353.180
-443797.470,-1172411.350,353.120
-443797.760,-1172411.100,353.040
-443795.140,-1172412.970,353.630
-443795.940,-1172412.250,353.410
-443796.180,-1172412.030,353.310
-443751.370,-1172422.620,347.310
-443771.260,-1172409.370,349.320
-443771.730,-1172409.840,349.490
-443771.310,-1172425.610,354.040
-443792.860,-1172410.680,352.810
-443785.740,-1172417.880,349.730
-443793.120,-1172411.250,353.010
-443786.900,-1172417.790,349.710
-443848.680,-1172301.450,349.300
-443808.690,-1172305.660,352.670
-443743.640,-1172338.900,353.340
-443722.800,-1172314.850,355.030
-443723.990,-1172314.740,355.030
-443843.200,-1172432.150,374.210
-443842.080,-1172432.590,374.790
-443849.440,-1172416.920,374.330
-443848.140,-1172415.020,374.210
-443841.520,-1172414.550,375.100
-443850.590,-1172405.800,359.870
-443846.030,-1172406.380,374.190
-443831.400,-1172418.920,377.560
-443845.640,-1172406.310,374.090
-443840.670,-1172399.580,374.340
-443836.770,-1172399.650,374.290
-443840.020,-1172378.380,374.330
-443763.560,-1172437.010,361.810
-443761.350,-1172436.770,361.410
-443836.120,-1172366.900,371.060
-443834.230,-1172366.990,371.090
-443836.020,-1172355.980,370.800
-443740.030,-1172437.550,361.370
-443736.940,-1172437.790,361.370
-443830.200,-1172335.860,370.810
-443710.470,-1172399.940,360.930
-443711.430,-1172397.900,360.290
-443709.040,-1172400.070,360.940
-443711.570,-1172396.790,360.010
-443709.880,-1172397.660,360.230
-443707.630,-1172399.130,360.720
-443709.180,-1172397.720,360.310
-443709.750,-1172396.220,359.850
-443710.780,-1172395.290,359.560
-443711.040,-1172395.050,359.450
-443709.910,-1172395.580,359.730
-443710.160,-1172395.360,359.580
-443710.160,-1172395.020,359.460
-443708.080,-1172395.340,359.650
-443830.330,-1172306.770,357.390
-443826.000,-1172309.070,356.110
-443812.800,-1172306.200,357.440
-443805.870,-1172311.410,357.740
-443810.440,-1172305.000,355.490
-443796.950,-1172311.940,360.660
-443792.990,-1172312.970,361.050
-443797.680,-1172306.810,357.520
-443795.810,-1172306.690,357.350
-443793.550,-1172307.570,357.700
-443793.000,-1172307.020,357.380
-443792.000,-1172307.410,357.550
-443784.790,-1172313.630,361.070
-443791.800,-1172307.250,357.400
-443786.430,-1172310.760,359.400
-443783.450,-1172313.900,361.110
-443784.970,-1172311.060,359.370
-443782.530,-1172313.920,361.070
-443786.520,-1172308.520,357.890
-443778.900,-1172312.590,359.910
-443774.600,-1172311.540,359.690
-443769.240,-1172315.280,361.630
-443769.000,-1172309.540,357.910
-443764.630,-1172310.100,358.000
-443774.730,-1172293.580,359.120
-443773.300,-1172293.310,358.810
-443748.740,-1172312.070,358.290
-443747.090,-1172312.370,358.330
-443741.280,-1172317.210,361.070
-443740.690,-1172317.330,361.100
-443738.210,-1172319.010,361.970
-443720.410,-1172315.250,357.280
-443740.830,-1172291.290,359.630
-443734.620,-1172292.050,359.700
-443734.140,-1172292.130,359.740
-443719.830,-1172294.530,358.260
-443719.330,-1172294.440,358.160
-443719.800,-1172293.570,357.610
-443719.500,-1172293.420,357.510
-443720.200,-1172292.780,357.160
-443718.900,-1172290.890,355.820
-443709.370,-1172337.030,360.930
-443708.040,-1172337.270,361.060
-443706.830,-1172337.460,361.000
-443711.880,-1172331.410,361.490
-443711.970,-1172331.330,360.980
-443718.300,-1172320.370,358.940
-443718.680,-1172320.570,359.030
-443717.510,-1172320.690,359.020
-443718.010,-1172320.230,358.880
-443717.380,-1172319.840,358.750
-443714.730,-1172321.330,362.120
-443716.900,-1172319.340,358.580
-443717.200,-1172318.650,358.370
-443718.380,-1172317.560,358.690
-443708.610,-1172325.610,360.620
-443716.720,-1172316.280,357.750
-443717.430,-1172315.620,357.350
-443710.410,-1172321.730,362.090
-443716.420,-1172316.190,357.580
-443716.910,-1172315.750,357.370
-443710.970,-1172321.580,362.170
-443712.230,-1172316.400,357.540
-443709.520,-1172320.150,360.660
-443712.330,-1172315.900,357.430
-443707.780,-1172316.440,360.130
-443708.290,-1172316.330,360.020
-443708.810,-1172316.450,360.160
-443717.830,-1172291.040,355.860
-443712.430,-1172293.940,357.340
-443707.410,-1172296.660,358.540
-443710.840,-1172293.990,357.250
-443711.570,-1172293.310,356.880
-443796.650,-1172410.150,352.770
-443795.950,-1172412.030,353.280
-443795.670,-1172412.770,353.570
-443797.370,-1172412.160,353.480
-443797.230,-1172412.500,353.570
-443797.170,-1172410.960,352.950
-443797.700,-1172412.130,353.470
-443800.030,-1172410.660,352.960
-443758.090,-1172436.480,347.530
-443793.780,-1172410.460,352.790
-443794.060,-1172410.240,352.800
-443824.600,-1172308.430,355.530
-443823.020,-1172303.590,352.020
-443818.110,-1172304.620,353.400
-443800.050,-1172323.990,350.950
-443722.790,-1172314.740,355.220
-443848.050,-1172415.060,374.350
-443845.950,-1172406.370,374.290
-443841.260,-1172418.620,377.700
-443838.840,-1172399.470,374.330
-443843.530,-1172384.960,374.750
-443836.460,-1172366.570,370.730
-443833.490,-1172366.940,371.180
-443830.040,-1172367.020,371.160
-443762.780,-1172436.810,361.400
-443756.210,-1172436.870,361.350
-443750.420,-1172437.670,361.710
-443747.950,-1172437.650,361.790
-443741.570,-1172437.710,361.470
-443710.370,-1172398.780,360.620
-443711.040,-1172394.980,359.580
-443710.910,-1172395.350,359.650
-443707.390,-1172399.410,360.820
-443831.290,-1172304.070,355.600
-443831.280,-1172306.650,357.450
-443815.170,-1172304.770,355.820
-443812.810,-1172304.820,355.700
-443796.110,-1172310.510,359.780
-443794.290,-1172312.710,361.130
-443793.540,-1172307.510,357.860
-443790.880,-1172307.280,357.540
-443773.450,-1172312.990,360.480
-443772.660,-1172313.130,360.650
-443769.810,-1172315.090,361.760
-443774.570,-1172293.110,358.800
-443765.870,-1172314.710,361.140
-443736.730,-1172319.110,362.030
-443736.250,-1172314.340,358.960
-443733.480,-1172319.460,362.110
-443742.310,-1172291.130,359.720
-443731.720,-1172319.160,361.670
-443730.730,-1172316.910,360.190
-443739.320,-1172291.480,359.680
-443737.030,-1172291.780,359.790
-443735.680,-1172291.930,359.690
-443724.590,-1172320.160,359.150
-443724.380,-1172319.780,358.880
-443724.210,-1172320.240,359.190
-443722.040,-1172319.120,358.090
-443728.390,-1172295.780,357.680
-443721.170,-1172315.520,357.710
-443726.020,-1172295.980,357.610
-443720.450,-1172294.330,358.180
-443719.770,-1172293.570,357.570
-443715.330,-1172336.180,360.800
-443714.030,-1172336.640,361.100
-443713.030,-1172336.670,361.130
-443718.710,-1172320.560,359.170
-443718.890,-1172320.630,359.060
-443719.770,-1172315.810,357.600
-443718.230,-1172320.030,358.810
-443718.070,-1172320.450,359.010
-443717.330,-1172320.720,359.120
-443719.470,-1172315.420,357.460
-443718.820,-1172315.610,357.450
-443714.070,-1172326.420,360.530
-443717.400,-1172315.490,357.560
-443708.370,-1172337.400,361.050
-443716.890,-1172315.730,357.580
-443716.910,-1172315.660,357.390
-443709.100,-1172337.020,361.050
-443706.610,-1172337.380,361.150
-443710.690,-1172319.860,360.660
-443709.710,-1172321.750,362.190
-443711.600,-1172315.840,360.280
-443710.330,-1172316.090,360.230
-443717.690,-1172291.160,355.960
-443716.090,-1172292.490,356.770
-443713.400,-1172294.080,357.380
-443794.950,-1172410.820,352.970
-443796.660,-1172410.360,352.850
-443795.780,-1172411.080,353.060
-443796.160,-1172412.060,353.370
-443797.340,-1172411.100,353.050
-443796.280,-1172411.500,353.220
-443795.660,-1172413.270,353.800
-443795.970,-1172413.020,353.730
-443798.360,-1172411.060,353.110
-443799.830,-1172409.860,352.730
-443795.630,-1172412.890,353.690
-443795.900,-1172412.670,353.630
-443797.400,-1172411.450,353.240
-443797.690,-1172411.210,353.150
-443797.610,-1172410.870,352.990
-443797.890,-1172410.640,352.930
-443797.040,-1172412.600,353.590
-443797.950,-1172411.870,353.370
-443799.150,-1172410.890,353.040
-443800.350,-1172409.900,352.740
-443796.740,-1172413.670,353.960
-443797.660,-1172412.920,353.740
-443799.220,-1172411.320,353.190
-443799.510,-1172411.080,353.120
-443800.090,-1172410.610,352.990
-443800.400,-1172410.350,352.930
-443733.730,-1172421.780,353.320
-443771.900,-1172409.730,349.530
-443792.380,-1172410.320,352.750
-443789.250,-1172417.690,349.820
-443790.280,-1172417.660,349.930
-443791.770,-1172417.400,349.740
-443732.350,-1172387.790,348.840
-443849.550,-1172299.270,348.280
-443831.700,-1172302.740,354.640
-443818.070,-1172304.590,353.500
-443743.690,-1172338.800,353.350
-443744.260,-1172338.760,353.320
-443711.150,-1172291.160,355.590
-443708.230,-1172292.420,354.450
-443847.180,-1172432.300,374.760
-443846.210,-1172406.230,374.170
-443845.750,-1172406.290,374.200
-443844.260,-1172399.350,374.310
-443840.680,-1172399.540,374.430
-443836.730,-1172399.650,374.400
-443834.580,-1172391.730,359.810
-443769.880,-1172436.370,361.520
-443761.310,-1172436.690,361.410
-443756.150,-1172436.870,361.430
-443750.360,-1172437.570,361.790
-443735.450,-1172437.820,361.430
-443712.190,-1172400.190,361.020
-443711.870,-1172396.760,360.070
-443707.310,-1172399.410,360.830
-443709.450,-1172397.110,360.160
-443707.630,-1172398.100,360.400
-443709.620,-1172396.450,359.950
-443710.500,-1172395.720,359.760
-443707.990,-1172397.160,360.180
-443710.000,-1172395.490,359.700
-443709.090,-1172395.050,359.510
-443707.970,-1172395.470,359.650
-443834.430,-1172304.390,356.160
-443829.020,-1172306.780,357.310
-443827.190,-1172308.840,356.060
-443830.400,-1172306.710,357.420
-443817.190,-1172309.910,357.490
-443809.780,-1172309.190,358.740
-443812.810,-1172306.160,357.410
-443792.990,-1172312.910,361.150
-443795.650,-1172309.540,359.200
-443796.320,-1172308.550,358.510
-443791.660,-1172312.870,361.010
-443797.210,-1172306.830,357.580
-443792.320,-1172310.560,359.570
-443796.970,-1172306.680,357.540
-443788.930,-1172312.360,360.560
-443795.890,-1172306.560,357.430
-443793.010,-1172307.430,357.640
-443783.640,-1172314.030,361.230
-443786.620,-1172310.950,359.480
-443787.990,-1172309.810,358.860
-443790.980,-1172307.310,357.470
-443782.220,-1172313.930,361.020
-443789.370,-1172307.220,357.480
-443780.600,-1172313.800,360.890
-443779.110,-1172312.770,360.070
-443778.830,-1172312.540,359.920
-443773.500,-1172314.650,361.620
-443773.340,-1172312.940,360.540
-443769.250,-1172315.270,361.720
-443771.970,-1172310.910,359.150
-443769.170,-1172312.620,360.010
-443769.030,-1172310.370,358.620
-443767.540,-1172311.110,359.010
-443745.500,-1172316.570,360.950
-443748.680,-1172312.110,358.400
-443769.190,-1172294.110,359.110
-443739.300,-1172318.910,362.020
-443740.250,-1172318.110,361.570
-443746.570,-1172312.170,358.270
-443767.680,-1172294.260,359.160
-443740.450,-1172315.500,360.010
-443730.190,-1172318.090,360.730
-443724.380,-1172320.170,359.130
-443722.880,-1172320.400,359.180
-443720.900,-1172315.490,357.550
-443718.850,-1172292.480,356.940
-443718.370,-1172292.390,356.880
-443715.850,-1172336.390,361.060
-443707.830,-1172337.130,360.930
-443708.580,-1172337.060,360.950
-443716.710,-1172315.590,357.410
-443716.360,-1172316.420,357.750
-443710.960,-1172319.930,360.790
-443709.600,-1172316.110,360.120
-443716.040,-1172292.770,356.880
-443717.720,-1172291.320,355.970
-443713.970,-1172293.410,357.100
-443711.520,-1172293.350,356.950
-443706.950,-1172296.840,358.710
-443711.250,-1172291.790,355.970
