-443799.370,-1172424.240,352.730
-443799.490,-1172423.940,352.830
-443799.610,-1172423.630,352.900
-443799.740,-1172423.300,353.050
-443799.850,-1172423.000,353.150
-443799.950,-1172423.940,352.820
-443800.080,-1172423.620,352.930
-443800.190,-1172423.330,352.990
-443800.210,-1172424.260,352.750
-443800.320,-1172423.980,352.800
-443800.450,-1172423.660,352.930
-443800.570,-1172423.350,353.050
-443800.740,-1172424.300,352.730
-443800.860,-1172423.990,352.790
-443801.120,-1172424.050,352.800
-443801.370,-1172424.410,352.690
-443802.820,-1172433.730,351.540
-443803.010,-1172433.810,351.530
-443806.910,-1172433.740,351.520
-443811.340,-1172433.390,351.530
-443816.190,-1172433.240,351.550
-443819.560,-1172441.060,351.230
-443822.970,-1172433.200,351.540
-443825.800,-1172432.980,351.490
-443826.530,-1172433.010,351.530
-443799.100,-1172424.130,352.740
-443799.340,-1172423.520,352.950
-443799.470,-1172423.190,353.080
-443799.590,-1172422.870,353.180
-443798.490,-1172424.450,352.730
-443798.610,-1172424.150,352.790
-443798.740,-1172423.820,352.930
-443798.860,-1172423.510,353.010
-443798.970,-1172423.230,353.120
-443799.210,-1172422.610,353.320
-443799.330,-1172422.300,353.430
-443798.180,-1172424.390,352.760
-443798.290,-1172424.090,352.800
-443798.420,-1172423.780,352.850
-443798.660,-1172423.160,353.070
-443798.780,-1172422.850,353.170
-443798.900,-1172422.530,353.280
-443799.020,-1172422.240,353.360
-443797.750,-1172424.470,352.720
-443797.870,-1172424.170,352.810
-443798.000,-1172423.840,352.910
-443798.120,-1172423.540,352.990
-443798.230,-1172423.240,353.090
-443798.350,-1172422.930,353.160
-443798.480,-1172422.610,353.310
-443798.600,-1172422.310,353.400
-443798.710,-1172422.030,353.490
-443797.480,-1172424.480,352.720
-443797.590,-1172424.180,352.790
-443797.710,-1172423.880,352.880
-443797.830,-1172423.580,352.940
-443797.950,-1172423.280,353.030
-443798.060,-1172422.990,353.150
-443798.170,-1172422.700,353.260
-443798.300,-1172422.370,353.380
-443798.410,-1172422.080,353.450
-443798.530,-1172421.790,353.560
-443796.960,-1172424.530,352.650
-443797.200,-1172423.920,352.890
-443797.540,-1172423.030,353.160
-443797.780,-1172422.420,353.400
-443797.910,-1172422.100,353.490
-443798.150,-1172421.480,353.680
-443796.840,-1172423.680,352.920
-443796.970,-1172423.360,353.040
-443797.200,-1172422.780,353.240
-443797.320,-1172422.460,353.350
-443797.440,-1172422.150,353.430
-443797.570,-1172421.840,353.560
-443797.690,-1172421.520,353.660
-443797.810,-1172421.210,353.760
-443797.920,-1172420.920,353.850
-443796.920,-1172421.410,353.710
-443797.040,-1172421.090,353.840
-443797.160,-1172420.770,353.960
-443796.250,-1172423.960,352.890
-443796.370,-1172423.650,352.980
-443796.490,-1172423.350,353.100
-443796.620,-1172423.030,353.220
-443796.740,-1172422.710,353.280
-443796.860,-1172422.410,353.410
-443796.970,-1172422.120,353.510
-443797.090,-1172421.810,353.620
-443797.210,-1172421.510,353.660
-443797.330,-1172421.210,353.810
-443797.450,-1172420.890,353.910
-443795.310,-1172424.270,352.810
-443795.430,-1172423.950,352.910
-443795.550,-1172423.640,353.020
-443795.800,-1172423.020,353.220
-443795.920,-1172422.710,353.300
-443796.150,-1172422.110,353.540
-443796.280,-1172421.780,353.590
-443796.390,-1172421.490,353.740
-443796.750,-1172420.570,354.050
-443795.840,-1172424.180,352.800
-443796.090,-1172423.530,352.980
-443796.200,-1172423.240,353.140
-443796.320,-1172422.940,353.240
-443796.560,-1172422.320,353.390
-443796.670,-1172422.030,353.520
-443796.790,-1172421.730,353.640
-443794.670,-1172424.160,352.850
-443794.900,-1172423.560,353.050
-443795.020,-1172423.260,353.180
-443795.140,-1172422.950,353.250
-443795.360,-1172422.370,353.490
-443795.490,-1172422.060,353.510
-443795.020,-1172424.240,352.810
-443795.140,-1172423.930,352.910
-443795.270,-1172423.620,353.020
-443795.390,-1172423.310,353.090
-443795.510,-1172422.990,353.230
-443795.620,-1172422.710,353.300
-443795.740,-1172422.390,353.450
-443796.090,-1172421.500,353.700
-443796.200,-1172421.210,353.830
-443794.650,-1172423.480,353.010
-443794.770,-1172423.180,353.180
-443794.900,-1172422.860,353.230
-443771.780,-1172411.430,354.030
-443773.140,-1172411.600,353.640
-443773.680,-1172411.060,354.060
-443774.620,-1172410.920,354.060
-443794.420,-1172424.090,352.870
-443793.910,-1172424.100,352.870
-443794.020,-1172423.810,353.000
-443794.140,-1172423.500,353.120
-443793.330,-1172424.560,352.740
-443793.450,-1172424.260,352.810
-443793.560,-1172423.980,352.890
-443826.190,-1172360.170,349.040
-443826.660,-1172359.950,349.100
-443826.040,-1172364.100,347.380
-443825.710,-1172341.960,349.040
-443803.510,-1172379.670,348.310
-443742.780,-1172390.760,349.090
-443743.160,-1172390.700,349.290
-443760.670,-1172405.020,349.360
-443761.260,-1172405.060,349.380
-443766.530,-1172404.580,349.460
-443847.810,-1172302.940,349.050
-443846.680,-1172307.210,348.090
-443846.800,-1172306.900,348.180
-443847.080,-1172306.960,348.130
-443848.250,-1172306.830,348.150
-443849.880,-1172302.660,349.150
-443850.060,-1172306.070,348.340
-443850.260,-1172306.050,348.360
-443813.280,-1172316.450,353.300
-443811.580,-1172319.850,351.320
-443811.200,-1172319.900,351.420
-443810.730,-1172320.060,351.300
-443810.240,-1172319.990,351.320
-443811.060,-1172317.900,351.860
-443809.320,-1172320.080,351.310
-443808.900,-1172320.330,351.310
-443809.470,-1172317.910,351.350
-443809.590,-1172317.600,351.480
-443808.860,-1172318.530,351.800
-443809.110,-1172317.900,351.950
-443809.110,-1172317.890,351.370
-443808.700,-1172318.100,351.950
-443808.340,-1172318.120,352.000
-443806.990,-1172320.480,351.440
-443807.120,-1172320.160,351.400
-443806.580,-1172320.460,351.340
-443806.710,-1172320.140,351.430
-443806.310,-1172320.350,351.460
-443806.430,-1172320.060,351.430
-443805.970,-1172320.550,351.340
-443806.080,-1172320.250,351.400
-443805.730,-1172320.260,351.360
-443805.960,-1172319.680,351.470
-443806.030,-1172315.570,354.350
-443806.520,-1172315.600,354.350
-443802.300,-1172290.500,353.530
-443795.120,-1172291.460,355.120
-443795.230,-1172291.170,355.320
-443794.830,-1172291.240,355.240
-443794.070,-1172291.180,355.340
-443794.200,-1172290.860,355.400
-443794.500,-1172290.970,355.390
-443793.550,-1172291.140,355.390
-443792.430,-1172291.670,355.210
-443792.200,-1172291.400,355.380
-443791.660,-1172291.380,355.390
-443791.060,-1172291.880,355.130
-443791.180,-1172291.570,355.300
-443791.420,-1172290.980,355.450
-443790.490,-1172292.090,355.050
-443790.740,-1172291.460,355.370
-443790.310,-1172291.660,355.280
-443790.420,-1172291.380,355.400
-443789.510,-1172292.160,355.020
-443789.850,-1172291.270,355.440
-443788.580,-1172291.920,355.270
-443788.870,-1172291.710,355.380
-443788.040,-1172292.190,355.190
-443788.160,-1172291.890,355.330
-443788.270,-1172291.600,355.370
-443787.990,-1172291.530,355.410
-443787.230,-1172292.340,355.120
-443787.350,-1172292.030,355.140
-443787.470,-1172291.730,355.370
-443785.960,-1172291.850,355.460
-443786.220,-1172292.080,355.290
-443719.870,-1172300.080,354.880
-443720.610,-1172300.000,354.930
-443722.940,-1172327.000,354.510
-443723.180,-1172327.130,354.590
-443740.680,-1172297.230,354.510
-443758.850,-1172295.830,355.240
-443762.010,-1172294.980,355.200
-443762.410,-1172295.050,355.200
-443762.530,-1172294.740,355.260
-443762.660,-1172294.430,355.470
-443762.200,-1172310.630,354.920
-443784.560,-1172320.950,353.580
-443783.880,-1172321.060,353.670
-443783.430,-1172321.210,353.600
-443775.630,-1172321.780,355.320
-443775.750,-1172321.480,355.350
-443774.760,-1172321.940,355.330
-443772.170,-1172322.290,355.030
-443771.600,-1172322.420,355.030
-443771.220,-1172322.390,355.020
-443770.450,-1172322.550,354.950
-443769.980,-1172322.570,355.030
-443763.970,-1172321.860,355.010
-443773.020,-1172293.460,351.800
-443718.580,-1172326.950,355.200
-443717.390,-1172326.970,355.280
-443717.510,-1172300.330,354.900
-443718.490,-1172300.050,354.910
-443704.320,-1172329.410,352.630
-443714.940,-1172300.500,355.240
-443709.210,-1172301.060,354.470
-443708.830,-1172301.020,354.490
-443708.290,-1172301.260,354.410
-443707.170,-1172301.370,354.390
-443706.690,-1172301.600,354.350
-443706.800,-1172301.320,354.420
-443705.170,-1172301.280,354.460
-443704.610,-1172301.650,354.330
-443704.730,-1172301.380,354.430
-443734.500,-1172422.460,361.780
-443735.920,-1172422.620,361.810
-443735.630,-1172422.600,361.820
-443737.160,-1172422.540,361.790
-443747.340,-1172422.020,361.820
-443748.040,-1172422.090,361.790
-443747.690,-1172421.930,361.830
-443748.550,-1172421.950,361.780
-443749.880,-1172421.970,361.820
-443752.500,-1172421.720,361.760
-443754.610,-1172421.890,361.800
-443757.400,-1172421.470,361.760
-443760.450,-1172421.770,361.760
-443765.810,-1172421.190,361.770
-443767.490,-1172421.230,361.810
-443768.370,-1172420.960,361.820
-443829.830,-1172341.720,370.590
-443830.120,-1172341.690,370.600
-443830.850,-1172341.680,370.520
-443830.430,-1172341.900,370.560
-443831.190,-1172342.020,373.270
-443830.690,-1172344.140,370.600
-443830.810,-1172343.820,370.790
-443846.960,-1172415.660,374.240
-443846.700,-1172415.590,374.270
-443846.350,-1172415.590,374.270
-443850.200,-1172401.290,374.720
-443842.860,-1172419.960,374.060
-443847.350,-1172407.410,374.930
-443846.380,-1172407.840,374.270
-443836.260,-1172432.660,373.890
-443842.490,-1172415.640,377.460
-443839.570,-1172423.110,374.230
-443841.200,-1172418.920,377.600
-443841.200,-1172418.920,377.450
-443848.360,-1172399.620,374.380
-443847.910,-1172399.810,374.260
-443841.380,-1172415.540,377.530
-443844.410,-1172407.860,374.750
-443839.190,-1172421.080,380.470
-443838.830,-1172421.000,380.490
-443846.750,-1172400.030,374.190
-443846.870,-1172399.720,374.310
-443846.510,-1172399.880,374.210
-443840.100,-1172415.390,377.550
-443838.670,-1172417.940,377.550
-443836.760,-1172421.720,374.180
-443845.400,-1172399.730,374.330
-443841.570,-1172407.770,374.810
-443844.380,-1172400.640,374.140
-443837.130,-1172418.040,377.580
-443843.190,-1172400.050,374.210
-443842.760,-1172399.960,374.300
-443850.210,-1172379.930,373.800
-443840.760,-1172399.930,374.410
-443840.220,-1172399.930,374.370
-443839.420,-1172399.940,374.370
-443839.800,-1172399.950,374.370
-443837.870,-1172400.010,374.420
-443843.610,-1172386.160,374.260
-443837.190,-1172400.230,374.210
-443848.060,-1172370.200,374.690
-443836.300,-1172400.150,374.370
-443847.090,-1172370.700,374.270
-443845.910,-1172370.720,374.310
-443845.690,-1172370.620,374.280
-443837.210,-1172385.400,374.300
-443839.280,-1172370.610,374.710
-443838.820,-1172370.620,374.720
-443838.410,-1172370.920,374.310
-443838.520,-1172370.630,374.710
-443838.640,-1172370.330,374.690
-443833.280,-1172381.590,377.630
-443836.310,-1172370.330,374.770
-443836.380,-1172356.610,370.780
-443830.230,-1172367.670,371.130
-443831.940,-1172359.820,370.600
-443835.580,-1172338.840,370.590
-443718.620,-1172294.910,358.150
-443726.200,-1172296.280,357.620
-443721.320,-1172324.110,356.830
-443734.040,-1172292.440,359.670
-443723.100,-1172320.700,359.010
-443727.390,-1172321.990,357.730
-443730.720,-1172322.000,360.870
-443731.740,-1172320.950,361.460
-443733.390,-1172319.970,361.990
-443745.380,-1172290.870,360.280
-443733.780,-1172319.790,361.990
-443734.190,-1172320.140,361.760
-443733.950,-1172321.500,360.920
-443734.580,-1172321.430,360.930
-443744.690,-1172297.460,357.860
-443747.060,-1172291.510,358.840
-443748.310,-1172290.460,360.300
-443745.820,-1172297.390,357.850
-443737.420,-1172319.510,361.900
-443746.290,-1172297.400,357.770
-443746.530,-1172297.460,357.870
-443746.900,-1172297.390,357.860
-443737.270,-1172326.740,358.200
-443737.690,-1172326.650,358.290
-443738.400,-1172324.860,359.330
-443738.030,-1172326.720,358.230
-443738.780,-1172326.570,358.260
-443738.670,-1172326.850,358.230
-443743.680,-1172317.210,360.960
-443744.330,-1172317.540,360.740
-443744.800,-1172317.040,360.910
-443741.000,-1172326.590,358.240
-443741.110,-1172326.300,358.290
-443742.910,-1172321.810,357.800
-443744.920,-1172317.170,360.910
-443745.380,-1172316.980,360.960
-443743.920,-1172321.590,357.760
-443745.590,-1172317.370,360.740
-443744.370,-1172321.540,357.800
-443744.750,-1172321.570,357.730
-443745.250,-1172321.530,357.850
-443745.680,-1172321.500,357.770
-443744.290,-1172325.960,356.880
-443746.440,-1172321.330,357.760
-443744.550,-1172326.080,356.890
-443746.820,-1172321.440,357.780
-443747.880,-1172323.390,357.390
-443749.190,-1172321.150,357.770
-443749.540,-1172321.120,357.770
-443761.990,-1172290.600,357.230
-443748.910,-1172324.470,357.120
-443749.500,-1172322.990,357.390
-443750.000,-1172322.910,357.430
-443762.380,-1172292.940,356.130
-443762.490,-1172292.660,356.190
-443767.020,-1172316.020,361.800
-443767.750,-1172319.180,359.990
-443767.480,-1172318.930,359.940
-443770.710,-1172315.450,361.650
-443774.700,-1172317.690,359.370
-443774.950,-1172319.190,357.840
-443786.430,-1172290.650,355.740
-443786.810,-1172290.580,355.770
-443787.280,-1172291.460,355.470
-443787.400,-1172291.150,355.530
-443787.820,-1172290.850,355.660
-443787.930,-1172290.570,355.800
-443788.110,-1172291.230,355.500
-443788.340,-1172290.630,355.700
-443788.510,-1172291.000,355.530
-443788.630,-1172290.690,355.710
-443789.220,-1172290.830,355.560
-443789.340,-1172290.510,355.620
-443788.940,-1172291.010,355.500
-443789.770,-1172290.460,355.690
-443790.200,-1172290.390,355.680
-443790.850,-1172291.170,355.500
-443791.090,-1172290.560,355.610
-443790.530,-1172291.100,355.500
-443791.530,-1172290.680,355.600
-443791.770,-1172291.090,355.500
-443791.890,-1172290.800,355.570
-443783.170,-1172314.270,361.130
-443792.780,-1172290.770,355.500
-443794.310,-1172290.580,355.500
-443794.620,-1172290.660,355.470
-443784.160,-1172318.330,358.940
-443784.320,-1172319.920,356.810
-443783.750,-1172320.350,356.850
-443784.440,-1172320.260,356.810
-443784.760,-1172320.390,356.770
-443789.510,-1172313.490,361.730
-443791.180,-1172313.340,361.110
-443794.110,-1172313.120,361.060
-443792.540,-1172318.240,358.630
-443795.090,-1172314.090,360.450
-443793.670,-1172319.710,357.700
-443796.340,-1172312.870,360.960
-443797.690,-1172318.730,357.290
-443804.820,-1172311.640,357.490
-443808.820,-1172309.660,358.730
-443813.980,-1172309.090,358.720
-443813.560,-1172309.190,358.690
-443818.750,-1172310.110,357.460
-443825.610,-1172309.330,356.110
-443827.240,-1172309.170,356.070
-443830.700,-1172307.030,357.300
-443835.800,-1172306.420,357.400
-443828.060,-1172331.140,370.730
-443827.780,-1172331.030,370.790
-443827.900,-1172330.720,371.100
-443828.020,-1172330.410,371.150
-443827.380,-1172330.760,371.060
-443829.880,-1172331.070,370.710
-443829.220,-1172331.040,370.710
-443828.910,-1172330.760,371.100
-443830.960,-1172330.610,371.170
-443830.470,-1172330.610,371.120
-443834.250,-1172330.450,371.160
-443833.520,-1172331.040,370.690
-443832.290,-1172330.950,370.710
-443836.040,-1172330.500,371.140
-443835.060,-1172330.960,370.700
-443834.740,-1172330.900,370.700
-443836.890,-1172330.490,371.120
-443837.790,-1172330.320,371.150
-443698.390,-1172297.890,355.670
-443702.080,-1172296.350,358.190
-443708.610,-1172296.790,358.520
-443714.330,-1172295.510,358.030
-443713.430,-1172295.530,358.020
-443715.030,-1172295.460,358.090
-443713.080,-1172299.570,357.160
-443715.360,-1172296.460,357.840
-443714.150,-1172298.710,357.320
-443715.050,-1172300.200,357.010
-443717.950,-1172294.950,358.170
-443716.600,-1172299.940,356.980
-443718.190,-1172294.960,358.190
-443706.910,-1172324.780,360.860
-443706.860,-1172324.030,361.060
-443707.590,-1172324.070,361.010
-443708.330,-1172322.240,362.150
-443707.540,-1172326.210,360.890
-443708.510,-1172323.790,361.030
-443708.020,-1172325.960,361.080
-443708.860,-1172323.880,361.040
-443709.480,-1172323.860,360.990
-443708.910,-1172324.680,360.780
-443709.280,-1172323.770,360.990
-443709.900,-1172323.850,360.960
-443711.610,-1172323.510,360.960
-443712.090,-1172323.290,361.050
-443712.680,-1172323.430,360.940
-443713.540,-1172323.180,361.070
-443714.920,-1172323.170,360.920
-443715.380,-1172323.120,360.970
-443718.370,-1172321.200,359.060
-443716.510,-1172327.050,357.900
-443715.970,-1172327.160,357.900
-443712.140,-1172338.610,360.130
-443712.380,-1172338.000,360.330
-443712.740,-1172337.110,360.490
-443716.700,-1172327.310,357.850
-443712.070,-1172338.050,360.300
-443720.210,-1172321.030,359.000
-443712.740,-1172338.480,360.110
-443712.860,-1172338.180,360.190
-443712.980,-1172337.880,360.350
-443713.210,-1172337.290,360.510
-443713.020,-1172337.270,360.450
-443713.620,-1172338.180,360.180
-443713.740,-1172337.880,360.290
-443713.990,-1172337.260,360.460
-443713.250,-1172338.310,360.080
-443713.370,-1172338.020,360.220
-443714.520,-1172337.680,360.340
-443714.150,-1172337.920,360.200
-443714.270,-1172337.620,360.340
-443851.850,-1172302.060,349.290
-443851.610,-1172302.270,349.240
-443852.190,-1172302.200,349.270
-443852.310,-1172304.440,348.730
-443851.810,-1172305.390,348.520
-443852.140,-1172306.420,348.330
-443797.280,-1172420.710,353.970
-443797.030,-1172420.930,353.900
-443796.790,-1172421.130,353.810
-443796.290,-1172421.550,353.840
-443796.050,-1172421.760,353.650
-443795.800,-1172421.970,353.590
-443795.540,-1172422.190,353.500
-443795.300,-1172422.390,353.460
-443795.060,-1172422.600,353.260
-443795.980,-1172421.350,353.900
-443797.590,-1172420.900,353.900
-443797.350,-1172421.100,353.840
-443797.090,-1172421.320,353.780
-443796.850,-1172421.520,353.710
-443796.610,-1172421.720,353.650
-443796.380,-1172421.920,353.580
-443796.130,-1172422.140,353.550
-443795.650,-1172422.540,353.390
-443795.400,-1172422.750,353.330
-443795.140,-1172422.970,353.450
-443797.980,-1172421.460,353.700
-443797.510,-1172421.850,353.690
-443797.960,-1172421.140,353.780
-443797.700,-1172421.360,353.740
-443797.190,-1172421.790,353.590
-443796.950,-1172421.990,353.520
-443796.680,-1172422.220,353.460
-443796.200,-1172422.630,353.360
-443795.960,-1172422.830,353.280
-443795.720,-1172423.040,353.200
-443795.480,-1172423.240,353.120
-443795.230,-1172423.450,353.070
-443794.980,-1172423.660,352.980
-443798.160,-1172421.720,353.610
-443797.400,-1172422.370,353.380
-443796.670,-1172422.980,353.190
-443796.420,-1172423.190,353.120
-443796.160,-1172423.410,353.040
-443795.910,-1172423.620,352.970
-443795.670,-1172423.830,352.910
-443795.150,-1172424.270,352.780
-443797.240,-1172422.090,353.530
-443796.990,-1172422.300,353.450
-443796.760,-1172422.490,353.340
-443796.500,-1172422.710,353.320
-443796.240,-1172422.940,353.260
-443795.980,-1172423.150,353.190
-443795.760,-1172423.340,353.090
-443795.500,-1172423.560,353.020
-443795.240,-1172423.780,352.960
-443795.000,-1172423.980,352.910
-443798.520,-1172421.830,353.580
-443798.270,-1172422.050,353.510
-443797.740,-1172422.490,353.370
-443797.520,-1172422.680,353.310
-443797.260,-1172422.900,353.220
-443796.240,-1172423.760,352.930
-443796.010,-1172423.960,352.880
-443798.840,-1172422.110,353.480
-443797.850,-1172422.950,353.370
-443797.610,-1172423.150,353.150
-443796.360,-1172424.210,352.790
-443799.090,-1172422.260,353.440
-443798.850,-1172422.470,353.370
-443798.610,-1172422.670,353.270
-443798.110,-1172423.090,353.160
-443797.880,-1172423.290,353.090
-443797.140,-1172423.910,352.920
-443798.080,-1172423.590,352.940
-443797.840,-1172423.790,352.890
-443797.590,-1172424.010,352.820
-443797.350,-1172424.210,352.770
-443799.340,-1172422.520,353.300
-443799.090,-1172422.740,353.210
-443798.830,-1172422.950,353.180
-443798.580,-1172423.170,353.070
-443798.330,-1172423.380,353.030
-443799.680,-1172422.710,353.250
-443799.180,-1172423.130,353.110
-443798.930,-1172423.340,353.050
-443798.430,-1172423.770,352.950
-443797.670,-1172424.410,352.660
-443799.990,-1172423.020,353.120
-443799.730,-1172423.240,353.040
-443799.480,-1172423.450,352.980
-443799.230,-1172423.660,352.920
-443799.000,-1172423.860,352.860
-443798.750,-1172424.060,352.800
-443798.490,-1172424.280,352.640
-443800.320,-1172423.120,353.110
-443800.080,-1172423.320,353.030
-443799.820,-1172423.540,352.950
-443799.580,-1172423.740,352.890
-443800.580,-1172423.330,353.020
-443800.340,-1172423.530,352.940
-443800.090,-1172423.740,352.850
-443799.840,-1172423.960,352.780
-443800.570,-1172423.800,352.890
-443800.100,-1172424.200,352.730
-443801.030,-1172424.000,352.760
-443801.270,-1172424.200,352.710
-443803.250,-1172433.900,351.540
-443813.620,-1172433.480,351.590
-443814.010,-1172433.750,351.570
-443817.220,-1172433.330,351.590
-443775.860,-1172411.280,353.540
-443794.550,-1172423.030,353.230
-443794.290,-1172423.240,353.180
-443794.660,-1172423.380,353.180
-443794.380,-1172423.610,353.050
-443794.150,-1172423.810,352.990
-443793.910,-1172424.010,352.920
-443793.660,-1172424.230,352.850
-443793.390,-1172424.450,352.760
-443794.510,-1172424.060,353.030
-443794.740,-1172423.870,352.920
-443794.190,-1172424.670,350.370
-443794.820,-1172424.540,350.300
-443753.410,-1172438.240,347.240
-443803.820,-1172379.760,348.360
-443826.220,-1172364.120,347.320
-443832.360,-1172385.430,348.540
-443832.130,-1172385.630,348.570
-443754.900,-1172405.060,349.350
-443761.160,-1172405.010,349.290
-443709.130,-1172400.920,352.130
-443848.880,-1172306.880,348.230
-443848.630,-1172307.090,348.080
-443847.700,-1172307.010,348.190
-443848.330,-1172306.910,348.190
-443849.970,-1172304.600,348.700
-443847.060,-1172307.080,348.110
-443847.310,-1172306.340,348.320
-443847.540,-1172305.210,348.590
-443848.710,-1172302.210,349.230
-443847.390,-1172302.420,349.220
-443811.140,-1172319.790,351.370
-443810.900,-1172320.000,351.280
-443810.290,-1172320.070,351.320
-443809.850,-1172320.050,351.280
-443811.710,-1172317.970,351.940
-443811.240,-1172318.370,351.740
-443809.020,-1172320.250,351.270
-443811.210,-1172318.030,351.890
-443808.520,-1172320.320,351.310
-443810.770,-1172317.930,351.960
-443808.090,-1172320.200,351.330
-443807.290,-1172320.430,351.290
-443807.030,-1172320.130,351.470
-443806.800,-1172320.330,351.310
-443807.230,-1172319.660,351.560
-443806.980,-1172319.870,351.550
-443806.730,-1172320.080,351.500
-443806.500,-1172320.280,351.430
-443806.240,-1172320.500,351.280
-443808.640,-1172318.030,351.880
-443806.180,-1172320.110,351.470
-443805.940,-1172320.310,351.450
-443808.140,-1172317.990,351.930
-443806.890,-1172318.430,351.890
-443805.900,-1172319.260,351.710
-443806.900,-1172318.000,352.040
-443806.670,-1172315.590,354.410
-443806.090,-1172315.600,354.400
-443802.150,-1172290.600,353.490
-443802.010,-1172290.390,353.480
-443795.230,-1172291.370,355.220
-443794.990,-1172291.560,355.120
-443795.120,-1172290.950,355.380
-443794.870,-1172291.160,355.310
-443794.620,-1172291.370,355.250
-443794.910,-1172290.800,355.450
-443794.670,-1172291.000,355.360
-443794.430,-1172291.210,355.330
-443793.280,-1172291.340,355.330
-443793.040,-1172291.540,355.250
-443792.810,-1172291.730,355.170
-443794.600,-1172290.610,355.480
-443794.350,-1172290.820,355.450
-443793.870,-1172291.230,355.330
-443793.630,-1172291.430,355.270
-443793.200,-1172290.890,355.470
-443792.940,-1172291.110,355.410
-443792.700,-1172291.320,355.340
-443792.440,-1172291.530,355.290
-443792.080,-1172291.510,355.300
-443791.840,-1172291.700,355.230
-443791.990,-1172291.120,355.440
-443791.750,-1172291.320,355.380
-443791.510,-1172291.530,355.310
-443791.020,-1172291.940,355.170
-443790.780,-1172292.140,355.090
-443792.810,-1172290.890,355.500
-443792.550,-1172291.100,355.410
-443791.540,-1172291.050,355.470
-443791.300,-1172291.250,355.430
-443791.050,-1172291.460,355.370
-443790.810,-1172291.660,355.300
-443790.550,-1172291.890,355.250
-443790.290,-1172292.100,355.110
-443790.650,-1172291.220,355.440
-443790.420,-1172291.420,355.400
-443790.180,-1172291.610,355.310
-443789.670,-1172292.050,355.170
-443789.440,-1172292.240,355.060
-443790.120,-1172291.310,355.450
-443789.870,-1172291.520,355.390
-443789.610,-1172291.740,355.340
-443789.370,-1172291.940,355.270
-443788.420,-1172291.820,355.330
-443788.180,-1172292.020,355.260
-443787.940,-1172292.230,355.200
-443787.700,-1172292.430,355.100
-443789.300,-1172291.550,355.380
-443789.060,-1172291.760,355.320
-443788.830,-1172291.950,355.290
-443788.580,-1172292.160,355.210
-443788.340,-1172292.360,355.100
-443788.030,-1172291.520,355.440
-443787.780,-1172291.730,355.380
-443787.530,-1172291.940,355.320
-443787.280,-1172292.150,355.270
-443786.810,-1172292.150,355.300
-443786.970,-1172291.470,355.500
-443786.730,-1172291.670,355.450
-443786.480,-1172291.880,355.390
-443786.230,-1172292.090,355.340
-443785.980,-1172292.290,355.270
-443787.790,-1172291.330,355.510
-443786.040,-1172291.810,355.440
-443721.340,-1172299.880,354.890
-443784.550,-1172320.980,353.620
-443783.810,-1172321.130,353.610
-443776.060,-1172321.620,355.360
-443775.710,-1172321.460,355.370
-443771.360,-1172323.690,354.710
-443772.300,-1172322.420,355.020
-443771.090,-1172323.450,354.790
-443771.660,-1172322.340,355.030
-443771.180,-1172322.330,355.070
-443770.950,-1172322.520,355.000
-443770.150,-1172322.640,355.030
-443769.690,-1172322.540,355.070
-443769.450,-1172322.740,355.060
-443749.500,-1172323.600,354.730
-443762.630,-1172294.790,355.300
-443762.400,-1172294.980,355.250
-443762.530,-1172294.470,355.430
-443762.290,-1172294.670,355.350
-443762.050,-1172294.870,355.290
-443717.470,-1172326.850,355.150
-443718.650,-1172300.270,354.920
-443718.440,-1172300.050,354.930
-443717.630,-1172300.260,354.910
-443716.840,-1172300.330,354.910
-443716.600,-1172300.530,354.930
-443715.210,-1172300.660,354.940
-443715.030,-1172300.360,355.270
-443709.570,-1172300.870,354.550
-443709.330,-1172301.070,354.500
-443709.080,-1172301.280,354.430
-443708.830,-1172301.040,354.500
-443708.580,-1172301.260,354.430
-443707.440,-1172301.320,354.410
-443706.810,-1172301.290,354.480
-443706.580,-1172301.480,354.390
-443705.780,-1172301.200,354.550
-443704.740,-1172301.660,354.370
-443704.520,-1172301.440,354.500
-443830.710,-1172337.080,370.590
-443829.990,-1172341.820,370.640
-443735.040,-1172422.440,361.810
-443830.600,-1172341.830,370.620
-443735.600,-1172422.480,361.890
-443830.810,-1172343.870,370.830
-443743.010,-1172422.190,361.810
-443746.540,-1172421.940,361.830
-443746.700,-1172422.290,361.800
-443758.060,-1172421.490,361.840
-443831.390,-1172359.740,370.680
-443832.040,-1172359.890,370.620
-443760.120,-1172421.360,361.890
-443836.350,-1172356.690,370.760
-443766.010,-1172421.140,361.850
-443836.280,-1172370.480,374.780
-443836.050,-1172370.670,374.770
-443836.180,-1172371.020,374.340
-443838.590,-1172370.590,374.760
-443839.260,-1172370.470,374.730
-443843.540,-1172370.780,374.310
-443846.610,-1172370.720,374.320
-443847.140,-1172370.650,374.330
-443848.140,-1172419.630,373.950
-443848.740,-1172419.680,374.220
-443838.870,-1172423.030,374.260
-443839.080,-1172420.990,380.510
-443838.730,-1172420.940,380.590
-443841.680,-1172418.790,377.650
-443836.740,-1172421.710,374.220
-443842.730,-1172415.620,377.480
-443842.510,-1172415.370,377.580
-443842.270,-1172415.570,377.510
-443841.170,-1172415.410,377.550
-443838.730,-1172418.020,377.560
-443840.200,-1172415.360,377.590
-443837.080,-1172418.000,377.580
-443846.520,-1172407.040,374.190
-443844.460,-1172408.000,374.140
-443851.540,-1172397.700,373.920
-443848.230,-1172399.620,374.370
-443848.000,-1172399.810,374.200
-443847.640,-1172399.760,374.270
-443847.180,-1172399.650,374.340
-443846.420,-1172399.860,374.180
-443845.270,-1172399.980,374.200
-443842.890,-1172399.960,374.270
-443840.750,-1172399.930,374.370
-443837.850,-1172400.270,374.170
-443837.220,-1172400.280,374.130
-443844.440,-1172393.300,374.340
-443844.000,-1172393.300,374.330
-443836.460,-1172400.060,374.400
-443847.370,-1172386.170,374.340
-443847.110,-1172386.390,374.280
-443851.280,-1172383.440,373.980
-443851.190,-1172379.660,373.420
-443843.700,-1172386.010,374.290
-443850.360,-1172379.790,373.960
-443838.050,-1172385.330,374.300
-443848.090,-1172370.280,374.720
-443847.590,-1172370.700,374.290
-443719.020,-1172294.810,358.200
-443720.930,-1172294.530,358.280
-443724.540,-1172296.360,357.720
-443728.110,-1172295.960,357.710
-443736.330,-1172292.810,359.340
-443737.710,-1172292.070,359.700
-443736.360,-1172294.060,358.240
-443741.300,-1172291.530,359.770
-443747.260,-1172291.380,358.950
-443748.530,-1172291.610,358.770
-443744.720,-1172297.430,357.870
-443744.470,-1172297.630,357.800
-443745.450,-1172297.340,357.840
-443746.510,-1172297.390,357.760
-443748.080,-1172297.250,357.760
-443750.030,-1172296.990,357.760
-443723.340,-1172320.680,359.080
-443724.080,-1172320.550,359.160
-443721.430,-1172323.930,356.860
-443721.190,-1172324.130,356.830
-443762.070,-1172290.650,357.220
-443762.000,-1172291.750,356.690
-443762.500,-1172293.860,355.640
-443731.130,-1172321.690,361.080
-443734.250,-1172319.820,362.000
-443734.360,-1172320.070,361.820
-443734.820,-1172321.200,361.020
-443741.740,-1172317.350,361.080
-443743.200,-1172317.210,361.090
-443744.640,-1172317.180,360.930
-443744.170,-1172317.570,360.700
-443744.780,-1172320.110,358.920
-443742.830,-1172321.740,357.830
-443740.610,-1172323.610,359.990
-443736.940,-1172326.700,358.300
-443745.470,-1172321.390,357.850
-443740.630,-1172326.490,358.160
-443749.360,-1172321.140,357.820
-443750.190,-1172321.000,357.790
-443744.280,-1172325.980,357.000
-443786.270,-1172290.610,355.810
-443786.010,-1172290.820,355.740
-443786.890,-1172290.460,355.800
-443786.640,-1172290.680,355.740
-443786.400,-1172290.870,355.730
-443786.160,-1172291.070,355.680
-443788.200,-1172290.430,355.790
-443787.950,-1172290.640,355.750
-443787.710,-1172290.840,355.680
-443787.210,-1172291.260,355.570
-443749.670,-1172322.890,357.490
-443749.420,-1172323.110,357.400
-443787.720,-1172290.380,355.810
-443787.490,-1172290.580,355.780
-443787.240,-1172290.790,355.710
-443786.520,-1172291.400,355.550
-443788.760,-1172290.510,355.730
-443788.500,-1172290.730,355.690
-443788.010,-1172291.140,355.570
-443789.010,-1172290.690,355.680
-443788.750,-1172290.910,355.630
-443788.510,-1172291.110,355.570
-443788.280,-1172291.300,355.510
-443748.730,-1172324.640,357.040
-443791.100,-1172290.480,355.680
-443790.600,-1172290.900,355.570
-443790.360,-1172291.110,355.510
-443790.030,-1172290.940,355.580
-443791.390,-1172290.600,355.610
-443791.140,-1172290.800,355.560
-443790.890,-1172291.020,355.510
-443792.230,-1172290.920,355.510
-443791.790,-1172290.840,355.530
-443793.050,-1172290.690,355.530
-443792.490,-1172290.700,355.540
-443794.260,-1172290.510,355.550
-443767.350,-1172318.710,360.110
-443771.900,-1172315.320,361.800
-443780.890,-1172314.530,361.120
-443781.540,-1172314.620,361.050
-443785.900,-1172313.970,361.100
-443786.520,-1172313.920,361.100
-443787.760,-1172313.750,361.110
-443787.510,-1172313.960,361.040
-443783.410,-1172320.310,356.860
-443792.380,-1172313.320,361.110
-443785.970,-1172320.400,357.890
-443793.850,-1172319.360,357.890
-443804.180,-1172311.710,357.580
-443797.750,-1172318.670,357.360
-443797.770,-1172319.100,357.370
-443809.540,-1172309.570,358.890
-443813.030,-1172309.170,358.730
-443818.550,-1172310.060,357.620
-443818.900,-1172310.070,357.540
-443829.420,-1172307.200,357.320
-443826.420,-1172309.180,356.160
-443825.720,-1172309.340,356.100
-443830.160,-1172307.120,357.370
-443833.860,-1172306.710,357.330
-443834.570,-1172306.590,357.400
-443838.820,-1172307.860,356.090
-443828.410,-1172331.090,370.760
-443832.560,-1172330.500,371.180
-443831.840,-1172330.550,371.150
-443835.560,-1172330.750,370.750
-443834.670,-1172330.980,370.730
-443834.660,-1172330.480,371.160
-443833.450,-1172330.970,370.730
-443835.900,-1172330.880,370.730
-443701.960,-1172300.920,356.940
-443711.780,-1172294.170,357.290
-443708.020,-1172296.820,358.640
-443712.440,-1172295.660,358.040
-443713.130,-1172295.460,358.110
-443714.600,-1172295.360,358.120
-443714.350,-1172295.570,358.030
-443715.330,-1172295.240,358.150
-443716.460,-1172295.130,358.120
-443716.210,-1172295.340,358.070
-443715.970,-1172295.540,358.010
-443715.220,-1172296.160,357.930
-443717.120,-1172295.050,358.180
-443715.370,-1172296.500,357.800
-443715.890,-1172296.870,357.720
-443718.510,-1172295.750,357.620
-443715.040,-1172300.360,357.000
-443714.570,-1172300.300,357.040
-443716.650,-1172299.890,357.070
-443716.400,-1172300.100,357.020
-443707.230,-1172322.350,362.230
-443707.150,-1172323.980,361.090
-443706.440,-1172324.050,361.110
-443705.770,-1172326.020,361.120
-443708.500,-1172323.740,361.100
-443707.240,-1172324.790,360.850
-443710.250,-1172323.590,361.050
-443709.990,-1172323.810,360.990
-443707.350,-1172326.020,361.110
-443709.720,-1172323.640,361.070
-443709.480,-1172323.850,361.000
-443713.310,-1172321.650,362.160
-443711.080,-1172323.510,361.070
-443708.130,-1172325.970,361.040
-443707.880,-1172326.180,360.920
-443712.350,-1172323.340,361.090
-443712.120,-1172323.530,360.960
-443711.690,-1172323.470,361.010
-443716.040,-1172321.400,362.140
-443713.790,-1172323.280,360.970
-443715.850,-1172323.020,360.970
-443714.920,-1172323.200,360.940
-443718.520,-1172321.190,359.080
-443713.940,-1172326.720,361.160
-443720.390,-1172320.980,359.040
-443713.050,-1172327.120,360.890
-443716.200,-1172327.150,357.950
-443716.680,-1172327.000,358.010
-443717.000,-1172327.250,357.890
-443713.680,-1172337.080,360.600
-443712.450,-1172338.110,360.300
-443712.210,-1172338.310,360.210
-443712.900,-1172337.220,360.530
-443712.160,-1172337.840,360.360
-443712.740,-1172337.110,360.590
-443712.040,-1172337.700,360.430
-443714.700,-1172338.090,360.070
-443714.960,-1172337.200,360.440
-443714.730,-1172337.400,360.400
-443714.230,-1172337.820,360.280
-443714.720,-1172337.020,360.520
-443714.450,-1172337.240,360.440
-443714.220,-1172337.430,360.400
-443713.730,-1172337.850,360.290
-443713.240,-1172338.260,360.120
-443713.780,-1172337.330,360.470
-443713.020,-1172337.970,360.300
-443712.520,-1172338.380,360.140
-443712.300,-1172338.570,360.170
-443795.770,-1172421.690,353.700
-443795.610,-1172422.090,353.620
-443795.430,-1172422.540,353.410
-443795.280,-1172422.930,353.300
-443795.110,-1172423.370,353.110
-443797.320,-1172420.640,354.050
-443797.150,-1172421.050,353.920
-443796.980,-1172421.500,353.750
-443796.820,-1172421.910,353.610
-443796.660,-1172422.320,353.460
-443796.500,-1172422.730,353.350
-443796.330,-1172423.160,353.230
-443796.160,-1172423.590,353.100
-443795.980,-1172424.050,352.890
-443796.370,-1172421.450,353.720
-443796.210,-1172421.860,353.620
-443796.050,-1172422.270,353.460
-443795.890,-1172422.680,353.360
-443795.710,-1172423.140,353.150
-443795.550,-1172423.530,353.050
-443795.380,-1172423.970,352.850
-443795.220,-1172424.380,352.770
-443798.170,-1172421.390,353.770
-443797.840,-1172422.240,353.530
-443797.500,-1172423.110,353.160
-443797.170,-1172423.960,352.900
-443797.020,-1172424.350,352.780
-443797.730,-1172421.140,353.780
-443797.560,-1172421.570,353.650
-443797.390,-1172422.020,353.480
-443797.230,-1172422.420,353.330
-443796.920,-1172423.220,353.100
-443796.750,-1172423.660,352.920
-443798.450,-1172422.030,353.480
-443797.970,-1172423.260,353.060
-443797.810,-1172423.680,352.950
-443797.640,-1172424.110,352.760
-443799.500,-1172422.280,353.370
-443799.330,-1172422.720,353.200
-443799.170,-1172423.120,353.080
-443799.010,-1172423.540,352.950
-443799.010,-1172422.150,353.530
-443798.850,-1172422.560,353.360
-443798.690,-1172422.970,353.230
-443798.370,-1172423.810,352.880
-443799.680,-1172422.920,353.240
-443799.510,-1172423.350,353.050
-443799.370,-1172423.720,352.940
-443799.980,-1172423.310,353.040
-443799.800,-1172423.750,352.870
-443800.470,-1172423.460,352.970
-443800.300,-1172423.880,352.830
-443800.150,-1172424.280,352.780
-443800.850,-1172423.960,352.800
-443801.280,-1172424.270,352.770
-443772.840,-1172409.570,354.790
-443793.820,-1172423.850,352.990
-443793.660,-1172424.250,352.830
-443794.750,-1172423.010,353.240
-443794.590,-1172423.410,353.100
-443794.250,-1172424.280,352.780
-443794.940,-1172423.800,353.000
-443763.550,-1172404.600,349.470
-443848.090,-1172306.920,348.140
-443847.190,-1172302.390,349.220
-443813.250,-1172316.370,353.300
-443810.810,-1172319.970,351.350
-443810.350,-1172319.980,351.360
-443810.240,-1172317.630,351.380
-443809.760,-1172317.730,351.430
-443809.310,-1172317.560,351.470
-443809.170,-1172317.910,351.380
-443808.720,-1172317.870,351.370
-443807.730,-1172320.310,351.310
-443808.230,-1172317.680,351.430
-443799.930,-1172331.160,351.310
-443719.540,-1172300.030,355.070
-443724.530,-1172299.550,354.890
-443762.360,-1172295.070,355.210
-443780.440,-1172308.800,349.990
-443718.290,-1172326.830,355.140
-443849.740,-1172415.350,374.140
-443847.650,-1172419.750,374.260
-443847.930,-1172416.410,374.420
-443846.750,-1172415.700,374.160
-443846.310,-1172415.640,374.350
-443846.580,-1172407.800,374.270
-443847.880,-1172399.800,374.380
-443839.000,-1172421.150,380.560
-443846.800,-1172399.820,374.440
-443845.560,-1172400.010,374.350
-443843.160,-1172399.990,374.280
-443840.060,-1172400.000,374.410
-443839.190,-1172399.980,374.420
-443838.580,-1172400.040,374.480
-443831.020,-1172420.470,378.660
-443845.970,-1172370.500,374.700
-443839.560,-1172370.960,374.280
-443839.090,-1172370.620,374.720
-443833.490,-1172330.580,371.170
-443834.060,-1172330.400,371.140
-443833.860,-1172330.900,370.640
-443831.160,-1172330.970,370.690
-443831.780,-1172330.580,371.150
-443832.360,-1172330.650,371.160
-443829.580,-1172330.700,371.140
-443830.120,-1172330.940,370.700
-443828.880,-1172331.000,370.700
-443827.270,-1172330.560,371.090
-443827.080,-1172331.030,370.750
-443828.570,-1172309.030,356.140
-443829.890,-1172307.210,357.340
-443792.160,-1172313.420,361.090
-443785.440,-1172320.950,357.490
-443785.270,-1172321.350,357.340
-443784.590,-1172320.370,356.760
-443784.800,-1172320.490,356.710
-443790.380,-1172290.530,355.540
-443774.650,-1172317.560,359.310
-443773.810,-1172317.600,359.330
-443767.160,-1172318.870,359.990
-443752.860,-1172295.910,358.150
-443739.270,-1172326.580,358.140
-443738.620,-1172326.930,358.150
-443752.530,-1172292.810,358.550
-443741.510,-1172318.200,360.640
-443737.820,-1172326.680,358.210
-443737.350,-1172326.950,358.260
-443737.220,-1172326.600,358.270
-443748.800,-1172296.850,357.900
-443747.640,-1172297.020,357.920
-443738.350,-1172319.440,362.050
-443746.860,-1172297.390,357.910
-443748.050,-1172290.580,360.400
-443735.010,-1172321.260,360.990
-443744.310,-1172297.570,357.880
-443734.460,-1172319.850,362.120
-443733.590,-1172319.860,362.080
-443731.510,-1172321.280,361.210
-443741.160,-1172291.570,359.820
-443727.190,-1172322.030,357.870
-443735.040,-1172292.340,359.750
-443723.970,-1172296.540,357.770
-443714.000,-1172337.340,360.320
-443713.840,-1172337.720,360.300
-443713.660,-1172338.160,360.120
-443714.080,-1172338.000,360.310
-443714.780,-1172337.490,360.350
-443712.960,-1172338.010,360.210
-443712.790,-1172338.420,360.080
-443720.200,-1172321.010,359.120
-443713.390,-1172337.590,360.400
-443713.230,-1172337.980,360.340
-443712.270,-1172338.590,360.140
-443718.610,-1172321.070,359.170
-443718.370,-1172321.140,359.050
-443715.720,-1172323.320,360.910
-443713.920,-1172323.350,360.950
-443712.310,-1172323.470,361.020
-443712.130,-1172321.700,362.130
-443710.570,-1172323.650,361.030
-443709.880,-1172323.750,361.080
-443709.560,-1172324.510,360.860
-443709.690,-1172323.910,360.910
-443707.440,-1172326.090,360.990
-443708.500,-1172323.990,361.080
-443708.350,-1172322.220,362.180
-443707.570,-1172324.100,361.000
-443707.570,-1172324.780,360.850
-443706.590,-1172324.270,361.090
-443706.660,-1172324.920,360.810
-443706.880,-1172324.710,360.890
-443706.590,-1172322.540,362.290
-443718.590,-1172294.850,358.220
-443714.830,-1172295.340,358.290
-443701.140,-1172295.480,358.570
-443851.670,-1172302.130,349.230
-443852.250,-1172302.040,349.290
-443852.550,-1172302.160,349.230
-443850.840,-1172304.210,348.710
-443851.850,-1172303.720,348.840
-443800.990,-1172424.110,352.730
-443800.500,-1172424.110,352.690
-443800.840,-1172423.810,352.840
-443800.230,-1172423.860,352.810
-443800.520,-1172423.590,352.910
-443800.340,-1172423.460,352.970
-443799.500,-1172423.890,352.860
-443799.830,-1172423.590,352.950
-443800.150,-1172423.310,353.030
-443799.190,-1172423.770,352.840
-443799.490,-1172423.500,352.930
-443799.800,-1172423.230,353.030
-443800.130,-1172422.930,353.120
-443798.340,-1172424.050,352.820
-443798.640,-1172423.780,352.880
-443798.960,-1172423.490,352.960
-443799.290,-1172423.200,353.050
-443797.820,-1172424.190,352.750
-443798.440,-1172423.630,352.930
-443798.750,-1172423.350,353.020
-443799.090,-1172423.050,353.110
-443799.400,-1172422.770,353.180
-443797.140,-1172424.410,352.670
-443797.450,-1172424.130,352.770
-443797.780,-1172423.840,352.870
-443798.070,-1172423.570,352.970
-443798.370,-1172423.300,353.050
-443798.700,-1172423.020,353.150
-443799.020,-1172422.730,353.260
-443799.310,-1172422.470,353.310
-443797.010,-1172424.060,352.770
-443797.340,-1172423.770,352.910
-443797.980,-1172423.190,353.080
-443798.280,-1172422.930,353.160
-443798.590,-1172422.650,353.240
-443798.910,-1172422.360,353.350
-443799.210,-1172422.100,353.410
-443796.520,-1172424.060,352.810
-443797.470,-1172423.210,353.090
-443797.780,-1172422.930,353.170
-443798.120,-1172422.630,353.280
-443798.430,-1172422.350,353.360
-443798.760,-1172422.050,353.450
-443796.310,-1172423.930,352.850
-443796.640,-1172423.630,352.940
-443796.960,-1172423.340,353.000
-443797.290,-1172423.060,353.100
-443797.910,-1172422.500,353.270
-443798.210,-1172422.230,353.360
-443798.540,-1172421.940,353.500
-443795.610,-1172424.150,352.830
-443796.240,-1172423.580,353.020
-443796.570,-1172423.290,353.090
-443796.880,-1172423.010,353.190
-443797.500,-1172422.450,353.340
-443797.840,-1172422.160,353.470
-443798.160,-1172421.870,353.540
-443798.480,-1172421.580,353.640
-443795.070,-1172424.100,352.810
-443795.390,-1172423.820,352.900
-443795.730,-1172423.510,353.000
-443796.010,-1172423.260,353.060
-443796.330,-1172422.980,353.180
-443796.670,-1172422.670,353.280
-443796.960,-1172422.420,353.320
-443797.290,-1172422.120,353.460
-443797.610,-1172421.830,353.550
-443797.930,-1172421.540,353.640
-443795.040,-1172423.580,353.080
-443795.650,-1172423.040,353.170
-443795.970,-1172422.750,353.300
-443796.270,-1172422.480,353.370
-443796.570,-1172422.210,353.460
-443796.900,-1172421.910,353.560
-443797.510,-1172421.370,353.720
-443797.830,-1172421.090,353.800
-443794.870,-1172423.270,353.110
-443795.190,-1172422.980,353.220
-443796.100,-1172422.170,353.300
-443797.100,-1172421.270,353.750
-443797.400,-1172421.000,353.850
-443794.760,-1172422.920,353.250
-443795.380,-1172422.370,353.430
-443795.700,-1172422.080,353.510
-443796.340,-1172421.510,353.690
-443797.000,-1172420.920,353.900
-443794.780,-1172424.360,352.740
-443794.070,-1172424.450,352.730
-443794.700,-1172423.880,352.870
-443793.900,-1172424.130,352.830
-443794.550,-1172423.550,353.010
-443793.150,-1172424.360,352.790
-443793.820,-1172423.760,353.010
-443794.140,-1172423.480,353.090
-443769.650,-1172411.360,353.980
-443772.270,-1172411.310,354.030
-443775.500,-1172411.040,354.000
-443803.610,-1172379.710,348.380
-443763.350,-1172404.630,349.370
-443850.040,-1172306.060,348.350
-443847.780,-1172306.970,348.150
-443847.250,-1172306.980,348.180
-443846.630,-1172307.140,348.090
-443847.180,-1172306.200,348.280
-443842.520,-1172308.930,354.930
-443848.110,-1172303.010,349.020
-443801.270,-1172331.010,351.380
-443799.640,-1172331.150,351.290
-443811.400,-1172319.950,351.280
-443810.990,-1172319.970,351.240
-443810.080,-1172320.060,351.240
-443811.710,-1172318.110,351.870
-443808.560,-1172320.190,351.290
-443807.140,-1172320.350,351.290
-443806.600,-1172320.350,351.280
-443806.920,-1172320.060,351.460
-443806.010,-1172320.340,351.390
-443806.770,-1172318.480,351.910
-443802.290,-1172290.620,353.490
-443801.980,-1172290.420,353.560
-443795.110,-1172291.680,355.110
-443794.500,-1172291.320,355.240
-443794.800,-1172291.040,355.340
-443794.890,-1172291.300,355.230
-443793.560,-1172291.650,355.150
-443793.840,-1172291.400,355.240
-443794.110,-1172291.160,355.310
-443794.700,-1172290.620,355.450
-443794.220,-1172291.570,355.170
-443793.420,-1172291.550,355.230
-443793.690,-1172291.310,355.300
-443793.990,-1172291.030,355.380
-443794.270,-1172290.780,355.450
-443792.430,-1172291.900,355.140
-443792.710,-1172291.650,355.220
-443793.000,-1172291.380,355.310
-443792.060,-1172291.990,355.090
-443792.360,-1172291.720,355.200
-443792.650,-1172291.440,355.300
-443793.240,-1172290.910,355.410
-443792.000,-1172291.590,355.250
-443792.590,-1172291.050,355.380
-443792.850,-1172290.810,355.450
-443791.270,-1172292.010,355.140
-443791.560,-1172291.740,355.220
-443791.860,-1172291.470,355.320
-443792.130,-1172291.220,355.380
-443792.420,-1172290.960,355.470
-443790.050,-1172291.930,355.190
-443790.360,-1172291.650,355.300
-443790.640,-1172291.390,355.370
-443790.930,-1172291.130,355.450
-443790.500,-1172292.000,355.180
-443790.790,-1172291.730,355.260
-443791.070,-1172291.470,355.330
-443791.380,-1172291.200,355.400
-443791.650,-1172290.950,355.470
-443789.440,-1172291.850,355.270
-443789.730,-1172291.590,355.340
-443790.050,-1172291.290,355.440
-443790.320,-1172291.050,355.480
-443788.440,-1172292.420,355.100
-443788.720,-1172292.160,355.210
-443789.600,-1172291.370,355.430
-443787.800,-1172292.040,355.250
-443788.090,-1172291.780,355.320
-443788.380,-1172291.510,355.410
-443787.880,-1172292.290,355.140
-443788.160,-1172292.040,355.210
-443788.430,-1172291.790,355.310
-443787.300,-1172291.990,355.280
-443787.600,-1172291.720,355.370
-443787.880,-1172291.460,355.450
-443787.230,-1172292.560,355.120
-443787.520,-1172292.300,355.160
-443786.910,-1172292.030,355.300
-443787.210,-1172291.760,355.370
-443786.140,-1172291.750,355.430
-443785.990,-1172292.280,355.260
-443786.280,-1172292.020,355.320
-443776.050,-1172321.600,355.440
-443771.320,-1172322.370,355.030
-443769.470,-1172322.720,355.070
-443763.850,-1172321.950,354.940
-443719.290,-1172299.940,354.940
-443720.970,-1172299.980,354.910
-443724.590,-1172299.590,354.800
-443718.300,-1172326.920,355.120
-443718.500,-1172300.090,354.970
-443717.720,-1172300.190,354.890
-443709.510,-1172301.120,354.420
-443708.790,-1172301.330,354.420
-443709.090,-1172301.050,354.510
-443708.380,-1172301.180,354.420
-443708.680,-1172300.910,354.540
-443706.940,-1172301.520,354.400
-443706.480,-1172301.540,354.390
-443706.780,-1172301.260,354.510
-443704.870,-1172301.440,354.500
-443848.690,-1172419.800,374.140
-443840.070,-1172423.030,374.220
-443846.670,-1172415.470,374.280
-443839.130,-1172421.030,380.460
-443839.400,-1172419.200,377.520
-443841.790,-1172415.680,377.430
-443838.510,-1172418.020,377.490
-443840.080,-1172415.560,377.490
-443833.600,-1172419.870,377.510
-443846.100,-1172407.970,374.220
-443849.320,-1172400.020,374.150
-443848.900,-1172399.700,374.340
-443848.220,-1172399.890,374.140
-443847.420,-1172399.750,374.260
-443847.930,-1172399.690,374.290
-443846.330,-1172399.940,374.180
-443837.310,-1172400.020,374.410
-443836.400,-1172400.410,374.090
-443836.250,-1172400.120,374.360
-443847.190,-1172386.300,374.240
-443847.800,-1172370.670,374.240
-443847.520,-1172370.610,374.310
-443844.770,-1172370.700,374.350
-443842.100,-1172370.830,374.280
-443839.470,-1172370.940,374.310
-443839.870,-1172370.580,374.710
-443831.250,-1172361.940,370.780
-443740.110,-1172422.490,361.760
-443834.600,-1172330.980,370.690
-443835.130,-1172330.910,370.710
-443835.760,-1172330.830,370.730
-443834.070,-1172330.390,371.140
-443831.170,-1172331.020,370.660
-443832.240,-1172330.550,371.130
-443828.580,-1172330.650,371.100
-443829.280,-1172330.420,371.100
-443826.540,-1172330.710,371.130
-443827.410,-1172330.730,371.110
-443836.530,-1172306.400,357.390
-443832.210,-1172306.840,357.450
-443830.070,-1172307.010,357.390
-443826.400,-1172309.230,356.150
-443805.200,-1172311.560,357.680
-443797.950,-1172318.630,357.330
-443791.940,-1172313.460,361.040
-443791.480,-1172313.440,361.100
-443787.570,-1172313.820,361.100
-443786.730,-1172313.790,361.160
-443781.170,-1172314.530,361.080
-443774.690,-1172317.570,359.380
-443767.310,-1172318.790,360.020
-443766.720,-1172315.920,361.790
-443794.570,-1172290.500,355.530
-443766.900,-1172315.990,361.740
-443793.150,-1172290.530,355.560
-443792.710,-1172290.700,355.520
-443791.220,-1172290.860,355.520
-443791.520,-1172290.580,355.610
-443790.870,-1172290.540,355.640
-443789.590,-1172290.730,355.640
-443788.750,-1172290.660,355.650
-443788.950,-1172290.990,355.540
-443789.500,-1172290.480,355.690
-443787.150,-1172291.220,355.530
-443787.430,-1172290.970,355.600
-443787.710,-1172290.710,355.690
-443788.010,-1172290.440,355.760
-443787.800,-1172291.210,355.540
-443788.370,-1172290.700,355.670
-443788.640,-1172290.450,355.740
-443787.260,-1172290.720,355.680
-443787.560,-1172290.450,355.770
-443786.390,-1172290.650,355.730
-443786.670,-1172290.390,355.820
-443786.690,-1172290.690,355.730
-443786.970,-1172290.440,355.790
-443785.890,-1172290.410,355.870
-443786.080,-1172290.500,355.820
-443749.650,-1172322.930,357.410
-443748.240,-1172324.450,356.920
-443749.750,-1172323.080,357.380
-443750.070,-1172321.040,357.790
-443744.270,-1172326.060,356.940
-443746.270,-1172321.330,357.810
-443741.690,-1172325.020,358.950
-443739.550,-1172326.650,358.150
-443738.620,-1172326.630,358.150
-443743.370,-1172322.290,357.650
-443737.770,-1172326.770,358.200
-443737.100,-1172326.860,358.200
-443745.150,-1172317.460,360.680
-443736.920,-1172324.350,358.790
-443744.210,-1172317.140,360.980
-443734.300,-1172321.580,360.930
-443734.170,-1172320.120,361.800
-443734.480,-1172319.820,361.990
-443733.290,-1172319.940,361.980
-443723.040,-1172320.750,359.060
-443746.640,-1172297.360,357.790
-443746.160,-1172297.300,357.820
-443747.240,-1172291.390,358.900
-443743.240,-1172292.410,358.970
-443738.700,-1172292.690,360.280
-443736.270,-1172292.160,359.700
-443735.510,-1172292.340,359.700
-443727.470,-1172296.010,357.690
-443718.770,-1172294.950,358.140
-443712.810,-1172338.230,360.180
-443713.100,-1172337.960,360.230
-443713.390,-1172337.700,360.300
-443713.100,-1172338.480,360.120
-443713.390,-1172338.220,360.160
-443713.710,-1172337.930,360.220
-443714.310,-1172337.380,360.410
-443714.620,-1172337.090,360.470
-443714.740,-1172337.530,360.340
-443715.060,-1172337.240,360.420
-443714.560,-1172338.110,360.090
-443712.220,-1172338.020,360.320
-443712.310,-1172338.280,360.200
-443713.210,-1172337.460,360.380
-443713.520,-1172337.170,360.480
-443717.140,-1172326.170,360.500
-443716.790,-1172326.890,357.970
-443719.220,-1172321.040,359.050
-443713.550,-1172326.690,361.050
-443716.340,-1172323.190,360.910
-443716.630,-1172322.920,361.000
-443715.360,-1172323.080,360.940
-443713.690,-1172323.240,360.960
-443715.700,-1172321.380,362.130
-443712.870,-1172323.420,360.930
-443714.920,-1172321.540,362.110
-443711.960,-1172323.470,360.970
-443708.170,-1172326.020,361.030
-443711.380,-1172323.570,360.920
-443709.250,-1172324.220,360.900
-443709.860,-1172323.660,361.030
-443711.860,-1172321.820,362.190
-443710.390,-1172323.590,360.980
-443708.900,-1172324.050,360.930
-443709.180,-1172323.790,360.990
-443711.220,-1172321.910,362.060
-443707.060,-1172326.240,361.020
-443706.970,-1172324.900,360.770
-443707.880,-1172324.060,360.970
-443709.820,-1172322.270,361.960
-443708.380,-1172323.960,360.980
-443710.680,-1172321.840,362.110
-443706.630,-1172324.320,360.970
-443706.950,-1172324.030,361.050
-443706.670,-1172324.720,360.890
-443707.270,-1172324.160,361.000
-443714.610,-1172300.340,357.000
-443715.010,-1172300.390,357.000
-443718.560,-1172295.720,357.640
-443717.780,-1172295.010,358.200
-443714.220,-1172298.720,357.270
-443717.140,-1172295.080,358.110
-443716.510,-1172295.120,358.230
-443714.360,-1172295.650,357.960
-443714.690,-1172295.350,358.060
-443713.510,-1172295.440,358.050
-443713.090,-1172295.420,358.190
-443708.190,-1172296.850,358.550
-443710.770,-1172294.470,357.140
-443698.320,-1172298.040,355.660
-443851.830,-1172302.020,349.280
-443851.820,-1172305.250,348.580
-443852.270,-1172302.220,349.280
-443852.380,-1172306.510,348.180
-443840.910,-1172432.250,355.090
-443840.820,-1172432.130,355.100
-443834.560,-1172421.820,348.590
-443825.240,-1172441.130,351.170
-443821.580,-1172433.160,351.580
-443817.670,-1172433.420,351.590
-443815.930,-1172433.290,351.630
-443815.340,-1172433.550,351.520
-443803.030,-1172433.600,351.720
-443802.910,-1172433.900,351.590
-443801.050,-1172423.740,352.850
-443800.940,-1172424.040,352.710
-443800.860,-1172423.720,352.890
-443795.750,-1172421.960,353.570
-443795.630,-1172422.270,353.480
-443795.520,-1172422.570,353.360
-443795.280,-1172423.200,353.150
-443795.290,-1172422.310,353.460
-443795.190,-1172422.600,353.350
-443796.790,-1172420.780,353.940
-443796.430,-1172421.720,353.650
-443796.200,-1172422.340,353.450
-443796.080,-1172422.650,353.330
-443795.960,-1172422.950,353.230
-443795.860,-1172423.240,353.140
-443795.740,-1172423.550,353.040
-443795.620,-1172423.850,352.940
-443795.510,-1172424.140,352.830
-443795.400,-1172424.400,350.360
-443795.680,-1172423.630,346.780
-443795.570,-1172423.920,346.690
-443795.990,-1172421.340,353.750
-443796.810,-1172422.960,353.220
-443796.700,-1172423.260,353.080
-443796.580,-1172423.570,353.000
-443796.460,-1172423.890,352.880
-443796.350,-1172424.170,352.810
-443797.040,-1172420.680,354.000
-443796.920,-1172420.990,353.880
-443796.810,-1172421.270,353.770
-443796.700,-1172421.580,353.630
-443796.580,-1172421.890,353.560
-443796.460,-1172422.190,353.450
-443796.350,-1172422.490,353.370
-443796.240,-1172422.780,353.250
-443796.120,-1172423.090,353.170
-443796.010,-1172423.370,353.070
-443795.900,-1172423.680,352.960
-443795.780,-1172423.990,352.860
-443795.940,-1172423.500,346.860
-443795.830,-1172423.790,346.700
-443797.850,-1172420.990,353.860
-443797.740,-1172421.280,353.710
-443797.510,-1172421.890,353.530
-443797.390,-1172422.200,353.450
-443797.270,-1172422.510,353.320
-443797.150,-1172422.820,353.230
-443796.930,-1172423.420,353.020
-443796.690,-1172424.060,352.830
-443797.610,-1172420.860,353.920
-443797.490,-1172421.170,353.810
-443797.380,-1172421.460,353.720
-443797.270,-1172421.740,353.610
-443797.160,-1172422.050,353.510
-443797.040,-1172422.350,353.410
-443798.430,-1172421.670,353.620
-443798.320,-1172421.970,353.520
-443798.210,-1172422.260,353.390
-443798.090,-1172422.560,353.300
-443797.860,-1172423.160,353.100
-443797.750,-1172423.480,352.990
-443797.630,-1172423.770,352.890
-443797.510,-1172424.090,352.780
-443797.390,-1172424.400,352.670
-443798.230,-1172421.610,353.640
-443798.120,-1172421.890,353.540
-443797.990,-1172422.210,353.410
-443797.870,-1172422.540,353.320
-443797.760,-1172422.840,353.220
-443797.640,-1172423.150,353.120
-443797.300,-1172424.050,352.780
-443797.180,-1172424.340,352.660
-443798.870,-1172422.150,353.450
-443798.760,-1172422.440,353.340
-443798.650,-1172422.750,353.240
-443798.520,-1172423.070,353.160
-443798.400,-1172423.390,353.020
-443798.290,-1172423.670,352.940
-443798.170,-1172423.990,352.820
-443798.070,-1172424.270,352.670
-443799.050,-1172422.270,353.370
-443798.930,-1172422.590,353.300
-443798.820,-1172422.870,353.160
-443799.460,-1172422.540,353.310
-443799.350,-1172422.840,353.210
-443799.220,-1172423.170,353.100
-443799.120,-1172423.450,352.990
-443798.690,-1172423.190,353.090
-443798.470,-1172423.780,352.880
-443798.360,-1172424.060,352.760
-443799.400,-1172423.270,353.040
-443799.280,-1172423.590,352.930
-443799.160,-1172423.880,352.800
-443799.050,-1172424.180,352.710
-443800.140,-1172423.140,353.080
-443800.030,-1172423.440,352.960
-443799.910,-1172423.740,352.850
-443800.470,-1172423.180,353.060
-443800.360,-1172423.470,352.960
-443800.250,-1172423.750,352.850
-443736.140,-1172411.440,347.950
-443737.030,-1172411.310,347.940
-443738.700,-1172411.770,347.780
-443740.320,-1172410.960,348.050
-443740.090,-1172411.560,347.830
-443740.480,-1172411.200,347.930
-443740.370,-1172411.520,347.860
-443744.480,-1172411.030,347.980
-443735.560,-1172437.680,347.180
-443736.120,-1172437.090,347.660
-443737.020,-1172437.420,347.570
-443747.260,-1172410.990,347.940
-443739.640,-1172436.950,347.680
-443739.520,-1172437.270,347.560
-443741.080,-1172437.280,347.530
-443741.850,-1172436.810,351.030
-443741.690,-1172437.190,347.550
-443741.590,-1172437.470,347.450
-443742.120,-1172436.830,347.650
-443752.360,-1172410.560,347.990
-443752.680,-1172410.390,348.000
-443752.560,-1172410.720,347.910
-443742.740,-1172437.240,347.510
-443744.480,-1172436.940,350.950
-443745.440,-1172436.470,351.080
-443745.330,-1172436.750,350.990
-443745.220,-1172437.060,350.940
-443745.530,-1172436.170,347.750
-443745.410,-1172436.490,347.730
-443745.300,-1172436.800,347.620
-443745.630,-1172436.740,351.010
-443745.710,-1172436.490,347.700
-443746.340,-1172436.380,351.050
-443746.110,-1172437.000,350.940
-443747.330,-1172436.340,351.090
-443747.220,-1172436.630,350.990
-443747.110,-1172436.940,350.900
-443747.660,-1172436.320,351.090
-443747.560,-1172436.610,350.970
-443748.200,-1172436.240,351.110
-443748.080,-1172436.570,351.010
-443748.310,-1172436.590,354.510
-443748.160,-1172436.910,347.530
-443748.030,-1172437.240,347.500
-443750.710,-1172436.710,347.570
-443751.180,-1172436.310,351.020
-443750.940,-1172436.920,347.430
-443751.830,-1172436.010,351.150
-443751.720,-1172436.290,351.040
-443751.610,-1172436.590,350.970
-443751.480,-1172436.920,347.480
-443751.960,-1172436.330,351.040
-443752.570,-1172436.310,351.070
-443753.480,-1172436.320,347.620
-443752.920,-1172437.810,346.930
-443753.310,-1172436.260,347.660
-443754.530,-1172436.020,351.100
-443754.420,-1172436.310,351.000
-443754.310,-1172436.610,350.930
-443754.970,-1172436.120,351.050
-443754.870,-1172436.410,350.990
-443754.760,-1172436.710,350.900
-443754.720,-1172436.760,347.510
-443755.280,-1172435.810,351.160
-443755.160,-1172436.130,351.090
-443755.050,-1172436.410,350.950
-443754.940,-1172436.730,350.860
-443755.530,-1172436.480,347.580
-443755.990,-1172435.970,351.060
-443756.510,-1172435.940,351.100
-443756.400,-1172436.240,351.000
-443756.240,-1172436.610,347.530
-443756.810,-1172435.940,351.090
-443756.690,-1172436.250,351.000
-443759.490,-1172435.780,351.120
-443759.580,-1172435.500,347.760
-443760.020,-1172435.810,351.130
-443759.770,-1172436.450,347.530
-443760.240,-1172435.890,351.040
-443759.990,-1172436.520,347.520
-443760.860,-1172435.950,351.050
-443760.600,-1172436.590,347.420
-443771.180,-1172411.730,353.760
-443763.440,-1172436.090,347.570
-443763.730,-1172436.060,350.960
-443774.010,-1172411.420,353.640
-443765.560,-1172435.850,347.620
-443765.450,-1172436.160,347.520
-443766.180,-1172435.510,347.710
-443766.340,-1172435.700,347.630
-443766.230,-1172435.990,347.570
-443766.810,-1172435.720,347.640
-443769.000,-1172435.580,347.690
-443768.890,-1172435.860,347.570
-443769.440,-1172435.970,347.550
-443793.870,-1172423.660,353.020
-443793.740,-1172424.000,352.930
-443793.630,-1172424.290,352.810
-443794.170,-1172423.500,353.050
-443794.060,-1172423.780,352.940
-443793.950,-1172424.080,352.820
-443794.830,-1172423.520,353.060
-443794.600,-1172424.130,352.840
-443795.160,-1172423.510,353.070
-443795.050,-1172423.800,352.960
-443794.940,-1172424.110,352.820
-443795.100,-1172423.590,346.750
-443794.990,-1172423.890,346.690
-443833.410,-1172385.680,348.550
-443804.010,-1172379.620,348.130
-443825.700,-1172341.970,348.970
-443758.900,-1172396.430,349.950
-443760.680,-1172404.820,349.360
-443765.250,-1172404.680,349.270
-443710.590,-1172400.650,352.260
-443709.920,-1172400.710,352.210
-443709.640,-1172400.670,352.210
-443708.980,-1172400.520,352.290
-443708.870,-1172400.810,352.190
-443709.230,-1172400.530,352.290
-443709.110,-1172400.850,352.170
-443699.380,-1172345.720,353.130
-443850.810,-1172306.430,346.170
-443850.680,-1172306.760,346.070
-443850.660,-1172306.420,346.240
-443848.470,-1172302.570,349.200
-443846.830,-1172306.870,348.210
-443846.450,-1172302.010,349.340
-443787.250,-1172291.390,355.350
-443787.920,-1172291.710,355.340
-443787.800,-1172292.030,355.270
-443787.850,-1172291.230,355.590
-443789.760,-1172290.940,355.550
-443790.760,-1172291.070,355.480
-443790.520,-1172291.710,355.310
-443791.730,-1172291.200,355.410
-443793.330,-1172291.020,355.440
-443793.210,-1172291.330,355.320
-443794.440,-1172290.400,355.590
-443794.340,-1172290.680,355.480
-443793.610,-1172291.000,355.400
-443793.490,-1172291.320,355.290
-443794.480,-1172291.040,355.350
-443794.360,-1172291.360,355.220
-443794.910,-1172291.240,355.290
-443802.240,-1172290.630,353.420
-443803.410,-1172317.250,351.170
-443804.550,-1172317.160,351.300
-443799.980,-1172331.170,351.240
-443806.850,-1172318.020,352.090
-443806.240,-1172319.630,351.700
-443806.130,-1172319.920,351.590
-443806.020,-1172320.220,351.440
-443806.400,-1172319.960,351.530
-443806.170,-1172320.570,351.310
-443806.940,-1172319.810,351.570
-443806.840,-1172320.080,351.410
-443806.720,-1172320.390,351.360
-443807.660,-1172318.560,351.880
-443807.070,-1172320.130,351.460
-443806.960,-1172320.420,351.300
-443808.560,-1172318.030,351.890
-443807.710,-1172320.290,351.350
-443808.080,-1172320.340,351.290
-443809.660,-1172318.040,351.360
-443809.540,-1172317.900,351.420
-443810.230,-1172317.910,351.320
-443810.190,-1172319.980,351.360
-443811.420,-1172317.460,351.390
-443811.230,-1172318.000,351.940
-443811.160,-1172319.890,351.370
-443720.820,-1172299.880,354.940
-443719.610,-1172299.950,354.850
-443740.970,-1172297.410,354.510
-443736.040,-1172325.140,351.260
-443744.800,-1172325.140,351.420
-443762.510,-1172294.010,355.590
-443762.400,-1172294.300,355.480
-443762.180,-1172294.890,355.250
-443762.880,-1172294.620,355.340
-443760.020,-1172322.190,350.720
-443771.460,-1172322.350,355.050
-443772.480,-1172322.270,355.030
-443783.820,-1172321.200,353.570
-443784.050,-1172321.220,353.590
-443784.680,-1172321.110,353.600
-443718.400,-1172326.730,355.200
-443708.510,-1172336.940,355.520
-443708.010,-1172337.200,355.470
-443718.770,-1172300.110,354.870
-443719.300,-1172299.900,354.900
-443718.310,-1172300.100,354.910
-443708.760,-1172300.950,354.490
-443706.660,-1172301.410,354.310
-443705.650,-1172301.430,354.350
-443704.690,-1172301.470,354.430
-443844.020,-1172431.870,366.410
-443843.900,-1172432.170,366.300
-443847.720,-1172419.710,374.190
-443840.780,-1172432.640,360.570
-443840.860,-1172432.160,371.960
-443840.800,-1172432.290,369.120
-443840.800,-1172432.220,360.680
-443840.680,-1172432.550,360.600
-443840.220,-1172432.230,371.880
-443840.170,-1172432.030,372.020
-443845.970,-1172415.580,374.200
-443840.950,-1172428.660,374.190
-443845.800,-1172415.590,374.220
-443847.170,-1172408.530,374.150
-443847.290,-1172407.430,374.960
-443842.620,-1172419.620,374.260
-443846.390,-1172408.020,374.180
-443841.900,-1172419.740,374.170
-443849.510,-1172399.890,374.200
-443849.300,-1172399.810,374.220
-443846.180,-1172407.940,374.230
-443841.670,-1172419.710,374.240
-443842.730,-1172415.560,377.530
-443841.070,-1172419.860,374.210
-443841.160,-1172418.880,377.460
-443847.830,-1172399.610,374.340
-443847.720,-1172399.890,374.220
-443847.340,-1172399.940,374.180
-443844.250,-1172408.010,374.110
-443841.480,-1172415.250,377.590
-443841.370,-1172415.540,377.470
-443839.220,-1172421.200,380.510
-443838.840,-1172417.950,377.520
-443838.670,-1172417.930,377.600
-443845.650,-1172399.670,374.360
-443845.550,-1172399.950,374.210
-443837.030,-1172417.950,377.570
-443843.070,-1172399.840,374.330
-443842.410,-1172399.880,374.300
-443840.330,-1172400.270,374.140
-443833.250,-1172418.000,377.640
-443831.800,-1172419.670,377.730
-443831.020,-1172420.500,378.630
-443838.860,-1172399.970,374.370
-443838.750,-1172400.250,374.170
-443837.050,-1172400.260,374.190
-443836.690,-1172400.320,374.190
-443835.470,-1172403.500,374.680
-443836.020,-1172400.360,374.160
-443847.130,-1172370.720,374.330
-443843.130,-1172378.830,374.290
-443840.780,-1172382.630,380.660
-443838.040,-1172385.400,374.350
-443837.260,-1172385.100,374.500
-443837.150,-1172385.390,374.390
-443836.950,-1172385.300,374.420
-443839.120,-1172370.990,374.360
-443836.420,-1172356.870,370.640
-443832.170,-1172359.900,370.620
-443836.110,-1172338.810,370.660
-443830.380,-1172341.790,370.750
-443830.460,-1172336.770,370.880
-443769.170,-1172420.940,361.930
-443768.490,-1172420.740,361.910
-443767.460,-1172421.030,361.910
-443765.820,-1172421.080,361.890
-443765.050,-1172421.020,361.910
-443763.790,-1172421.360,361.850
-443758.370,-1172421.580,361.860
-443758.220,-1172421.250,362.020
-443758.110,-1172421.540,361.900
-443753.200,-1172421.540,361.880
-443750.990,-1172421.630,361.950
-443747.690,-1172421.970,361.890
-443746.770,-1172422.110,361.830
-443747.380,-1172422.000,361.890
-443746.640,-1172421.800,361.920
-443743.250,-1172422.040,361.930
-443740.460,-1172422.100,361.920
-443737.340,-1172422.380,361.890
-443736.500,-1172422.210,361.930
-443735.570,-1172422.620,361.840
-443835.610,-1172330.810,370.790
-443837.010,-1172330.810,370.780
-443831.730,-1172331.000,370.780
-443832.930,-1172330.280,371.210
-443832.820,-1172330.560,371.090
-443830.420,-1172330.650,371.100
-443836.480,-1172306.340,357.360
-443827.380,-1172330.560,371.150
-443826.460,-1172330.810,371.080
-443832.180,-1172306.800,357.450
-443814.320,-1172309.060,358.780
-443813.000,-1172309.210,358.750
-443811.830,-1172309.350,358.750
-443811.620,-1172309.920,358.390
-443804.680,-1172311.650,357.560
-443792.330,-1172313.290,361.100
-443786.800,-1172313.880,361.120
-443784.400,-1172320.300,356.830
-443788.390,-1172290.430,355.810
-443788.280,-1172290.730,355.660
-443788.850,-1172290.830,355.670
-443787.570,-1172290.520,355.800
-443787.990,-1172290.870,355.650
-443786.620,-1172290.530,355.740
-443774.240,-1172317.540,359.360
-443774.020,-1172317.490,359.410
-443774.180,-1172315.060,361.780
-443767.730,-1172319.100,359.870
-443762.620,-1172293.720,355.730
-443762.660,-1172292.800,356.160
-443762.560,-1172293.100,356.000
-443762.010,-1172290.570,357.180
-443749.680,-1172324.290,357.070
-443749.890,-1172322.970,357.370
-443745.630,-1172321.490,357.800
-443745.440,-1172321.360,357.770
-443744.120,-1172321.580,357.810
-443743.340,-1172321.690,357.780
-443743.740,-1172317.130,360.930
-443741.060,-1172322.180,360.920
-443738.600,-1172326.670,358.200
-443738.030,-1172326.700,358.230
-443737.630,-1172326.750,358.250
-443748.440,-1172297.150,357.800
-443747.860,-1172296.980,357.870
-443737.050,-1172326.550,358.360
-443746.690,-1172297.400,357.710
-443738.490,-1172319.900,361.570
-443746.090,-1172297.260,357.890
-443748.130,-1172290.480,360.250
-443736.770,-1172319.410,361.960
-443736.150,-1172319.650,361.930
-443734.270,-1172319.810,361.960
-443734.160,-1172320.100,361.800
-443731.150,-1172321.680,361.030
-443741.310,-1172291.500,359.720
-443739.400,-1172291.960,359.580
-443736.910,-1172292.090,359.700
-443736.120,-1172292.190,359.700
-443735.550,-1172292.280,359.640
-443724.100,-1172320.530,359.070
-443723.540,-1172320.580,359.080
-443722.670,-1172320.840,359.040
-443728.900,-1172295.960,357.630
-443725.900,-1172296.310,357.600
-443721.410,-1172295.080,357.900
-443721.050,-1172324.110,356.810
-443714.670,-1172337.010,360.510
-443714.420,-1172337.670,360.300
-443720.910,-1172320.910,359.100
-443714.890,-1172337.370,360.390
-443714.770,-1172337.710,360.270
-443714.670,-1172337.970,360.120
-443713.400,-1172338.330,360.090
-443713.560,-1172337.860,357.630
-443719.970,-1172321.040,359.000
-443714.070,-1172337.180,360.500
-443713.840,-1172337.800,360.260
-443713.720,-1172338.110,360.130
-443713.750,-1172337.990,357.630
-443713.200,-1172337.310,360.510
-443712.990,-1172337.890,360.300
-443712.890,-1172338.170,360.150
-443712.770,-1172338.480,360.110
-443713.500,-1172337.040,360.590
-443713.390,-1172337.350,360.470
-443713.280,-1172337.630,360.380
-443713.170,-1172337.950,360.280
-443713.060,-1172338.250,360.140
-443712.960,-1172338.520,359.960
-443719.750,-1172320.970,359.060
-443712.840,-1172337.160,360.530
-443712.500,-1172338.100,360.280
-443712.670,-1172337.090,360.580
-443712.320,-1172338.030,360.300
-443712.220,-1172338.310,360.170
-443712.050,-1172337.740,360.420
-443716.490,-1172323.020,361.000
-443715.810,-1172323.020,361.010
-443713.640,-1172326.900,360.920
-443715.900,-1172321.460,362.080
-443715.270,-1172323.150,360.960
-443713.330,-1172326.640,361.160
-443708.520,-1172336.950,358.660
-443708.430,-1172337.210,358.520
-443714.100,-1172323.400,360.940
-443712.840,-1172326.830,361.080
-443713.100,-1172323.390,360.980
-443713.500,-1172323.390,360.950
-443712.130,-1172327.150,360.920
-443712.330,-1172321.780,362.140
-443710.940,-1172323.660,360.990
-443711.420,-1172323.450,361.030
-443710.610,-1172323.640,360.990
-443707.870,-1172329.330,360.990
-443710.270,-1172322.110,362.080
-443709.640,-1172323.810,361.000
-443709.600,-1172323.630,361.080
-443709.260,-1172324.560,360.820
-443709.890,-1172322.040,362.140
-443709.790,-1172322.330,361.970
-443709.260,-1172323.760,361.070
-443708.910,-1172324.680,360.810
-443708.930,-1172324.810,360.740
-443708.860,-1172324.060,360.970
-443708.100,-1172326.130,360.990
-443708.630,-1172323.920,361.020
-443707.870,-1172325.990,361.090
-443707.840,-1172324.300,360.940
-443707.080,-1172326.360,360.930
-443708.210,-1172323.850,361.050
-443707.340,-1172326.200,360.940
-443707.600,-1172324.080,361.010
-443718.650,-1172294.890,358.150
-443718.300,-1172294.980,358.100
-443707.030,-1172323.960,361.080
-443706.690,-1172324.890,360.820
-443705.340,-1172326.560,360.850
-443706.550,-1172323.990,361.120
-443716.380,-1172295.330,358.080
-443715.780,-1172295.550,358.000
-443716.260,-1172295.070,358.180
-443716.150,-1172295.380,358.010
-443713.460,-1172300.270,357.040
-443713.280,-1172295.390,358.060
-443713.160,-1172295.710,357.970
-443713.590,-1172295.480,358.070
-443713.900,-1172295.530,358.040
-443714.420,-1172295.290,358.170
-443714.320,-1172295.560,358.010
-443710.560,-1172295.220,356.670
-443708.060,-1172296.800,358.590
-443698.320,-1172297.860,355.740
-443852.610,-1172302.140,349.250
-443851.740,-1172303.810,348.870
-443851.750,-1172305.330,348.510
-443840.350,-1172432.540,355.010
-443840.600,-1172432.340,355.130
-443825.240,-1172441.140,351.220
-443819.320,-1172441.160,351.260
-443801.240,-1172424.080,352.750
-443800.690,-1172424.020,352.760
-443800.940,-1172423.820,352.860
-443800.380,-1172423.900,352.820
-443800.660,-1172423.670,352.890
-443799.800,-1172424.040,352.800
-443800.070,-1172423.820,352.840
-443800.320,-1172423.620,352.920
-443799.760,-1172423.620,352.940
-443800.000,-1172423.420,353.020
-443800.260,-1172423.210,353.090
-443798.470,-1172424.220,352.650
-443798.700,-1172424.040,352.820
-443798.980,-1172423.810,352.880
-443799.230,-1172423.600,352.950
-443799.510,-1172423.370,353.000
-443799.740,-1172423.180,353.090
-443800.010,-1172422.960,353.160
-443797.820,-1172424.320,352.650
-443798.030,-1172424.140,352.800
-443798.290,-1172423.940,352.870
-443798.550,-1172423.720,352.960
-443798.800,-1172423.520,353.020
-443799.060,-1172423.300,353.080
-443799.330,-1172423.080,353.130
-443799.590,-1172422.870,353.230
-443798.200,-1172423.610,352.970
-443799.230,-1172422.770,353.240
-443799.470,-1172422.570,353.320
-443797.640,-1172424.070,352.840
-443796.630,-1172424.370,352.690
-443796.850,-1172424.190,352.820
-443797.120,-1172423.970,352.880
-443797.380,-1172423.760,352.970
-443797.650,-1172423.530,353.000
-443797.910,-1172423.320,353.070
-443798.180,-1172423.100,353.140
-443798.420,-1172422.900,353.210
-443798.690,-1172422.690,353.270
-443798.940,-1172422.480,353.370
-443799.220,-1172422.250,353.430
-443796.320,-1172424.200,352.790
-443796.570,-1172423.990,352.860
-443797.590,-1172423.150,353.150
-443797.850,-1172422.940,353.180
-443798.110,-1172422.720,353.260
-443798.630,-1172422.300,353.390
-443798.900,-1172422.080,353.490
-443796.070,-1172424.000,346.590
-443795.390,-1172424.560,350.320
-443795.890,-1172424.150,352.830
-443796.160,-1172423.930,352.910
-443796.670,-1172423.510,353.020
-443796.910,-1172423.310,353.130
-443797.200,-1172423.080,353.170
-443797.450,-1172422.870,353.260
-443797.940,-1172422.470,353.360
-443798.220,-1172422.250,353.410
-443798.470,-1172422.040,353.530
-443798.710,-1172421.840,353.550
-443795.650,-1172424.040,346.560
-443795.480,-1172424.180,352.810
-443795.730,-1172423.980,352.890
-443795.980,-1172423.770,352.950
-443796.510,-1172423.330,353.110
-443796.760,-1172423.130,353.150
-443797.820,-1172422.270,353.440
-443798.330,-1172421.840,353.580
-443798.600,-1172421.630,353.640
-443795.110,-1172424.010,346.560
-443794.910,-1172424.180,352.850
-443795.180,-1172423.960,352.920
-443795.450,-1172423.730,352.990
-443795.710,-1172423.520,353.060
-443795.970,-1172423.310,353.130
-443796.240,-1172423.090,353.190
-443796.480,-1172422.890,353.250
-443797.000,-1172422.470,353.380
-443797.270,-1172422.240,353.480
-443797.520,-1172422.040,353.520
-443798.050,-1172421.610,353.650
-443798.320,-1172421.380,353.750
-443794.870,-1172423.820,352.960
-443795.130,-1172423.610,353.020
-443795.370,-1172423.410,353.090
-443795.640,-1172423.200,353.160
-443795.900,-1172422.980,353.220
-443796.160,-1172422.770,353.290
-443796.430,-1172422.550,353.350
-443796.710,-1172422.320,353.420
-443796.970,-1172422.100,353.490
-443797.210,-1172421.910,353.580
-443797.470,-1172421.700,353.620
-443797.720,-1172421.490,353.700
-443797.990,-1172421.270,353.780
-443794.920,-1172423.410,353.120
-443795.190,-1172423.180,353.180
-443795.440,-1172422.980,353.250
-443795.690,-1172422.780,353.300
-443795.960,-1172422.550,353.380
-443796.230,-1172422.330,353.460
-443796.490,-1172422.120,353.470
-443796.720,-1172421.930,353.570
-443797.000,-1172421.700,353.630
-443797.270,-1172421.480,353.700
-443797.520,-1172421.280,353.780
-443797.790,-1172421.060,353.860
-443795.010,-1172422.410,353.460
-443795.520,-1172422.000,353.580
-443795.780,-1172421.790,353.650
-443796.030,-1172421.580,353.710
-443796.280,-1172421.380,353.770
-443796.800,-1172420.950,353.900
-443797.050,-1172420.750,353.990
-443794.760,-1172423.120,353.210
-443795.510,-1172422.510,353.420
-443795.780,-1172422.290,353.500
-443796.030,-1172422.080,353.550
-443796.550,-1172421.650,353.670
-443796.810,-1172421.440,353.700
-443797.060,-1172421.240,353.810
-443797.330,-1172421.020,353.860
-443797.590,-1172420.810,353.950
-443796.610,-1172420.690,354.010
-443794.200,-1172424.750,350.170
-443794.440,-1172424.560,350.350
-443794.650,-1172424.390,352.760
-443794.350,-1172424.250,352.790
-443794.600,-1172424.050,352.880
-443794.170,-1172424.020,352.890
-443794.670,-1172423.610,353.040
-443793.210,-1172424.390,352.770
-443793.720,-1172423.970,352.940
-443793.990,-1172423.750,353.010
-443794.240,-1172423.540,353.060
-443794.500,-1172423.330,353.140
-443792.550,-1172424.010,348.030
-443736.340,-1172411.880,347.900
-443735.720,-1172411.910,347.850
-443735.980,-1172411.690,347.890
-443744.490,-1172411.160,347.980
-443752.570,-1172410.900,347.900
-443752.790,-1172410.720,348.020
-443736.170,-1172437.250,347.630
-443736.410,-1172437.050,347.690
-443739.700,-1172437.100,347.630
-443771.040,-1172411.480,354.060
-443739.250,-1172437.060,347.640
-443771.560,-1172411.700,353.730
-443771.890,-1172411.680,353.740
-443741.530,-1172436.940,347.620
-443741.570,-1172436.910,350.990
-443741.710,-1172437.280,347.550
-443742.020,-1172437.020,350.960
-443744.420,-1172437.050,350.960
-443775.900,-1172411.350,353.520
-443745.600,-1172436.990,350.950
-443745.880,-1172436.770,350.970
-443747.340,-1172436.850,350.960
-443748.000,-1172436.890,347.580
-443748.250,-1172436.680,347.620
-443751.270,-1172436.840,347.300
-443751.530,-1172436.630,350.960
-443753.960,-1172436.710,347.530
-443754.240,-1172436.480,350.970
-443753.820,-1172436.400,347.630
-443753.820,-1172436.390,354.550
-443753.200,-1172437.810,346.910
-443754.690,-1172436.600,350.930
-443754.970,-1172436.370,350.980
-443753.210,-1172438.210,346.900
-443755.240,-1172436.560,347.580
-443756.130,-1172436.450,347.590
-443756.700,-1172436.430,350.950
-443759.770,-1172436.210,347.630
-443759.530,-1172436.400,350.960
-443759.980,-1172436.350,347.580
-443760.240,-1172436.140,347.620
-443760.330,-1172436.460,347.490
-443760.590,-1172436.250,347.590
-443760.640,-1172436.210,350.970
-443761.300,-1172436.110,351.010
-443762.460,-1172436.240,350.970
-443763.270,-1172436.110,347.580
-443763.750,-1172436.270,347.420
-443765.440,-1172436.220,347.550
-443765.700,-1172436.000,347.580
-443765.940,-1172435.800,347.660
-443769.360,-1172436.010,347.550
-443826.490,-1172359.890,348.980
-443803.530,-1172379.860,348.270
-443832.210,-1172385.520,348.670
-443765.210,-1172386.620,349.150
-443760.710,-1172404.760,349.320
-443765.380,-1172404.490,349.410
-443710.380,-1172400.720,352.250
-443710.640,-1172400.510,352.310
-443709.720,-1172400.790,352.220
-443709.980,-1172400.570,352.290
-443708.980,-1172400.740,352.210
-443709.220,-1172400.550,352.300
-443708.520,-1172400.540,352.340
-443700.460,-1172346.590,352.610
-443850.800,-1172306.610,346.190
-443850.440,-1172306.910,348.170
-443846.980,-1172307.220,348.010
-443847.220,-1172307.010,348.140
-443846.770,-1172306.940,348.200
-443850.270,-1172302.520,349.210
-443848.250,-1172302.480,349.190
-443847.730,-1172302.330,349.220
-443847.380,-1172302.050,349.290
-443810.980,-1172319.890,351.360
-443810.240,-1172319.960,351.290
-443811.370,-1172318.090,351.920
-443806.990,-1172320.220,351.440
-443805.950,-1172320.400,351.410
-443806.200,-1172320.200,351.490
-443806.720,-1172319.760,351.620
-443808.670,-1172318.150,351.940
-443806.010,-1172319.760,351.600
-443808.170,-1172317.960,351.950
-443806.850,-1172318.490,351.970
-443809.130,-1172304.370,353.820
-443788.700,-1172320.660,351.100
-443786.320,-1172291.720,355.450
-443786.590,-1172291.500,355.530
-443786.060,-1172292.580,355.090
-443786.280,-1172292.390,355.240
-443786.540,-1172292.180,355.300
-443787.340,-1172291.500,355.490
-443787.330,-1172292.080,355.300
-443787.580,-1172291.870,355.370
-443787.840,-1172291.650,355.440
-443788.120,-1172291.420,355.510
-443788.630,-1172292.200,355.180
-443789.430,-1172291.530,355.390
-443789.960,-1172291.080,355.520
-443787.610,-1172292.390,355.080
-443787.860,-1172292.180,355.230
-443788.130,-1172291.950,355.300
-443788.380,-1172291.740,355.350
-443788.650,-1172291.520,355.420
-443789.270,-1172292.270,355.130
-443789.530,-1172292.050,355.230
-443789.780,-1172291.830,355.280
-443790.050,-1172291.610,355.340
-443790.310,-1172291.390,355.410
-443790.570,-1172291.170,355.480
-443790.820,-1172290.960,355.530
-443790.300,-1172291.940,355.220
-443790.560,-1172291.730,355.300
-443790.820,-1172291.510,355.380
-443791.350,-1172291.060,355.500
-443791.750,-1172291.910,355.180
-443792.270,-1172291.480,355.330
-443792.810,-1172291.020,355.460
-443791.060,-1172291.810,355.240
-443791.320,-1172291.590,355.310
-443791.610,-1172291.350,355.360
-443791.870,-1172291.130,355.450
-443792.150,-1172290.890,355.500
-443792.620,-1172291.810,355.160
-443792.900,-1172291.580,355.260
-443793.160,-1172291.350,355.330
-443794.490,-1172291.320,355.250
-443794.760,-1172291.090,355.320
-443795.030,-1172290.860,355.410
-443793.500,-1172291.640,355.190
-443793.720,-1172291.450,355.280
-443793.990,-1172291.230,355.350
-443794.530,-1172290.770,355.470
-443794.780,-1172290.570,355.530
-443794.870,-1172291.660,355.070
-443795.120,-1172291.450,355.190
-443801.990,-1172290.750,353.420
-443802.250,-1172290.530,353.540
-443784.670,-1172321.070,353.660
-443720.010,-1172300.120,354.890
-443720.820,-1172300.070,354.890
-443758.890,-1172295.310,351.910
-443762.470,-1172294.960,355.260
-443762.730,-1172294.730,355.300
-443745.150,-1172325.430,351.370
-443747.070,-1172325.480,350.960
-443760.040,-1172322.000,350.880
-443763.940,-1172321.790,355.000
-443771.340,-1172322.320,355.060
-443769.930,-1172322.740,355.030
-443770.770,-1172323.530,354.720
-443771.030,-1172323.300,354.790
-443772.130,-1172322.390,355.040
-443776.050,-1172321.620,355.410
-443783.720,-1172321.270,353.560
-443783.980,-1172321.060,353.680
-443708.860,-1172337.450,355.380
-443718.070,-1172300.130,354.940
-443716.920,-1172300.430,354.900
-443709.580,-1172301.180,354.460
-443708.780,-1172301.190,354.460
-443709.010,-1172300.990,354.550
-443707.420,-1172301.300,354.440
-443706.800,-1172301.460,354.400
-443705.090,-1172301.700,354.320
-443704.740,-1172301.400,354.500
-443698.820,-1172300.120,350.260
-443843.920,-1172432.330,366.320
-443840.530,-1172432.400,360.690
-443840.800,-1172432.170,360.700
-443840.770,-1172432.200,369.160
-443840.620,-1172432.330,371.930
-443840.210,-1172432.240,371.870
-443841.010,-1172428.600,374.230
-443841.110,-1172428.510,374.870
-443848.080,-1172419.620,374.180
-443844.550,-1172422.300,374.760
-443847.710,-1172419.660,374.220
-443839.890,-1172423.030,374.210
-443838.820,-1172423.030,374.250
-443842.690,-1172419.810,374.200
-443842.280,-1172418.920,377.400
-443846.200,-1172415.650,374.160
-443839.530,-1172421.570,374.330
-443846.710,-1172415.590,374.180
-443839.100,-1172421.240,380.480
-443841.870,-1172418.940,377.370
-443841.210,-1172419.810,374.200
-443838.880,-1172421.160,380.500
-443839.100,-1172420.970,380.590
-443837.520,-1172421.860,374.240
-443842.900,-1172415.370,377.560
-443842.250,-1172415.560,377.500
-443842.500,-1172415.350,377.580
-443841.390,-1172415.490,377.560
-443838.380,-1172417.990,377.570
-443837.490,-1172417.800,377.630
-443847.060,-1172408.390,374.210
-443835.370,-1172418.090,377.590
-443831.230,-1172421.180,377.670
-443846.410,-1172407.920,374.260
-443830.020,-1172421.510,365.520
-443831.770,-1172419.680,377.720
-443833.730,-1172418.070,377.590
-443833.330,-1172418.050,377.610
-443844.590,-1172407.950,374.190
-443831.980,-1172418.020,377.620
-443849.510,-1172399.880,374.190
-443847.930,-1172399.790,374.210
-443847.560,-1172399.700,374.310
-443846.280,-1172399.960,374.170
-443842.950,-1172399.930,374.230
-443842.370,-1172400.080,374.180
-443839.910,-1172400.180,374.180
-443837.210,-1172400.280,374.160
-443836.170,-1172400.100,374.360
-443841.000,-1172393.210,374.730
-443843.320,-1172386.150,374.300
-443851.210,-1172379.690,373.400
-443838.160,-1172385.300,374.410
-443837.210,-1172385.340,374.500
-443844.000,-1172378.830,374.220
-443834.850,-1172382.240,377.670
-443846.890,-1172370.670,374.310
-443845.630,-1172370.790,374.290
-443842.040,-1172370.860,374.310
-443841.140,-1172370.540,374.750
-443840.540,-1172370.640,374.720
-443838.530,-1172371.020,374.320
-443837.990,-1172371.020,374.330
-443835.580,-1172371.000,374.330
-443836.270,-1172370.430,374.760
-443768.080,-1172421.030,361.870
-443763.680,-1172421.320,361.830
-443831.570,-1172362.010,370.680
-443758.250,-1172421.520,361.870
-443836.660,-1172356.780,370.700
-443836.290,-1172356.530,370.850
-443755.150,-1172421.720,361.860
-443749.930,-1172421.850,361.850
-443830.920,-1172355.070,370.640
-443747.910,-1172421.940,361.900
-443746.620,-1172422.010,361.880
-443743.160,-1172422.120,361.820
-443830.750,-1172337.140,370.570
-443837.530,-1172330.380,371.160
-443834.340,-1172330.950,370.730
-443834.960,-1172330.930,370.710
-443835.430,-1172330.560,371.090
-443835.570,-1172330.830,370.740
-443836.010,-1172330.470,371.130
-443831.950,-1172330.980,370.740
-443832.870,-1172331.050,370.730
-443829.630,-1172331.100,370.740
-443830.230,-1172331.020,370.700
-443831.760,-1172330.560,371.170
-443827.580,-1172331.140,370.740
-443828.340,-1172331.130,370.770
-443829.160,-1172331.060,370.750
-443829.650,-1172330.660,371.140
-443827.600,-1172330.660,371.170
-443840.500,-1172307.710,356.060
-443839.110,-1172307.860,356.100
-443836.220,-1172306.350,357.450
-443832.250,-1172306.770,357.530
-443829.860,-1172307.150,357.350
-443825.940,-1172309.320,356.150
-443811.660,-1172309.900,358.310
-443797.670,-1172318.750,357.330
-443803.630,-1172311.780,357.640
-443791.110,-1172318.080,358.910
-443792.990,-1172317.080,358.630
-443784.760,-1172320.400,356.800
-443788.910,-1172316.930,359.990
-443792.440,-1172313.360,361.070
-443783.960,-1172317.550,358.960
-443787.050,-1172313.940,361.090
-443785.830,-1172313.920,361.130
-443768.610,-1172321.580,358.340
-443768.710,-1172321.020,358.650
-443792.430,-1172290.650,355.580
-443791.100,-1172290.730,355.590
-443791.360,-1172290.500,355.670
-443791.630,-1172290.820,355.550
-443789.460,-1172290.830,355.610
-443748.670,-1172324.680,357.060
-443748.920,-1172324.470,357.160
-443750.470,-1172323.160,357.420
-443788.660,-1172290.960,355.620
-443788.940,-1172290.720,355.700
-443787.370,-1172290.840,355.700
-443787.630,-1172290.620,355.770
-443787.900,-1172290.390,355.850
-443749.770,-1172323.190,357.370
-443787.600,-1172291.280,355.560
-443788.130,-1172290.830,355.670
-443788.400,-1172290.600,355.740
-443788.690,-1172290.360,355.810
-443786.220,-1172291.190,355.590
-443786.500,-1172290.960,355.650
-443786.740,-1172290.750,355.740
-443787.020,-1172290.520,355.800
-443744.410,-1172326.050,356.930
-443749.880,-1172320.980,357.820
-443786.100,-1172290.400,355.890
-443739.240,-1172326.380,358.310
-443744.920,-1172321.580,357.800
-443737.810,-1172326.650,358.280
-443737.120,-1172326.690,358.310
-443742.820,-1172321.870,357.810
-443737.130,-1172324.330,358.870
-443745.230,-1172317.470,360.700
-443744.680,-1172317.270,360.880
-443744.930,-1172317.060,360.990
-443736.260,-1172319.570,361.990
-443733.910,-1172319.880,362.000
-443733.060,-1172319.950,362.010
-443762.140,-1172290.370,357.310
-443721.110,-1172324.130,356.830
-443721.360,-1172323.910,356.930
-443752.640,-1172296.630,357.840
-443752.810,-1172295.930,358.220
-443723.250,-1172320.680,359.110
-443746.900,-1172297.360,357.740
-443745.500,-1172297.440,357.780
-443746.190,-1172297.380,357.760
-443748.930,-1172291.490,358.780
-443748.020,-1172290.380,360.320
-443739.320,-1172291.820,359.770
-443729.280,-1172295.770,357.810
-443726.900,-1172296.160,357.710
-443724.220,-1172296.490,357.670
-443714.480,-1172338.070,360.130
-443712.630,-1172337.970,360.330
-443712.890,-1172337.750,360.400
-443713.660,-1172337.090,360.570
-443712.800,-1172338.450,360.120
-443713.040,-1172338.240,360.190
-443713.320,-1172338.010,360.270
-443714.080,-1172337.360,360.440
-443713.740,-1172338.190,357.550
-443713.890,-1172338.050,360.200
-443714.150,-1172337.840,360.290
-443714.920,-1172337.180,360.450
-443708.360,-1172337.260,358.580
-443716.740,-1172327.240,357.950
-443712.900,-1172327.120,360.920
-443713.130,-1172326.920,361.090
-443719.990,-1172321.060,359.070
-443718.340,-1172321.170,359.080
-443715.450,-1172323.110,360.970
-443715.940,-1172323.220,360.940
-443716.190,-1172323.010,361.030
-443713.970,-1172323.250,361.000
-443716.170,-1172321.370,362.150
-443713.110,-1172323.370,360.970
-443711.420,-1172323.590,360.990
-443712.170,-1172323.510,360.960
-443712.050,-1172321.770,362.210
-443707.850,-1172325.960,361.110
-443708.990,-1172324.980,360.740
-443710.550,-1172323.640,361.010
-443708.780,-1172323.990,361.020
-443709.040,-1172323.760,361.100
-443708.640,-1172324.700,360.810
-443709.380,-1172324.060,360.970
-443709.660,-1172323.820,361.010
-443705.290,-1172326.530,360.880
-443705.780,-1172326.110,361.120
-443707.240,-1172324.860,360.820
-443708.520,-1172323.760,361.140
-443706.420,-1172322.490,362.170
-443714.750,-1172300.310,356.620
-443714.920,-1172300.170,357.010
-443717.200,-1172295.040,358.190
-443715.500,-1172295.380,358.080
-443715.290,-1172296.240,357.890
-443716.340,-1172295.330,358.070
-443716.580,-1172295.120,358.170
-443714.710,-1172295.560,358.020
-443713.860,-1172295.740,358.010
-443714.120,-1172295.510,358.070
-443714.370,-1172295.290,358.200
-443712.690,-1172295.670,358.080
-443708.690,-1172296.920,358.470
