-443852.350,-1172430.200,351.000
-443801.540,-1172416.700,350.320
-443830.020,-1172397.190,347.340
-443732.210,-1172398.600,351.070
-443851.390,-1172411.810,370.820
-443835.370,-1172389.600,374.460
-443801.470,-1172415.720,350.350
-443801.540,-1172416.630,350.400
-443801.730,-1172420.500,350.380
-443852.180,-1172430.270,351.060
-443770.530,-1172430.210,354.470
-443830.090,-1172396.950,347.370
-443770.820,-1172434.440,358.050
-443851.700,-1172421.920,360.810
-443851.500,-1172377.520,373.150
-443801.820,-1172417.360,350.270
-443851.250,-1172408.420,352.320
-443851.470,-1172419.280,352.520
-443852.200,-1172427.030,355.140
-443851.960,-1172427.690,355.210
-443851.850,-1172426.470,355.250
-443776.730,-1172414.010,347.930
-443770.720,-1172430.050,350.820
-443770.970,-1172430.450,350.810
-443770.880,-1172431.950,354.450
-443776.980,-1172419.250,349.850
-443770.750,-1172434.900,354.510
-443777.180,-1172423.000,347.880
-443839.890,-1172335.330,354.360
-443839.760,-1172335.660,354.350
-443839.880,-1172335.290,348.710
-443840.270,-1172336.000,351.440
-443839.880,-1172335.310,351.540
-443840.340,-1172337.590,354.270
-443840.120,-1172340.960,348.710
-443840.400,-1172340.290,354.300
-443840.300,-1172343.320,348.700
-443840.430,-1172343.050,354.310
-443839.970,-1172345.870,348.730
-443840.240,-1172345.200,351.550
-443840.510,-1172345.960,348.670
-443840.400,-1172346.280,351.560
-443840.420,-1172346.270,354.340
-443840.150,-1172349.960,351.650
-443840.290,-1172350.950,348.720
-443840.310,-1172350.930,351.620
-443840.170,-1172351.290,351.530
-443840.580,-1172351.360,351.520
-443840.420,-1172352.910,351.540
-443840.440,-1172354.230,351.570
-443840.710,-1172353.570,354.310
-443840.590,-1172355.280,348.690
-443840.460,-1172355.620,348.720
-443840.660,-1172357.820,351.520
-443840.530,-1172358.160,351.550
-443840.910,-1172357.170,351.460
-443841.000,-1172359.950,348.620
-443841.020,-1172359.940,351.470
-443840.900,-1172362.430,351.480
-443840.770,-1172362.760,351.550
-443840.910,-1172362.430,354.310
-443840.780,-1172362.780,354.340
-443840.360,-1172362.770,354.460
-443839.820,-1172333.780,348.700
-443839.830,-1172333.790,351.550
-443839.950,-1172331.820,351.520
-443820.710,-1172313.700,350.870
-443852.240,-1172428.090,360.830
-443852.000,-1172428.760,360.920
-443852.450,-1172428.960,360.760
-443852.320,-1172429.320,360.810
-443851.960,-1172423.400,360.850
-443851.670,-1172422.860,360.840
-443851.230,-1172404.440,360.550
-443840.770,-1172365.930,359.960
-443840.820,-1172365.900,365.540
-443841.130,-1172364.950,357.090
-443841.010,-1172365.280,357.120
-443841.020,-1172365.270,359.890
-443841.070,-1172363.480,359.930
-443840.630,-1172362.080,357.220
-443840.500,-1172362.470,359.990
-443840.400,-1172362.760,362.810
-443840.970,-1172358.740,368.270
-443840.930,-1172357.190,357.050
-443840.830,-1172357.490,359.860
-443840.750,-1172357.790,368.320
-443840.590,-1172355.520,368.340
-443840.640,-1172355.230,357.080
-443840.420,-1172354.490,368.390
-443840.450,-1172352.940,359.910
-443840.500,-1172349.230,368.350
-443840.340,-1172350.910,357.110
-443840.240,-1172348.310,362.730
-443840.590,-1172345.940,365.530
-443840.460,-1172346.290,365.540
-443840.590,-1172347.320,357.040
-443840.460,-1172347.650,357.080
-443840.430,-1172346.270,357.100
-443840.170,-1172346.940,357.160
-443840.010,-1172345.870,357.160
-443840.320,-1172343.410,359.890
-443840.330,-1172343.420,362.700
-443840.190,-1172343.770,362.710
-443840.340,-1172343.420,365.520
-443840.220,-1172343.730,365.540
-443840.370,-1172343.350,368.340
-443840.190,-1172342.250,365.490
-443840.070,-1172342.550,365.540
-443840.210,-1172342.240,368.340
-443840.300,-1172340.620,359.880
-443840.160,-1172340.970,359.890
-443840.080,-1172341.290,368.390
-443839.970,-1172341.580,368.500
-443840.450,-1172338.950,359.770
-443839.820,-1172340.560,357.170
-443839.340,-1172341.980,370.930
-443839.890,-1172338.930,368.400
-443840.290,-1172336.050,359.820
-443840.300,-1172336.060,362.610
-443840.300,-1172336.090,365.420
-443840.160,-1172334.690,359.850
-443839.710,-1172334.180,357.200
-443839.100,-1172335.940,371.050
-443770.530,-1172431.630,358.110
-443770.790,-1172433.550,358.040
-443770.650,-1172433.910,358.110
-443770.950,-1172434.450,358.050
-443770.800,-1172430.960,357.990
-443839.960,-1172333.510,357.090
-443840.240,-1172332.890,365.460
-443839.990,-1172333.540,365.490
-443840.010,-1172333.520,368.330
-443761.520,-1172292.540,356.970
-443714.990,-1172316.890,359.310
-443714.900,-1172316.370,359.970
-443852.290,-1172430.250,350.950
-443851.620,-1172427.620,355.230
-443851.870,-1172425.360,351.440
-443851.510,-1172419.160,352.450
-443826.990,-1172433.670,349.870
-443851.190,-1172408.290,352.300
-443801.970,-1172421.280,350.090
-443801.850,-1172420.590,350.250
-443801.960,-1172420.100,350.080
-443801.710,-1172416.700,350.190
-443776.640,-1172413.370,347.640
-443776.320,-1172414.020,348.020
-443776.570,-1172413.790,347.930
-443776.810,-1172417.420,347.170
-443770.270,-1172429.950,351.000
-443770.770,-1172429.500,347.390
-443770.680,-1172430.110,354.370
-443770.840,-1172432.930,354.150
-443770.670,-1172434.100,355.010
-443770.620,-1172434.150,351.570
-443770.590,-1172434.580,354.530
-443770.770,-1172434.840,354.440
-443839.870,-1172334.100,348.450
-443839.500,-1172334.810,351.620
-443839.830,-1172334.930,354.310
-443839.850,-1172334.900,351.510
-443839.610,-1172335.660,354.410
-443839.870,-1172335.430,354.310
-443839.640,-1172335.630,348.800
-443839.880,-1172335.810,351.510
-443839.960,-1172336.250,353.980
-443839.940,-1172336.270,351.110
-443839.990,-1172337.620,354.270
-443840.030,-1172338.440,348.420
-443840.090,-1172339.280,351.180
-443839.850,-1172342.710,351.590
-443840.110,-1172342.480,351.490
-443839.840,-1172342.720,348.750
-443840.100,-1172342.480,348.660
-443840.130,-1172342.820,354.290
-443840.120,-1172342.830,351.480
-443840.050,-1172343.340,354.310
-443839.880,-1172345.700,351.640
-443840.130,-1172345.970,351.540
-443840.010,-1172349.220,354.380
-443840.320,-1172349.940,351.530
-443840.140,-1172349.650,348.750
-443840.010,-1172350.760,348.780
-443840.070,-1172351.280,354.420
-443840.070,-1172351.280,351.650
-443840.430,-1172353.670,354.310
-443840.480,-1172354.450,351.480
-443840.170,-1172355.270,348.750
-443840.330,-1172355.570,348.710
-443840.340,-1172356.350,351.530
-443840.380,-1172358.440,348.720
-443840.660,-1172359.940,348.550
-443840.630,-1172362.840,354.340
-443840.610,-1172362.860,351.590
-443840.440,-1172363.430,354.410
-443839.510,-1172333.540,351.580
-443839.540,-1172333.510,348.770
-443839.920,-1172333.740,354.150
-443839.830,-1172331.880,351.470
-443839.470,-1172331.720,348.800
-443801.770,-1172328.050,351.040
-443799.430,-1172317.270,351.160
-443775.370,-1172314.350,350.970
-443775.290,-1172313.620,351.310
-443730.900,-1172296.600,351.530
-443731.050,-1172297.830,354.770
-443749.790,-1172314.040,355.270
-443750.640,-1172318.800,355.470
-443851.980,-1172428.190,360.800
-443851.740,-1172423.700,360.870
-443850.890,-1172405.170,372.420
-443851.050,-1172405.030,372.030
-443851.100,-1172404.620,372.030
-443850.940,-1172404.540,372.510
-443851.080,-1172404.410,360.750
-443850.980,-1172404.060,360.450
-443851.150,-1172403.910,360.130
-443850.890,-1172403.730,360.500
-443851.120,-1172403.530,360.370
-443852.120,-1172400.250,370.730
-443836.080,-1172409.450,374.370
-443836.040,-1172407.510,374.460
-443851.890,-1172392.580,373.140
-443836.000,-1172405.820,374.470
-443851.610,-1172385.710,369.320
-443770.680,-1172434.500,358.050
-443770.580,-1172434.190,358.860
-443770.610,-1172434.150,358.130
-443770.860,-1172433.930,357.970
-443770.620,-1172433.610,358.630
-443770.690,-1172433.550,358.040
-443770.720,-1172431.840,357.980
-443770.540,-1172431.540,358.060
-443770.530,-1172431.140,358.800
-443770.550,-1172431.120,358.050
-443770.590,-1172430.690,358.030
-443770.830,-1172429.450,360.700
-443840.770,-1172365.810,365.520
-443840.510,-1172365.610,362.810
-443840.720,-1172365.420,357.120
-443840.500,-1172363.370,359.960
-443840.240,-1172362.700,362.780
-443840.480,-1172362.490,359.960
-443840.710,-1172361.710,357.000
-443840.590,-1172359.130,365.490
-443840.650,-1172358.720,365.410
-443840.400,-1172358.940,362.730
-443840.380,-1172357.950,357.190
-443840.520,-1172356.670,362.660
-443840.390,-1172355.510,368.350
-443840.560,-1172355.360,365.310
-443840.560,-1172355.360,356.960
-443840.430,-1172355.030,359.890
-443840.490,-1172354.440,362.640
-443840.200,-1172353.870,357.140
-443839.340,-1172354.070,370.620
-443840.380,-1172352.050,359.930
-443840.090,-1172351.860,359.990
-443840.090,-1172351.270,365.640
-443840.320,-1172351.050,365.530
-443840.320,-1172351.050,357.090
-443840.100,-1172350.690,368.390
-443840.290,-1172348.970,365.510
-443840.260,-1172348.990,362.690
-443840.280,-1172348.970,359.910
-443840.270,-1172348.460,362.780
-443840.160,-1172348.130,368.350
-443840.130,-1172348.150,365.550
-443840.140,-1172348.140,362.720
-443839.990,-1172347.900,357.200
-443840.230,-1172346.270,365.490
-443840.210,-1172346.290,362.650
-443840.170,-1172345.940,359.900
-443840.160,-1172345.950,357.090
-443840.120,-1172345.480,357.110
-443840.200,-1172343.690,368.280
-443840.170,-1172343.720,365.470
-443840.150,-1172343.730,362.670
-443840.090,-1172343.300,365.510
-443840.140,-1172342.810,365.440
-443840.140,-1172342.820,362.640
-443840.140,-1172342.820,359.850
-443840.120,-1172342.830,357.050
-443840.100,-1172342.490,365.510
-443840.130,-1172342.470,359.890
-443839.890,-1172342.680,357.190
-443839.900,-1172342.680,368.400
-443839.750,-1172342.310,357.220
-443839.890,-1172341.720,368.380
-443839.970,-1172340.400,362.700
-443840.100,-1172339.730,362.490
-443840.090,-1172339.280,362.360
-443839.820,-1172338.640,368.370
-443839.660,-1172337.570,357.260
-443839.590,-1172337.090,368.430
-443839.700,-1172334.630,359.930
-443838.840,-1172335.420,370.720
-443839.870,-1172334.100,357.050
-443839.520,-1172333.530,357.180
-443839.840,-1172331.390,359.640
-443839.940,-1172331.780,368.030
-443839.850,-1172330.980,365.410
-443750.260,-1172318.760,355.760
-443761.700,-1172293.860,358.820
-443761.490,-1172291.570,357.250
-443742.530,-1172294.870,357.380
-443714.850,-1172315.810,358.580
-443717.050,-1172299.420,356.840
-443834.780,-1172405.130,354.150
-443834.630,-1172405.540,354.290
-443834.540,-1172396.230,355.220
-443834.000,-1172389.220,355.090
-443834.220,-1172387.770,355.210
-443732.380,-1172398.200,350.940
-443732.240,-1172398.580,351.050
-443756.300,-1172294.620,351.810
-443830.210,-1172419.810,379.330
-443834.820,-1172400.510,369.250
-443834.430,-1172393.930,363.550
-443834.130,-1172390.540,369.220
-443833.880,-1172378.100,372.050
-443835.120,-1172407.230,355.250
-443834.630,-1172404.990,354.410
-443834.340,-1172395.290,355.070
-443825.830,-1172337.530,348.750
-443833.580,-1172374.210,348.770
-443835.330,-1172423.680,360.800
-443835.360,-1172413.430,357.000
-443835.610,-1172413.220,357.080
-443834.920,-1172413.430,357.230
-443834.910,-1172412.930,357.140
-443834.950,-1172412.890,357.950
-443835.210,-1172412.680,358.030
-443834.850,-1172412.480,357.260
-443834.540,-1172395.120,369.310
-443834.280,-1172391.970,357.910
-443834.230,-1172391.250,369.300
-443833.880,-1172379.610,369.280
-443833.850,-1172379.090,369.170
-443834.130,-1172378.870,371.170
