-443746.210,-1172422.990,347.580
-443746.330,-1172422.690,347.510
-443746.580,-1172423.000,347.570
-443749.930,-1172422.900,347.560
-443764.100,-1172396.260,349.250
-443764.690,-1172396.310,349.280
-443846.380,-1172431.950,374.460
-443829.630,-1172418.280,365.400
-443741.610,-1172292.800,360.370
-443838.030,-1172308.180,357.100
-443805.700,-1172434.090,347.020
-443737.010,-1172423.310,353.940
-443736.940,-1172423.470,354.380
-443735.850,-1172423.820,354.540
-443738.050,-1172423.230,353.940
-443738.630,-1172423.620,354.530
-443738.600,-1172423.020,353.960
-443738.270,-1172423.820,354.530
-443739.160,-1172423.760,350.950
-443741.870,-1172423.160,354.030
-443741.680,-1172423.620,354.640
-443741.360,-1172423.290,351.510
-443742.570,-1172423.360,354.480
-443743.130,-1172423.160,350.880
-443743.160,-1172423.130,354.330
-443744.060,-1172423.040,353.980
-443743.520,-1172423.150,354.390
-443744.970,-1172423.280,350.880
-443745.130,-1172422.930,354.050
-443744.340,-1172423.240,350.870
-443744.450,-1172422.990,353.910
-443744.400,-1172423.110,354.410
-443746.880,-1172422.920,354.000
-443748.010,-1172422.770,353.820
-443747.860,-1172423.160,354.490
-443747.230,-1172423.220,354.490
-443747.100,-1172423.540,354.550
-443748.340,-1172423.090,354.470
-443750.090,-1172422.670,353.830
-443749.520,-1172422.830,353.980
-443750.940,-1172422.690,350.790
-443750.810,-1172423.010,350.900
-443750.210,-1172423.140,350.960
-443751.370,-1172422.700,353.860
-443751.210,-1172423.100,354.520
-443751.750,-1172422.910,350.840
-443752.810,-1172422.640,353.990
-443753.840,-1172422.460,353.720
-443753.080,-1172423.100,350.950
-443753.310,-1172422.560,353.860
-443754.190,-1172422.550,353.920
-443754.760,-1172422.500,353.860
-443754.710,-1172422.620,354.350
-443756.050,-1172423.060,350.920
-443756.320,-1172422.420,353.980
-443757.370,-1172422.660,354.420
-443756.690,-1172423.000,347.830
-443756.720,-1172422.980,354.550
-443759.870,-1172422.250,348.800
-443762.670,-1172422.080,348.780
-443764.780,-1172422.040,353.850
-443765.290,-1172422.030,353.730
-443766.000,-1172422.570,354.490
-443766.180,-1172422.040,347.470
-443767.200,-1172422.190,347.570
-443768.910,-1172421.910,350.850
-443768.770,-1172422.250,350.970
-443768.770,-1172422.270,351.710
-443768.650,-1172422.550,351.070
-443769.270,-1172422.270,351.640
-443769.220,-1172422.430,354.550
-443769.290,-1172422.220,350.960
-443829.380,-1172382.040,348.410
-443829.280,-1172382.310,348.590
-443829.840,-1172382.220,348.540
-443841.430,-1172370.800,352.210
-443733.490,-1172397.870,347.650
-443733.460,-1172397.940,347.480
-443737.010,-1172398.190,347.870
-443741.030,-1172397.590,347.440
-443741.460,-1172397.740,347.830
-443741.640,-1172398.020,347.900
-443745.530,-1172397.360,347.460
-443752.090,-1172397.150,346.730
-443758.690,-1172396.640,349.220
-443764.470,-1172396.330,349.220
-443836.750,-1172302.430,352.620
-443835.610,-1172302.640,351.810
-443834.420,-1172303.110,351.520
-443817.340,-1172304.710,349.400
-443816.930,-1172304.690,349.250
-443791.200,-1172308.070,354.700
-443791.350,-1172307.660,351.100
-443791.230,-1172307.960,351.230
-443742.060,-1172313.010,352.190
-443747.680,-1172335.120,352.180
-443830.690,-1172418.320,359.700
-443830.580,-1172418.620,359.900
-443847.460,-1172370.430,373.640
-443839.650,-1172378.680,374.520
-443837.950,-1172370.550,373.820
-443828.890,-1172382.400,368.270
-443769.280,-1172422.320,358.150
-443735.910,-1172423.710,358.100
-443836.510,-1172330.330,369.850
-443718.680,-1172316.040,355.520
-443713.510,-1172316.410,358.130
-443803.700,-1172434.050,347.500
-443736.050,-1172423.180,353.560
-443736.520,-1172423.260,353.820
-443736.640,-1172423.150,353.430
-443737.060,-1172423.340,354.080
-443737.940,-1172423.230,353.980
-443738.490,-1172423.600,354.470
-443738.910,-1172423.220,354.030
-443738.810,-1172423.660,350.960
-443739.840,-1172423.210,354.130
-443739.280,-1172423.710,350.950
-443741.080,-1172423.160,354.100
-443740.810,-1172423.410,350.870
-443740.390,-1172423.210,354.380
-443741.490,-1172423.090,353.950
-443741.460,-1172423.120,350.640
-443741.920,-1172423.080,354.190
-443742.420,-1172423.560,354.540
-443742.680,-1172423.330,354.450
-443742.580,-1172423.420,350.920
-443742.990,-1172423.050,351.230
-443743.280,-1172423.160,354.460
-443744.080,-1172422.950,353.890
-443744.880,-1172423.260,350.890
-443744.300,-1172423.240,354.470
-443744.680,-1172422.900,353.860
-443744.450,-1172423.110,350.830
-443746.620,-1172422.870,353.890
-443746.370,-1172423.090,347.590
-443747.200,-1172422.810,353.850
-443747.190,-1172423.230,354.520
-443747.580,-1172422.870,354.020
-443747.750,-1172423.180,354.510
-443747.990,-1172422.950,354.430
-443747.880,-1172423.050,350.840
-443749.720,-1172422.790,350.800
-443749.400,-1172422.730,347.280
-443750.260,-1172422.680,353.830
-443750.340,-1172423.080,354.500
-443751.720,-1172422.660,353.980
-443751.450,-1172422.900,350.860
-443752.670,-1172422.710,354.390
-443752.790,-1172422.610,353.940
-443752.890,-1172423.040,354.530
-443754.450,-1172422.810,350.890
-443754.250,-1172422.560,354.280
-443753.700,-1172423.040,351.110
-443755.320,-1172422.520,354.080
-443754.300,-1172422.940,354.510
-443754.720,-1172422.560,354.120
-443754.860,-1172422.430,353.730
-443756.820,-1172422.400,354.030
-443756.760,-1172422.460,350.640
-443756.340,-1172422.370,353.860
-443756.150,-1172422.540,350.840
-443756.170,-1172422.990,354.610
-443756.430,-1172422.750,354.510
-443757.170,-1172422.620,354.420
-443757.380,-1172422.430,354.240
-443756.820,-1172422.930,351.030
-443757.300,-1172422.860,351.010
-443760.100,-1172422.280,348.840
-443764.560,-1172422.050,354.060
-443765.130,-1172421.950,353.800
-443766.120,-1172421.990,353.930
-443765.660,-1172422.400,347.680
-443766.580,-1172422.020,350.720
-443768.670,-1172421.840,353.730
-443769.000,-1172421.880,350.810
-443768.950,-1172422.280,351.030
-443841.370,-1172370.650,352.140
-443841.780,-1172370.690,352.180
-443733.150,-1172397.880,347.000
-443741.510,-1172397.630,347.670
-443744.120,-1172397.910,347.890
-443765.180,-1172396.290,349.190
-443817.240,-1172304.690,349.420
-443795.120,-1172307.320,351.190
-443791.100,-1172307.880,351.200
-443791.340,-1172307.670,351.080
-443746.920,-1172312.530,352.270
-443837.740,-1172417.900,374.660
-443846.360,-1172370.250,373.710
-443844.660,-1172370.280,363.140
-443828.880,-1172382.270,368.330
-443842.240,-1172370.280,373.610
-443840.430,-1172370.460,373.710
-443838.500,-1172370.500,373.760
-443831.850,-1172337.870,370.820
-443831.520,-1172337.830,371.100
-443833.130,-1172330.270,370.180
-443828.820,-1172330.430,370.020
-443841.420,-1172399.880,374.810
