-443803.010,-1172306.220,353.530
-443750.650,-1172334.670,352.070
-443706.700,-1172292.040,354.270
-443738.160,-1172438.040,361.470
-443739.050,-1172437.790,361.440
-443830.250,-1172418.070,359.780
-443727.930,-1172294.750,356.520
-443728.820,-1172295.250,357.140
-443736.820,-1172313.590,358.090
-443807.670,-1172311.360,355.770
-443811.540,-1172307.740,357.610
-443703.320,-1172295.110,357.770
-443706.640,-1172294.740,356.470
-443706.770,-1172294.420,356.090
-443705.800,-1172295.890,357.780
-443706.320,-1172296.550,358.140
-443705.610,-1172318.070,358.610
-443705.650,-1172317.010,357.740
-443705.930,-1172320.710,360.840
-443705.720,-1172320.320,360.530
-443705.710,-1172322.030,362.020
-443715.600,-1172315.600,357.430
-443715.780,-1172315.770,357.720
-443715.140,-1172318.380,359.780
-443798.670,-1172410.040,352.710
-443815.880,-1172307.300,355.400
-443729.680,-1172293.460,355.370
-443750.610,-1172334.690,352.120
-443708.760,-1172293.120,355.130
-443706.660,-1172292.000,354.340
-443831.020,-1172366.960,371.020
-443750.100,-1172437.350,361.590
-443834.880,-1172366.830,371.050
-443768.320,-1172436.560,361.600
-443843.760,-1172384.920,374.680
-443726.270,-1172294.920,356.520
-443727.920,-1172294.920,356.740
-443729.080,-1172295.140,357.160
-443728.820,-1172295.360,357.380
-443736.740,-1172290.440,358.670
-443731.490,-1172315.120,359.030
-443813.930,-1172306.240,356.800
-443698.980,-1172293.420,357.700
-443702.720,-1172295.280,358.440
-443706.570,-1172294.940,356.800
-443708.910,-1172294.340,356.440
-443706.210,-1172296.580,358.410
-443706.700,-1172295.710,357.570
-443705.150,-1172317.340,358.200
-443715.510,-1172315.430,357.330
-443715.270,-1172315.630,357.580
-443711.240,-1172320.880,361.570
-443737.930,-1172423.490,350.870
-443737.800,-1172423.820,350.970
-443737.990,-1172423.390,354.360
-443752.670,-1172422.930,347.590
-443764.730,-1172422.160,354.350
-443785.850,-1172308.160,351.110
-443728.960,-1172293.750,355.380
-443756.670,-1172328.900,353.550
-443844.540,-1172399.700,374.480
-443830.820,-1172366.920,370.840
-443830.750,-1172342.820,370.770
-443750.210,-1172437.540,361.640
-443739.060,-1172437.810,361.440
-443815.900,-1172307.350,355.350
-443813.900,-1172306.210,356.660
-443811.360,-1172307.790,357.670
-443764.890,-1172311.350,358.940
-443739.050,-1172313.400,358.370
-443736.750,-1172313.490,358.230
-443729.860,-1172294.920,356.920
-443721.680,-1172315.610,355.640
-443727.850,-1172294.730,356.390
-443726.770,-1172295.470,357.030
-443716.000,-1172317.340,358.860
-443715.790,-1172317.870,359.290
-443715.340,-1172317.080,358.690
-443711.610,-1172320.570,361.220
-443711.380,-1172316.900,357.720
-443708.590,-1172321.630,361.790
-443706.890,-1172321.180,361.310
-443705.940,-1172320.750,360.900
-443706.020,-1172321.580,361.720
-443705.560,-1172317.460,358.180
-443705.650,-1172319.290,359.790
-443717.230,-1172291.600,356.100
-443705.930,-1172319.350,359.650
-443709.020,-1172295.750,357.750
-443707.160,-1172293.780,355.490
-443706.880,-1172294.480,356.290
-443706.280,-1172296.620,358.300
-443703.280,-1172295.030,357.790
-443703.200,-1172295.230,358.170
-443698.370,-1172291.410,358.300
-443738.880,-1172423.240,350.750
-443765.470,-1172422.050,350.840
-443772.580,-1172425.470,354.010
-443773.270,-1172425.180,353.990
-443733.850,-1172398.280,347.860
-443832.600,-1172303.070,354.960
-443832.590,-1172302.540,354.580
-443786.040,-1172308.530,351.310
-443728.610,-1172293.810,355.520
-443721.590,-1172315.400,355.350
-443742.600,-1172313.140,352.320
-443851.180,-1172424.580,357.160
-443840.200,-1172415.460,374.470
-443844.100,-1172392.390,374.360
-443764.640,-1172436.830,361.730
-443838.360,-1172366.660,370.880
-443829.650,-1172366.910,370.760
-443747.890,-1172437.490,361.490
-443736.250,-1172438.070,361.550
-443735.150,-1172438.070,361.430
-443815.670,-1172305.670,356.420
-443811.080,-1172308.370,358.270
-443813.960,-1172306.230,356.690
-443780.030,-1172308.630,357.510
-443779.670,-1172308.440,357.250
-443764.850,-1172310.650,358.490
-443736.620,-1172313.430,358.250
-443722.370,-1172317.170,356.720
-443721.890,-1172315.690,355.640
-443737.250,-1172291.260,359.280
-443728.830,-1172295.260,357.200
-443733.690,-1172291.180,358.970
-443726.820,-1172294.590,356.140
-443723.540,-1172296.020,357.350
-443715.120,-1172318.320,359.710
-443715.410,-1172317.120,358.700
-443706.190,-1172321.550,361.610
-443705.710,-1172320.350,360.650
-443705.380,-1172319.020,359.550
-443705.470,-1172319.530,359.990
-443705.690,-1172319.320,359.730
-443709.120,-1172295.990,358.060
-443709.060,-1172295.630,357.670
-443709.190,-1172294.420,356.310
-443706.270,-1172296.630,358.380
-443707.780,-1172295.230,357.070
-443708.020,-1172295.010,356.940
-443706.350,-1172296.050,357.960
-443706.720,-1172295.700,357.430
-443706.640,-1172294.700,356.490
-443706.850,-1172294.500,356.240
-443707.050,-1172294.310,356.030
-443699.070,-1172293.550,357.760
-443698.720,-1172290.840,357.960
-443802.880,-1172306.150,353.400
-443767.410,-1172436.750,361.770
-443740.940,-1172437.850,361.520
-443814.090,-1172306.290,356.720
-443810.950,-1172307.860,357.710
-443743.850,-1172317.700,361.520
-443737.490,-1172313.180,358.310
-443736.570,-1172313.460,358.380
-443735.690,-1172313.370,358.430
-443736.760,-1172290.430,358.630
-443725.120,-1172315.390,355.780
-443727.430,-1172294.870,357.000
-443724.680,-1172295.620,356.860
-443709.010,-1172321.130,361.520
-443706.200,-1172321.580,361.780
-443706.170,-1172321.040,361.260
-443706.000,-1172321.500,361.590
-443705.640,-1172317.010,357.810
-443832.620,-1172302.560,354.650
-443748.380,-1172334.870,352.420
-443844.700,-1172399.720,374.750
-443760.970,-1172436.970,361.750
-443737.930,-1172438.120,361.700
-443814.010,-1172306.210,356.730
-443811.040,-1172305.610,356.010
-443767.090,-1172294.080,359.030
-443724.810,-1172318.750,358.110
-443715.600,-1172315.410,357.440
-443705.850,-1172319.330,359.820
-443706.180,-1172320.280,360.600
-443705.820,-1172317.020,357.900
-443706.220,-1172296.680,358.450
-443706.280,-1172296.100,357.930
-443706.820,-1172294.440,356.240
-443701.460,-1172294.450,357.860
