-443772.680,-1172425.170,353.770
-443837.600,-1172303.790,353.210
-443819.840,-1172304.720,353.700
-443804.780,-1172306.920,354.380
-443801.640,-1172306.890,353.930
-443717.720,-1172329.100,353.040
-443746.680,-1172437.510,361.490
-443747.450,-1172437.510,361.460
-443750.100,-1172437.360,361.470
-443839.310,-1172378.490,374.260
-443833.800,-1172366.870,370.980
-443833.030,-1172366.920,370.960
-443831.180,-1172366.990,371.030
-443721.150,-1172292.500,357.110
-443723.410,-1172296.210,357.490
-443724.290,-1172295.690,357.040
-443726.920,-1172294.520,356.000
-443727.810,-1172295.050,356.880
-443722.430,-1172317.350,356.790
-443733.800,-1172290.960,358.760
-443734.860,-1172291.450,359.180
-443734.980,-1172291.140,358.870
-443723.810,-1172319.610,358.520
-443724.870,-1172318.850,358.100
-443726.550,-1172316.080,356.210
-443726.380,-1172317.350,357.120
-443726.620,-1172316.740,356.640
-443737.050,-1172290.770,358.780
-443739.110,-1172290.940,359.230
-443733.710,-1172313.790,358.110
-443735.330,-1172313.930,358.140
-443764.820,-1172310.710,358.600
-443785.460,-1172310.600,359.170
-443798.060,-1172309.570,359.200
-443805.930,-1172307.560,357.110
-443806.060,-1172307.230,356.820
-443808.040,-1172311.700,355.780
-443811.040,-1172305.810,356.080
-443810.830,-1172307.170,357.320
-443811.030,-1172308.230,358.170
-443811.150,-1172307.920,357.840
-443811.280,-1172307.620,357.480
-443810.950,-1172307.740,357.690
-443813.990,-1172306.320,356.750
-443815.570,-1172306.320,356.980
-443815.690,-1172306.030,356.700
-443818.940,-1172308.730,356.670
-443820.160,-1172307.610,355.900
-443820.360,-1172307.830,356.160
-443828.280,-1172308.400,355.710
-443827.920,-1172308.380,355.820
-443832.950,-1172305.210,356.530
-443832.700,-1172305.060,356.470
-443697.080,-1172291.680,358.760
-443697.200,-1172291.390,358.610
-443698.030,-1172290.650,357.780
-443698.140,-1172290.380,357.670
-443697.760,-1172291.980,358.890
-443698.130,-1172291.070,358.060
-443698.370,-1172290.500,357.590
-443701.360,-1172293.700,357.030
-443701.880,-1172293.870,357.120
-443703.560,-1172294.510,357.140
-443706.030,-1172296.220,358.010
-443706.890,-1172294.110,355.860
-443697.690,-1172315.860,360.540
-443710.780,-1172292.400,356.280
-443705.890,-1172316.420,357.360
-443705.530,-1172318.970,359.420
-443705.780,-1172318.370,358.880
-443705.250,-1172318.930,359.480
-443705.700,-1172321.260,361.420
-443706.170,-1172320.110,360.380
-443705.710,-1172319.580,359.860
-443706.180,-1172320.870,361.040
-443705.570,-1172321.570,361.640
-443706.740,-1172321.700,361.760
-443706.860,-1172321.410,361.510
-443707.610,-1172321.140,361.280
-443708.800,-1172321.070,361.390
-443713.180,-1172320.570,361.400
-443713.300,-1172320.280,361.190
-443715.230,-1172316.490,358.210
-443715.710,-1172315.320,357.170
-443715.540,-1172316.360,358.090
-443715.370,-1172317.810,359.240
-443805.840,-1172433.770,350.360
-443753.800,-1172396.400,347.030
-443841.800,-1172303.790,353.590
-443839.960,-1172303.980,353.570
-443837.700,-1172305.900,354.860
-443840.050,-1172303.380,353.180
-443837.420,-1172303.690,353.240
-443837.440,-1172304.160,353.520
-443825.920,-1172304.620,352.750
-443824.110,-1172305.340,353.320
-443819.890,-1172304.830,353.850
-443819.690,-1172304.550,353.620
-443805.000,-1172307.600,354.800
-443805.000,-1172307.040,354.440
-443746.170,-1172338.440,353.180
-443718.270,-1172329.120,353.020
-443735.960,-1172438.130,361.820
-443759.640,-1172436.920,361.520
-443842.920,-1172415.460,374.270
-443720.990,-1172292.240,356.940
-443723.100,-1172296.160,357.580
-443728.020,-1172293.930,355.690
-443726.750,-1172294.520,356.150
-443733.390,-1172291.240,359.020
-443738.950,-1172291.030,359.400
-443739.840,-1172290.740,359.220
-443722.660,-1172317.730,357.170
-443726.510,-1172315.850,356.150
-443726.440,-1172316.730,356.750
-443723.030,-1172319.580,358.590
-443726.270,-1172317.170,357.070
-443723.570,-1172320.050,359.000
-443731.400,-1172317.870,360.840
-443736.750,-1172313.650,358.420
-443764.820,-1172311.720,359.230
-443769.180,-1172309.910,358.370
-443788.780,-1172307.860,357.840
-443789.110,-1172310.130,359.180
-443789.620,-1172311.710,360.140
-443798.160,-1172309.460,359.280
-443805.660,-1172307.040,356.740
-443805.920,-1172308.350,357.720
-443811.070,-1172306.400,356.690
-443810.800,-1172306.630,356.960
-443811.240,-1172307.230,357.330
-443810.990,-1172307.440,357.480
-443811.430,-1172308.360,358.250
-443811.000,-1172308.330,358.260
-443820.270,-1172307.690,356.010
-443831.040,-1172305.250,356.460
-443829.320,-1172306.280,357.060
-443832.880,-1172305.230,356.560
-443832.900,-1172304.790,356.240
-443837.800,-1172307.190,355.800
-443837.880,-1172307.540,356.070
-443697.810,-1172290.550,357.820
-443698.090,-1172290.940,358.070
-443697.600,-1172291.340,358.560
-443697.370,-1172291.540,358.720
-443697.130,-1172291.740,358.920
-443697.620,-1172291.710,358.780
-443702.500,-1172294.160,357.280
-443703.210,-1172294.870,357.750
-443703.700,-1172295.700,358.270
-443706.730,-1172295.250,357.070
-443705.770,-1172296.050,358.000
-443706.690,-1172296.180,358.010
-443697.490,-1172315.850,360.710
-443705.990,-1172317.690,358.410
-443705.750,-1172317.890,358.570
-443705.680,-1172319.230,359.720
-443705.440,-1172319.430,359.990
-443705.780,-1172318.700,359.230
-443705.540,-1172318.900,359.470
-443705.640,-1172318.410,359.000
-443706.220,-1172319.780,360.230
-443706.200,-1172320.810,361.060
-443707.470,-1172321.280,361.570
-443715.710,-1172316.310,358.180
-443715.470,-1172316.510,358.270
-443715.280,-1172316.220,358.040
-443715.360,-1172317.440,359.060
-443715.330,-1172318.480,359.880
-443715.330,-1172318.040,359.550
-443755.780,-1172422.380,347.440
-443745.730,-1172397.620,347.850
-443753.990,-1172396.660,347.160
-443837.550,-1172304.060,353.380
-443832.850,-1172303.570,355.300
-443826.530,-1172305.010,353.210
-443815.610,-1172305.720,354.090
-443804.860,-1172306.710,354.150
-443751.070,-1172334.810,352.090
-443717.710,-1172329.080,352.910
-443715.480,-1172290.510,355.390
-443706.440,-1172292.240,354.510
-443830.610,-1172418.620,368.370
-443833.210,-1172366.900,370.860
-443831.370,-1172367.040,370.940
-443736.300,-1172438.030,361.460
-443840.870,-1172307.020,355.720
-443832.860,-1172304.650,356.160
-443832.890,-1172305.650,356.940
-443834.590,-1172304.070,355.840
-443832.750,-1172303.830,355.540
-443832.650,-1172304.080,355.760
-443828.280,-1172308.340,355.690
-443820.100,-1172307.560,355.840
-443820.430,-1172307.910,356.020
-443815.900,-1172306.210,356.770
-443815.790,-1172306.490,357.010
-443815.950,-1172307.240,357.570
-443815.690,-1172307.870,355.770
-443813.980,-1172308.390,358.360
-443811.220,-1172306.960,357.080
-443810.910,-1172307.730,357.720
-443811.270,-1172308.030,357.890
-443810.960,-1172308.790,358.600
-443811.110,-1172305.780,356.120
-443810.810,-1172306.530,356.840
-443789.660,-1172311.880,360.150
-443789.290,-1172309.550,358.680
-443789.540,-1172310.110,359.090
-443788.800,-1172307.860,357.650
-443775.290,-1172309.900,358.710
-443768.800,-1172314.940,361.330
-443765.200,-1172312.530,359.690
-443735.030,-1172317.680,360.820
-443735.900,-1172313.520,358.180
-443730.480,-1172316.050,359.440
-443739.090,-1172291.040,359.260
-443726.520,-1172317.300,357.090
-443726.950,-1172317.510,357.230
-443726.830,-1172315.900,355.960
-443726.720,-1172316.170,356.240
-443726.610,-1172316.430,356.460
-443726.520,-1172316.670,356.650
-443726.490,-1172315.560,355.760
-443726.210,-1172315.480,355.700
-443735.490,-1172291.790,359.500
-443734.700,-1172291.250,359.080
-443723.330,-1172318.890,357.980
-443723.230,-1172319.140,358.140
-443734.090,-1172290.470,358.380
-443733.860,-1172291.030,358.750
-443723.460,-1172296.180,357.380
-443723.120,-1172296.240,357.490
-443715.800,-1172316.490,358.110
-443715.290,-1172317.760,359.180
-443714.990,-1172318.510,359.920
-443715.260,-1172319.180,360.410
-443715.530,-1172315.550,357.390
-443715.210,-1172316.340,358.040
-443707.100,-1172325.920,360.640
-443706.030,-1172322.150,362.120
-443706.780,-1172321.460,361.510
-443706.130,-1172319.860,360.140
-443706.140,-1172320.240,360.430
-443706.310,-1172320.860,360.990
-443706.100,-1172321.370,361.440
-443705.900,-1172321.860,361.940
-443705.750,-1172319.030,359.510
-443705.830,-1172319.600,359.920
-443706.570,-1172295.250,357.010
-443705.980,-1172296.730,358.500
-443705.320,-1172295.030,357.270
-443702.770,-1172295.430,358.310
-443700.080,-1172293.240,357.090
-443699.950,-1172294.670,358.470
-443698.980,-1172293.350,357.560
-443698.270,-1172290.630,357.780
-443697.190,-1172291.370,358.580
-443697.060,-1172291.680,358.760
-443737.440,-1172423.330,347.480
-443737.200,-1172423.210,347.130
-443738.250,-1172423.330,350.810
-443745.710,-1172397.710,347.860
-443841.890,-1172304.030,353.690
-443842.070,-1172303.860,353.420
-443837.740,-1172306.010,354.890
-443837.610,-1172305.710,354.660
-443840.150,-1172303.400,353.130
-443837.370,-1172305.190,354.350
-443837.520,-1172304.100,353.440
-443837.320,-1172304.280,353.610
-443837.390,-1172303.760,353.220
-443838.060,-1172303.150,352.770
-443832.790,-1172303.430,355.180
-443827.360,-1172307.300,354.930
-443824.840,-1172307.070,354.560
-443802.120,-1172327.290,350.030
-443819.990,-1172306.460,355.030
-443819.810,-1172304.800,353.750
-443815.690,-1172307.240,355.270
-443815.580,-1172305.740,354.170
-443807.590,-1172305.730,352.810
-443804.840,-1172306.820,354.150
-443801.410,-1172307.880,354.670
-443803.030,-1172306.400,353.670
-443750.790,-1172334.780,352.140
-443750.210,-1172334.720,352.090
-443748.350,-1172335.110,352.540
-443728.840,-1172293.600,355.330
-443706.780,-1172292.010,354.270
-443835.090,-1172366.760,370.840
-443748.240,-1172437.580,361.780
-443746.720,-1172437.550,361.550
-443837.560,-1172307.160,355.740
-443837.870,-1172307.300,355.820
-443832.810,-1172305.160,356.490
-443833.000,-1172304.980,356.320
-443820.360,-1172307.840,356.090
-443820.420,-1172308.270,356.420
-443815.810,-1172306.400,356.960
-443815.130,-1172307.750,357.970
-443815.800,-1172307.140,357.540
-443815.760,-1172306.040,356.640
-443811.250,-1172308.690,358.440
-443811.460,-1172308.510,358.310
-443810.820,-1172306.910,357.230
-443811.240,-1172306.530,356.740
-443811.220,-1172307.640,357.590
-443806.220,-1172307.250,356.860
-443775.400,-1172309.930,358.760
-443775.160,-1172309.880,358.690
-443775.300,-1172309.750,358.330
-443775.120,-1172309.340,358.370
-443769.200,-1172309.990,358.320
-443764.780,-1172311.250,358.930
-443764.790,-1172311.640,359.220
-443740.440,-1172318.840,362.030
-443736.420,-1172318.050,361.200
-443735.950,-1172313.440,358.210
-443734.340,-1172313.640,358.190
-443724.940,-1172318.990,358.200
-443726.780,-1172317.310,357.030
-443726.570,-1172317.070,356.920
-443726.390,-1172316.770,356.750
-443726.590,-1172316.580,356.560
-443722.970,-1172319.580,358.500
-443726.510,-1172315.880,356.040
-443722.520,-1172317.510,356.960
-443739.280,-1172290.610,358.920
-443734.010,-1172290.480,358.410
-443728.050,-1172293.930,355.620
-443724.720,-1172295.410,356.800
-443721.190,-1172292.290,356.910
-443713.260,-1172320.530,361.330
-443715.180,-1172319.180,360.440
-443711.380,-1172321.200,361.720
-443715.180,-1172315.900,357.750
-443715.640,-1172315.470,357.430
-443715.350,-1172316.290,358.020
-443705.740,-1172321.520,361.670
-443705.980,-1172321.750,361.760
-443705.690,-1172321.210,361.430
-443705.880,-1172321.040,361.190
-443706.090,-1172320.840,361.010
-443705.600,-1172318.030,358.590
-443705.710,-1172318.360,358.860
-443705.890,-1172319.140,359.530
-443706.360,-1172316.950,357.510
-443717.010,-1172291.360,356.050
-443706.610,-1172295.250,357.030
-443705.360,-1172295.060,357.180
-443702.590,-1172295.380,358.300
-443703.170,-1172294.840,357.590
-443699.340,-1172294.530,358.530
-443699.040,-1172293.380,357.550
-443697.630,-1172291.860,358.850
-443697.850,-1172291.650,358.680
-443698.260,-1172291.270,358.260
-443697.100,-1172291.730,358.870
-443697.320,-1172291.540,358.670
-443696.860,-1172291.350,358.640
-443824.900,-1172306.910,354.700
-443824.570,-1172307.810,355.250
-443817.360,-1172306.640,354.980
-443750.950,-1172334.770,352.380
-443717.580,-1172290.640,355.670
-443837.300,-1172366.710,371.170
-443834.740,-1172366.830,371.090
-443745.930,-1172437.620,361.370
-443738.450,-1172438.090,361.810
-443832.830,-1172305.070,356.700
-443832.870,-1172304.970,356.450
-443820.230,-1172307.560,355.960
-443816.720,-1172307.520,355.580
-443814.620,-1172304.860,355.790
-443811.350,-1172308.770,358.510
-443811.470,-1172307.760,357.890
-443765.020,-1172311.690,359.180
-443735.920,-1172313.620,358.330
-443739.040,-1172290.930,359.140
-443737.390,-1172291.360,359.460
-443726.420,-1172317.220,356.880
-443734.830,-1172291.190,359.180
-443724.400,-1172316.060,356.220
-443724.430,-1172315.970,355.940
-443715.240,-1172316.190,358.020
-443715.720,-1172316.220,358.000
-443713.360,-1172320.310,361.210
-443716.620,-1172294.680,358.060
-443706.060,-1172321.950,361.930
-443705.960,-1172321.630,361.980
-443838.350,-1172410.960,352.290
-443840.060,-1172303.190,352.950
-443832.860,-1172303.600,355.370
-443825.940,-1172304.520,352.860
-443824.120,-1172305.350,353.310
-443824.080,-1172304.780,352.930
-443819.090,-1172305.650,354.350
-443804.880,-1172307.180,354.470
-443757.040,-1172328.480,353.330
-443759.440,-1172437.180,361.760
-443837.370,-1172366.580,370.790
-443832.990,-1172366.940,371.020
-443832.860,-1172304.670,356.170
-443815.040,-1172307.630,357.910
-443815.630,-1172306.090,356.860
-443811.500,-1172307.760,357.790
-443809.300,-1172307.490,357.330
-443811.070,-1172306.420,356.630
-443805.950,-1172307.690,357.110
-443796.680,-1172312.240,360.900
-443789.630,-1172311.780,360.170
-443789.350,-1172309.950,359.010
-443788.940,-1172309.600,358.880
-443775.220,-1172309.650,358.640
-443764.800,-1172311.610,359.160
-443740.500,-1172313.070,358.400
-443725.680,-1172319.060,358.410
-443726.500,-1172317.310,357.220
-443723.860,-1172319.560,358.620
-443726.570,-1172316.650,356.750
-443723.140,-1172318.950,358.140
-443726.400,-1172315.590,355.880
-443720.910,-1172320.280,358.830
-443722.460,-1172317.650,357.140
-443724.410,-1172315.990,356.090
-443738.870,-1172292.210,360.390
-443739.270,-1172290.620,359.070
-443714.160,-1172321.240,362.020
-443713.400,-1172320.030,361.020
-443715.400,-1172318.310,359.800
-443711.300,-1172321.380,361.960
-443707.990,-1172321.920,362.070
-443715.270,-1172315.680,357.600
-443715.280,-1172316.230,358.070
-443706.770,-1172321.560,361.720
-443705.720,-1172321.320,361.360
-443706.040,-1172321.050,361.170
-443705.770,-1172321.790,361.790
-443705.550,-1172319.590,359.970
-443705.580,-1172317.800,358.450
-443705.490,-1172319.150,359.470
-443697.600,-1172315.710,360.670
-443718.200,-1172291.980,356.550
-443717.000,-1172291.390,356.100
-443712.110,-1172292.840,356.680
-443703.730,-1172295.850,358.410
-443697.360,-1172291.640,358.820
-443698.070,-1172291.020,358.130
-443696.970,-1172291.260,358.560
