-443799.010,-1172410.070,352.680
-443734.100,-1172422.960,353.780
-443841.770,-1172303.970,353.540
-443839.920,-1172306.680,355.380
-443840.050,-1172306.340,355.180
-443841.260,-1172303.290,353.050
-443839.490,-1172305.040,354.190
-443840.120,-1172303.460,353.120
-443838.400,-1172305.910,354.820
-443838.520,-1172305.600,354.620
-443840.000,-1172301.870,352.070
-443837.980,-1172306.050,354.920
-443833.680,-1172303.360,355.200
-443832.910,-1172303.620,355.390
-443825.350,-1172307.270,354.880
-443825.630,-1172304.460,352.790
-443823.720,-1172304.500,352.640
-443819.450,-1172304.550,353.570
-443817.540,-1172306.580,354.830
-443817.640,-1172305.310,353.990
-443816.340,-1172306.730,354.990
-443815.580,-1172305.060,353.610
-443805.010,-1172308.160,355.240
-443804.180,-1172308.430,355.430
-443801.730,-1172307.640,354.390
-443728.700,-1172293.720,355.280
-443719.250,-1172328.900,352.690
-443715.480,-1172290.500,355.310
-443838.350,-1172366.740,371.020
-443719.290,-1172291.640,356.430
-443723.010,-1172317.800,357.250
-443723.690,-1172317.800,357.270
-443724.420,-1172316.010,356.060
-443722.900,-1172320.170,358.950
-443723.020,-1172319.860,358.680
-443724.090,-1172317.210,356.850
-443724.560,-1172316.050,355.950
-443734.410,-1172291.530,359.170
-443734.650,-1172290.930,358.810
-443724.170,-1172318.730,357.970
-443724.290,-1172318.440,357.700
-443725.770,-1172315.890,356.080
-443724.630,-1172319.440,358.530
-443725.480,-1172317.340,357.070
-443726.550,-1172317.980,357.650
-443730.520,-1172314.900,358.660
-443730.380,-1172314.530,358.550
-443730.480,-1172316.050,359.500
-443730.960,-1172314.870,358.790
-443730.960,-1172316.800,360.030
-443731.290,-1172316.830,360.030
-443731.420,-1172317.570,360.580
-443732.150,-1172316.400,359.840
-443734.900,-1172314.140,358.630
-443734.680,-1172316.750,360.270
-443735.520,-1172316.840,360.370
-443736.580,-1172314.200,358.720
-443735.270,-1172318.190,361.240
-443737.000,-1172316.610,360.320
-443736.950,-1172318.800,361.760
-443738.260,-1172315.560,359.750
-443739.100,-1172314.150,358.890
-443738.260,-1172317.430,361.010
-443740.450,-1172313.490,358.660
-443740.570,-1172313.190,358.480
-443740.720,-1172313.300,358.450
-443741.980,-1172312.960,358.360
-443741.560,-1172315.970,360.300
-443743.420,-1172312.290,358.100
-443742.280,-1172316.710,360.820
-443743.730,-1172313.120,358.550
-443740.810,-1172321.450,361.980
-443745.260,-1172314.480,359.640
-443746.920,-1172313.130,358.780
-443765.320,-1172313.770,360.510
-443766.760,-1172310.150,358.350
-443765.580,-1172315.210,361.410
-443766.890,-1172311.910,359.360
-443767.610,-1172310.110,358.340
-443768.220,-1172313.000,360.100
-443769.310,-1172309.440,358.020
-443766.400,-1172315.640,361.680
-443769.250,-1172312.420,359.880
-443769.950,-1172312.670,360.050
-443771.190,-1172311.380,359.350
-443771.250,-1172313.100,360.430
-443771.570,-1172314.380,361.260
-443772.480,-1172314.250,361.180
-443774.660,-1172311.840,359.950
-443778.430,-1172309.180,357.790
-443778.550,-1172308.880,357.490
-443782.720,-1172313.020,360.570
-443783.220,-1172311.760,359.770
-443785.580,-1172310.280,358.880
-443785.700,-1172310.000,358.760
-443786.110,-1172311.390,359.620
-443786.780,-1172310.570,359.210
-443786.900,-1172310.260,358.940
-443786.250,-1172313.000,360.680
-443789.540,-1172311.540,359.960
-443789.760,-1172312.870,360.720
-443790.110,-1172311.990,360.170
-443790.350,-1172310.460,359.360
-443793.730,-1172308.300,358.200
-443793.470,-1172310.920,359.870
-443795.490,-1172307.790,357.880
-443796.160,-1172307.930,358.120
-443796.420,-1172311.690,360.480
-443798.290,-1172310.520,359.830
-443803.320,-1172309.670,356.160
-443806.010,-1172306.480,356.180
-443811.800,-1172305.590,356.010
-443810.720,-1172307.460,357.600
-443811.430,-1172308.030,357.940
-443811.480,-1172308.930,358.570
-443813.850,-1172307.610,357.720
-443814.730,-1172308.450,358.510
-443816.420,-1172308.400,356.260
-443816.930,-1172308.140,355.980
-443818.700,-1172309.340,357.040
-443819.800,-1172308.500,356.540
-443828.180,-1172305.540,356.370
-443828.300,-1172305.220,356.160
-443827.940,-1172305.100,355.980
-443829.800,-1172306.490,357.080
-443830.110,-1172304.640,355.830
-443830.360,-1172304.020,355.410
-443831.060,-1172306.120,357.020
-443833.200,-1172304.580,356.070
-443833.320,-1172304.260,355.830
-443832.940,-1172304.450,356.010
-443836.410,-1172304.880,356.570
-443840.660,-1172306.790,355.480
-443711.300,-1172293.790,357.120
-443711.000,-1172293.640,357.080
-443710.670,-1172293.640,357.010
-443713.190,-1172292.020,356.040
-443712.700,-1172292.390,356.360
-443716.010,-1172293.060,356.960
-443705.370,-1172318.640,359.230
-443717.930,-1172294.040,357.710
-443705.340,-1172322.140,362.220
-443707.810,-1172321.680,361.820
-443711.870,-1172320.880,361.530
-443712.930,-1172321.190,361.790
-443713.420,-1172319.980,360.890
-443706.830,-1172337.320,360.960
-443840.160,-1172305.610,354.750
-443839.920,-1172305.820,354.920
-443840.020,-1172306.150,355.130
-443841.560,-1172303.990,353.720
-443838.530,-1172306.570,355.400
-443838.190,-1172305.480,354.540
-443841.710,-1172303.050,353.040
-443840.180,-1172304.340,353.810
-443839.200,-1172305.180,354.360
-443838.410,-1172305.850,354.830
-443837.910,-1172306.270,355.130
-443840.820,-1172302.740,352.770
-443838.470,-1172303.830,353.350
-443839.430,-1172301.980,352.170
-443832.850,-1172303.280,355.170
-443832.930,-1172302.780,354.840
-443824.680,-1172307.860,355.250
-443825.730,-1172306.570,354.340
-443825.400,-1172306.350,354.180
-443824.370,-1172306.860,354.440
-443827.420,-1172303.350,352.220
-443825.650,-1172304.340,352.770
-443823.890,-1172305.830,353.730
-443820.070,-1172305.100,354.070
-443819.580,-1172305.510,354.370
-443818.340,-1172306.570,355.070
-443819.850,-1172303.930,353.180
-443817.620,-1172305.280,354.110
-443816.000,-1172304.490,353.370
-443801.950,-1172306.860,354.000
-443801.470,-1172306.650,353.850
-443722.790,-1172315.370,355.530
-443757.180,-1172328.580,353.410
-443830.900,-1172353.780,370.800
-443837.850,-1172366.650,370.830
-443725.660,-1172294.940,356.490
-443734.300,-1172291.650,359.420
-443735.240,-1172291.690,359.550
-443737.820,-1172291.570,359.670
-443739.200,-1172290.820,359.220
-443722.050,-1172315.980,355.940
-443722.370,-1172316.110,356.010
-443724.640,-1172316.070,356.120
-443726.130,-1172315.330,355.740
-443723.990,-1172317.400,357.070
-443722.990,-1172318.240,357.600
-443724.040,-1172319.040,358.240
-443730.220,-1172314.490,358.540
-443723.840,-1172319.830,358.830
-443732.610,-1172315.020,359.050
-443734.330,-1172313.890,358.440
-443730.950,-1172317.330,360.430
-443731.800,-1172317.060,360.290
-443736.290,-1172313.770,358.480
-443733.280,-1172318.010,361.030
-443739.180,-1172314.050,358.900
-443740.770,-1172313.130,358.400
-443733.670,-1172319.080,361.610
-443735.280,-1172318.210,361.310
-443741.810,-1172312.970,358.420
-443741.330,-1172313.370,358.650
-443741.100,-1172313.570,358.720
-443742.920,-1172312.880,358.420
-443738.490,-1172317.080,360.800
-443738.960,-1172317.060,360.810
-443737.980,-1172317.880,361.270
-443737.270,-1172318.480,361.610
-443741.570,-1172316.020,360.390
-443742.490,-1172316.720,360.920
-443747.390,-1172312.600,358.560
-443743.650,-1172316.200,360.640
-443772.000,-1172293.450,358.910
-443746.000,-1172315.310,360.240
-443765.290,-1172312.240,359.560
-443765.050,-1172312.450,359.700
-443768.270,-1172310.090,358.400
-443769.420,-1172309.700,358.250
-443766.700,-1172312.000,359.480
-443771.070,-1172309.560,358.260
-443766.900,-1172313.080,360.180
-443772.480,-1172309.280,358.170
-443766.300,-1172314.500,361.070
-443765.590,-1172315.100,361.420
-443766.640,-1172314.670,361.190
-443768.330,-1172313.560,360.580
-443774.880,-1172308.980,358.120
-443770.750,-1172313.820,360.900
-443770.460,-1172314.560,361.350
-443771.150,-1172314.900,361.630
-443770.920,-1172315.100,361.770
-443781.460,-1172308.080,357.280
-443783.150,-1172308.100,357.410
-443782.910,-1172308.310,357.560
-443782.210,-1172309.910,358.490
-443786.200,-1172307.970,357.590
-443787.750,-1172307.750,357.590
-443786.550,-1172309.750,358.760
-443786.700,-1172310.250,359.020
-443784.250,-1172312.320,360.160
-443784.170,-1172313.350,360.890
-443785.300,-1172312.760,360.580
-443789.370,-1172309.910,358.930
-443786.280,-1172312.970,360.720
-443787.360,-1172312.730,360.700
-443792.790,-1172309.020,358.660
-443794.800,-1172308.720,358.590
-443795.060,-1172308.930,358.750
-443795.180,-1172309.690,359.250
-443795.240,-1172311.460,360.310
-443798.300,-1172310.520,359.940
-443807.260,-1172306.160,356.180
-443806.000,-1172307.230,356.940
-443803.110,-1172309.670,356.290
-443809.260,-1172305.930,356.170
-443806.830,-1172308.920,358.240
-443809.750,-1172308.490,358.150
-443808.760,-1172309.330,358.690
-443815.300,-1172307.790,358.100
-443815.280,-1172307.260,357.720
-443830.410,-1172304.920,356.160
-443828.190,-1172305.740,356.560
-443832.810,-1172303.750,355.530
-443833.120,-1172305.030,356.420
-443833.130,-1172304.600,356.110
-443836.830,-1172303.720,355.820
-443838.520,-1172307.430,356.010
-443711.660,-1172291.150,355.630
-443711.900,-1172291.390,355.800
-443710.810,-1172293.560,357.030
-443712.890,-1172294.890,357.990
-443717.150,-1172291.740,356.330
-443715.900,-1172292.790,356.900
-443705.440,-1172317.510,358.200
-443705.390,-1172318.610,359.250
-443713.120,-1172320.320,361.320
-443715.410,-1172319.280,360.590
-443720.780,-1172320.090,358.750
-443841.300,-1172303.460,353.180
-443839.490,-1172302.080,352.100
-443838.750,-1172304.010,353.410
-443837.650,-1172303.810,353.170
-443837.680,-1172302.610,352.330
-443837.560,-1172302.900,352.510
-443836.220,-1172302.290,354.550
-443833.160,-1172302.790,354.610
-443830.810,-1172303.350,354.930
-443827.280,-1172304.420,352.850
-443826.850,-1172304.190,352.630
-443825.660,-1172307.210,354.750
-443825.350,-1172308.000,355.260
-443825.630,-1172304.670,352.880
-443825.220,-1172305.720,353.610
-443824.740,-1172305.610,353.470
-443823.900,-1172307.730,355.020
-443823.700,-1172306.240,353.880
-443823.910,-1172304.370,352.540
-443819.540,-1172305.870,354.490
-443819.540,-1172304.480,353.460
-443819.120,-1172305.540,354.210
-443817.580,-1172305.590,354.110
-443817.040,-1172306.950,355.070
-443817.250,-1172304.990,353.660
-443800.680,-1172324.020,350.980
-443801.850,-1172306.700,353.760
-443805.120,-1172306.880,354.160
-443804.680,-1172307.970,354.890
-443729.280,-1172293.550,355.190
-443726.560,-1172314.640,355.130
-443726.450,-1172314.910,355.310
-443748.410,-1172335.140,352.460
-443833.810,-1172366.890,370.840
-443828.540,-1172366.910,370.790
-443746.700,-1172437.720,361.740
-443840.430,-1172306.950,355.600
-443832.760,-1172304.910,356.320
-443836.630,-1172304.140,355.950
-443831.000,-1172304.380,355.690
-443828.320,-1172305.650,356.390
-443829.180,-1172304.530,355.620
-443820.210,-1172308.470,356.490
-443818.480,-1172309.730,357.350
-443820.530,-1172307.660,355.860
-443817.930,-1172308.540,356.360
-443812.370,-1172308.870,358.550
-443811.740,-1172308.030,357.870
-443797.840,-1172308.800,358.780
-443795.150,-1172312.380,360.820
-443794.730,-1172308.550,358.370
-443793.650,-1172309.740,359.030
-443791.140,-1172308.250,357.940
-443791.400,-1172308.470,358.110
-443792.370,-1172307.650,357.660
-443789.650,-1172309.830,358.790
-443785.260,-1172310.330,358.940
-443774.350,-1172314.260,361.390
-443772.470,-1172313.700,360.810
-443771.740,-1172314.450,361.240
-443770.910,-1172314.000,360.920
-443767.460,-1172313.910,360.670
-443769.440,-1172309.820,358.120
-443769.340,-1172310.070,358.380
-443766.750,-1172310.200,358.300
-443765.310,-1172314.410,360.890
-443766.230,-1172313.350,360.220
-443765.310,-1172312.260,359.490
-443768.490,-1172293.910,358.820
-443741.320,-1172313.870,358.830
-443740.780,-1172313.060,358.270
-443739.440,-1172315.290,359.610
-443738.420,-1172316.970,360.620
-443737.490,-1172315.270,359.420
-443737.110,-1172314.480,358.880
-443735.610,-1172317.070,360.470
-443735.490,-1172317.340,360.620
-443736.410,-1172314.330,358.780
-443736.290,-1172314.610,358.930
-443735.830,-1172315.720,359.610
-443735.110,-1172315.460,359.380
-443733.480,-1172318.300,361.130
-443732.750,-1172319.480,361.830
-443735.040,-1172313.920,358.400
-443734.910,-1172314.220,358.550
-443731.900,-1172316.880,360.070
-443731.790,-1172317.150,360.250
-443731.670,-1172317.430,360.430
-443731.650,-1172314.250,358.370
-443731.740,-1172314.350,358.430
-443730.950,-1172314.910,358.720
-443739.900,-1172290.680,358.970
-443739.700,-1172291.170,359.440
-443725.860,-1172318.930,358.210
-443726.840,-1172317.780,357.460
-443725.740,-1172318.570,357.970
-443725.990,-1172316.040,356.100
-443724.870,-1172318.770,357.980
-443724.540,-1172319.590,358.590
-443735.270,-1172291.760,359.460
-443724.660,-1172315.630,355.740
-443724.430,-1172316.190,356.100
-443723.890,-1172317.530,357.020
-443723.000,-1172319.710,358.540
-443722.780,-1172320.240,358.910
-443723.620,-1172315.920,355.840
-443721.960,-1172320.010,358.670
-443723.210,-1172315.730,355.670
-443724.020,-1172295.860,357.180
-443720.500,-1172292.410,356.910
-443719.300,-1172317.350,358.580
-443718.770,-1172317.410,358.600
-443714.100,-1172320.690,361.470
-443715.230,-1172317.350,358.900
-443713.470,-1172319.880,360.770
-443713.250,-1172320.420,361.200
-443713.150,-1172320.670,361.400
-443713.050,-1172320.920,361.600
-443712.940,-1172321.190,361.800
-443712.510,-1172320.060,360.850
-443711.500,-1172320.840,361.420
-443709.010,-1172320.580,360.960
-443706.990,-1172320.930,361.090
-443718.150,-1172292.390,356.680
-443705.670,-1172317.170,357.960
-443705.450,-1172317.720,358.440
-443717.460,-1172291.030,355.780
-443705.510,-1172316.680,357.510
-443711.660,-1172292.700,356.500
-443712.800,-1172293.230,356.860
-443697.760,-1172291.940,358.880
-443738.630,-1172423.470,350.850
-443739.360,-1172398.120,347.900
-443739.650,-1172397.850,347.860
-443839.750,-1172306.450,355.290
-443838.540,-1172306.690,355.410
-443839.230,-1172306.060,354.980
-443838.350,-1172305.940,354.840
-443839.700,-1172304.720,353.990
-443840.160,-1172304.300,353.770
-443837.840,-1172305.500,354.490
-443841.720,-1172301.980,352.200
-443840.120,-1172303.140,352.880
-443837.780,-1172304.810,353.960
-443837.610,-1172303.560,353.080
-443839.450,-1172301.890,352.010
-443837.440,-1172303.130,352.750
-443837.670,-1172302.920,352.610
-443836.210,-1172302.690,354.920
-443825.310,-1172307.820,355.170
-443824.610,-1172307.940,355.230
-443825.530,-1172307.110,354.680
-443829.120,-1172303.840,355.200
-443826.010,-1172306.320,354.150
-443825.070,-1172306.860,354.450
-443825.590,-1172305.500,353.500
-443823.370,-1172306.720,354.280
-443824.750,-1172305.470,353.430
-443825.670,-1172304.630,352.900
-443825.890,-1172304.430,352.750
-443823.690,-1172305.920,353.670
-443824.010,-1172303.960,352.270
-443820.130,-1172305.530,354.260
-443818.900,-1172306.160,354.730
-443819.580,-1172305.550,354.310
-443819.990,-1172304.630,353.450
-443819.710,-1172304.020,353.250
-443816.140,-1172306.830,355.020
-443816.640,-1172305.650,354.150
-443815.640,-1172305.180,353.740
-443805.060,-1172307.510,354.700
-443802.640,-1172308.490,355.210
-443802.870,-1172308.280,355.060
-443804.560,-1172306.260,353.690
-443801.460,-1172307.220,354.220
-443801.400,-1172306.800,353.860
-443743.360,-1172332.620,353.130
-443709.020,-1172292.500,354.430
-443839.740,-1172415.400,374.540
-443844.000,-1172399.580,374.430
-443841.650,-1172399.660,374.430
-443832.940,-1172366.900,370.960
-443750.050,-1172437.320,361.450
-443738.240,-1172437.940,361.450
-443734.980,-1172438.210,361.790
-443837.760,-1172306.980,355.540
-443837.440,-1172304.170,356.050
-443834.330,-1172305.950,357.140
-443833.330,-1172306.270,357.320
-443831.740,-1172305.490,356.620
-443827.350,-1172308.370,355.730
-443829.360,-1172306.540,357.150
-443827.850,-1172308.470,355.830
-443828.440,-1172304.460,355.570
-443828.150,-1172305.770,356.490
-443820.400,-1172307.260,355.570
-443816.820,-1172307.510,355.540
-443814.140,-1172306.540,356.980
-443815.500,-1172305.300,356.130
-443813.400,-1172307.730,357.810
-443812.200,-1172307.340,357.360
-443809.690,-1172308.460,358.080
-443812.410,-1172305.990,356.390
-443806.170,-1172308.440,357.750
-443807.120,-1172306.740,356.510
-443808.510,-1172305.480,355.710
-443808.730,-1172305.270,355.570
-443802.950,-1172309.960,356.310
-443805.990,-1172307.190,356.770
-443803.810,-1172309.440,356.030
-443805.990,-1172307.460,357.060
-443807.360,-1172306.210,356.210
-443797.960,-1172310.410,359.780
-443795.870,-1172310.890,359.980
-443795.530,-1172309.740,359.210
-443791.780,-1172310.870,359.650
-443792.960,-1172309.790,359.060
-443791.820,-1172309.950,359.080
-443789.380,-1172309.800,358.820
-443785.460,-1172313.030,360.630
-443786.680,-1172310.540,359.270
-443785.210,-1172310.310,359.010
-443785.430,-1172310.110,358.900
-443782.880,-1172312.970,360.430
-443783.940,-1172310.870,359.170
-443782.980,-1172310.780,359.060
-443782.070,-1172312.150,359.860
-443780.690,-1172312.490,359.970
-443782.790,-1172310.570,358.930
-443784.980,-1172307.930,357.340
-443780.150,-1172311.050,359.020
-443781.210,-1172309.360,358.040
-443778.600,-1172311.400,359.160
-443774.220,-1172310.740,359.150
-443774.260,-1172309.270,358.240
-443768.100,-1172313.850,360.710
-443768.320,-1172313.650,360.590
-443768.560,-1172313.430,360.450
-443768.790,-1172313.220,360.300
-443769.040,-1172313.000,360.180
-443770.930,-1172311.270,359.260
-443765.180,-1172313.660,360.420
-443765.100,-1172312.260,359.540
-443764.560,-1172310.590,358.590
-443746.210,-1172315.830,360.490
-443743.480,-1172316.060,360.450
-443742.400,-1172316.670,360.790
-443742.010,-1172316.550,360.700
-443742.700,-1172315.910,360.300
-443741.550,-1172315.950,360.250
-443741.770,-1172315.750,360.150
-443739.190,-1172317.090,360.750
-443737.220,-1172318.530,361.520
-443742.810,-1172312.930,358.400
-443739.680,-1172315.400,359.740
-443741.980,-1172313.300,355.630
-443740.690,-1172313.160,358.390
-443737.420,-1172315.220,359.440
-443736.410,-1172314.990,359.210
-443732.860,-1172316.280,359.790
-443732.240,-1172315.570,359.270
-443730.530,-1172316.600,359.830
-443726.810,-1172317.680,357.360
-443726.100,-1172317.930,357.520
-443723.820,-1172319.130,358.240
-443726.480,-1172316.350,356.420
-443722.180,-1172318.750,357.840
-443724.380,-1172315.800,355.890
-443723.090,-1172316.510,356.310
-443724.240,-1172315.450,355.610
-443722.340,-1172316.240,356.040
-443721.820,-1172316.250,355.990
-443722.050,-1172316.050,355.830
-443734.470,-1172291.400,359.150
-443733.460,-1172291.400,359.160
-443733.920,-1172290.980,358.800
-443719.390,-1172292.460,356.900
-443719.230,-1172292.140,356.710
-443719.220,-1172291.690,356.400
-443718.770,-1172316.750,358.220
-443715.840,-1172319.900,361.010
-443712.580,-1172321.150,361.780
-443713.050,-1172320.720,361.490
-443713.500,-1172320.310,361.180
-443715.210,-1172317.300,358.870
-443715.400,-1172315.700,357.560
-443706.140,-1172319.950,360.220
-443716.610,-1172294.560,358.010
-443717.350,-1172291.490,356.060
-443715.050,-1172292.760,356.770
-443712.200,-1172292.230,356.270
-443831.180,-1172304.370,355.480
-443829.360,-1172304.120,355.330
-443827.360,-1172307.630,355.300
-443825.530,-1172307.300,354.850
-443825.780,-1172304.550,353.100
-443823.160,-1172305.160,352.990
-443722.990,-1172315.160,355.310
-443725.350,-1172315.560,355.540
-443829.170,-1172304.640,355.770
-443830.090,-1172304.780,356.100
-443830.280,-1172305.040,356.140
-443815.180,-1172307.510,357.700
-443806.530,-1172308.990,358.280
-443796.610,-1172311.500,360.310
-443772.140,-1172293.540,359.190
-443767.020,-1172294.130,359.110
-443739.230,-1172316.540,360.430
-443739.530,-1172315.230,359.700
-443738.790,-1172316.030,359.970
-443738.130,-1172317.860,361.140
-443737.500,-1172318.820,361.850
-443737.390,-1172317.700,361.010
-443737.210,-1172316.740,360.390
-443734.270,-1172317.290,360.730
-443734.890,-1172314.110,358.500
-443733.530,-1172315.140,359.130
-443733.170,-1172315.180,359.170
-443731.330,-1172316.130,359.630
-443730.400,-1172314.580,358.450
-443726.500,-1172316.240,356.360
-443723.810,-1172319.020,358.320
-443725.000,-1172316.540,356.440
-443727.720,-1172294.080,355.750
-443720.110,-1172294.200,358.180
-443720.620,-1172292.020,356.620
-443719.360,-1172292.070,356.810
-443715.810,-1172336.200,361.110
-443720.510,-1172316.180,357.950
-443717.860,-1172294.080,357.890
-443707.060,-1172320.680,360.860
-443707.280,-1172321.280,361.450
-443708.170,-1172316.210,360.150
-443717.040,-1172291.520,356.250
-443705.490,-1172317.410,358.100
-443705.440,-1172319.610,359.990
-443710.800,-1172291.600,355.760
-443840.270,-1172305.870,354.950
-443838.370,-1172306.470,355.330
-443838.730,-1172305.700,354.610
-443838.500,-1172305.440,354.550
-443839.910,-1172304.270,353.830
-443839.830,-1172303.970,353.540
-443841.060,-1172302.360,352.500
-443841.760,-1172301.790,352.230
-443840.070,-1172302.670,352.640
-443832.580,-1172303.300,355.110
-443833.660,-1172302.410,354.570
-443825.350,-1172308.000,355.330
-443830.340,-1172303.870,355.310
-443828.990,-1172304.030,355.330
-443825.090,-1172306.730,354.410
-443824.390,-1172306.810,354.460
-443823.200,-1172306.790,354.110
-443823.790,-1172306.300,354.000
-443802.620,-1172307.920,354.790
-443802.950,-1172306.360,353.720
-443726.370,-1172314.890,355.500
-443828.220,-1172367.060,370.960
-443840.930,-1172306.960,355.740
-443837.980,-1172307.370,355.890
-443834.120,-1172305.860,357.100
-443833.100,-1172305.070,356.410
-443834.670,-1172304.770,356.340
-443830.090,-1172305.890,356.710
-443832.850,-1172304.170,355.760
-443828.500,-1172304.850,355.920
-443818.700,-1172309.230,357.100
-443815.710,-1172307.080,357.610
-443808.650,-1172308.430,357.940
-443807.490,-1172308.040,357.620
-443802.960,-1172310.170,356.520
-443803.670,-1172309.580,356.070
-443806.280,-1172307.410,356.960
-443797.370,-1172311.660,360.580
-443794.640,-1172312.150,360.680
-443790.370,-1172312.200,360.480
-443791.010,-1172311.660,360.170
-443793.640,-1172309.470,358.940
-443790.060,-1172311.960,360.240
-443793.700,-1172308.920,358.540
-443788.000,-1172312.520,360.540
-443788.960,-1172310.280,359.370
-443785.320,-1172312.630,360.390
-443784.090,-1172309.810,358.510
-443781.710,-1172311.230,359.330
-443782.690,-1172310.420,358.870
-443782.070,-1172310.300,358.720
-443781.070,-1172309.400,358.130
-443778.530,-1172309.970,358.240
-443768.350,-1172312.800,360.100
-443767.930,-1172311.970,359.570
-443765.080,-1172313.690,360.480
-443766.720,-1172312.310,359.650
-443768.720,-1172309.580,358.090
-443745.230,-1172315.660,360.350
-443748.740,-1172312.690,358.700
-443748.360,-1172312.380,358.510
-443744.120,-1172314.830,359.800
-443739.540,-1172317.460,361.070
-443740.830,-1172316.370,360.550
-443742.950,-1172313.900,359.060
-443743.280,-1172313.620,358.890
-443738.200,-1172317.410,360.980
-443736.740,-1172317.490,360.900
-443740.800,-1172312.820,358.260
-443732.520,-1172318.740,361.450
-443733.460,-1172317.940,360.970
-443734.720,-1172316.870,360.420
-443735.660,-1172316.070,359.920
-443732.740,-1172316.490,360.000
-443730.760,-1172317.600,360.560
-443731.130,-1172314.970,358.850
-443731.760,-1172314.430,358.560
-443731.510,-1172314.090,358.370
-443724.790,-1172316.960,356.770
-443726.070,-1172315.870,356.080
-443723.760,-1172317.120,356.840
-443723.120,-1172317.090,356.790
-443722.540,-1172315.940,355.920
-443735.270,-1172291.690,359.570
-443734.440,-1172291.330,359.230
-443713.050,-1172320.330,361.300
-443707.040,-1172320.700,361.010
-443707.360,-1172320.430,360.840
-443711.270,-1172315.900,360.110
-443716.350,-1172292.500,356.750
-443710.610,-1172292.860,356.600
