-443777.400,-1172416.820,354.060
-443785.120,-1172418.660,350.090
-443795.160,-1172377.410,351.570
-443798.110,-1172402.680,351.340
-443744.580,-1172388.280,349.180
-443842.080,-1172306.170,355.060
-443795.680,-1172291.040,354.940
-443729.420,-1172293.060,354.990
-443754.350,-1172329.400,355.220
-443757.720,-1172328.700,353.360
-443756.200,-1172334.240,354.320
-443756.680,-1172333.020,354.030
-443756.980,-1172337.050,354.210
-443757.100,-1172336.750,354.060
-443758.500,-1172330.140,353.080
-443850.710,-1172424.910,373.820
-443850.680,-1172393.710,374.570
-443850.680,-1172378.740,373.670
-443849.380,-1172380.130,373.790
-443832.130,-1172419.440,377.550
-443721.350,-1172290.780,357.700
-443721.970,-1172291.400,357.540
-443721.140,-1172316.260,357.830
-443721.420,-1172318.810,357.890
-443721.540,-1172318.510,357.760
-443739.630,-1172293.880,359.330
-443747.120,-1172315.600,360.290
-443797.810,-1172311.740,360.330
-443808.690,-1172307.660,357.480
-443813.740,-1172306.020,357.340
-443833.010,-1172308.510,357.410
-443715.940,-1172317.280,358.030
-443716.060,-1172316.960,357.900
-443716.180,-1172316.690,357.780
-443716.360,-1172318.200,358.260
-443716.260,-1172319.880,358.950
-443716.490,-1172319.300,358.640
-443802.490,-1172437.450,351.070
-443797.230,-1172377.560,350.540
-443795.910,-1172385.930,351.760
-443797.370,-1172385.690,350.930
-443798.820,-1172396.030,350.670
-443841.750,-1172306.380,355.260
-443795.800,-1172291.320,354.980
-443755.400,-1172337.180,354.930
-443756.580,-1172333.010,354.160
-443755.510,-1172330.950,354.560
-443756.420,-1172329.230,354.030
-443756.060,-1172329.200,354.150
-443836.300,-1172337.860,370.700
-443841.820,-1172407.250,374.850
-443851.470,-1172398.290,373.830
-443851.410,-1172398.730,373.980
-443850.750,-1172393.710,374.550
-443850.500,-1172393.920,374.700
-443849.960,-1172385.440,374.920
-443849.840,-1172383.070,374.900
-443721.970,-1172291.420,357.630
-443725.000,-1172292.940,356.530
-443742.060,-1172294.310,357.850
-443741.360,-1172297.220,358.790
-443742.490,-1172297.260,358.110
-443721.220,-1172318.930,357.950
-443726.720,-1172318.590,357.900
-443726.490,-1172318.790,358.030
-443724.280,-1172321.990,359.360
-443748.320,-1172314.080,359.380
-443746.950,-1172315.640,360.400
-443748.300,-1172318.160,359.680
-443815.670,-1172307.960,358.020
-443716.110,-1172318.310,358.500
-443716.300,-1172317.670,358.130
-443720.730,-1172319.340,358.240
-443719.750,-1172320.160,358.830
-443799.800,-1172410.020,350.920
-443770.820,-1172424.920,353.860
-443797.530,-1172387.570,351.040
-443798.170,-1172388.810,350.760
-443808.010,-1172319.620,351.350
-443730.710,-1172297.420,352.150
-443744.110,-1172335.880,353.220
-443757.590,-1172328.880,353.520
-443757.170,-1172336.750,354.160
-443850.600,-1172393.800,374.650
-443840.890,-1172358.980,370.410
-443836.810,-1172355.940,370.750
-443815.620,-1172308.070,358.140
-443813.620,-1172306.930,357.470
-443749.500,-1172312.480,358.520
-443748.790,-1172313.410,359.000
-443742.260,-1172297.060,358.290
-443741.490,-1172297.290,358.770
-443740.590,-1172294.000,358.890
-443738.940,-1172292.050,359.810
-443726.840,-1172318.410,357.860
-443726.390,-1172318.890,358.170
-443721.100,-1172316.290,357.950
-443723.700,-1172295.570,357.100
-443719.820,-1172320.190,358.960
-443715.960,-1172329.620,360.600
-443720.200,-1172317.170,358.530
-443716.610,-1172318.910,358.510
-443714.800,-1172318.430,360.460
-443799.970,-1172409.990,350.770
-443784.960,-1172419.050,350.160
-443795.430,-1172377.560,351.610
-443797.190,-1172384.220,350.990
-443797.060,-1172387.950,351.270
-443798.070,-1172396.530,351.110
-443842.000,-1172306.400,355.110
-443842.210,-1172306.210,354.950
-443755.630,-1172337.270,354.910
-443750.710,-1172337.890,352.180
-443758.330,-1172329.080,353.090
-443756.130,-1172329.320,354.210
-443754.680,-1172329.340,355.050
-443730.810,-1172297.530,352.100
-443774.940,-1172291.330,351.740
-443775.110,-1172291.660,351.810
-443851.050,-1172423.620,374.430
-443831.850,-1172420.570,377.550
-443851.410,-1172398.650,374.100
-443851.220,-1172395.140,374.140
-443850.890,-1172393.870,374.470
-443850.440,-1172393.860,374.700
-443851.000,-1172392.500,373.780
-443841.880,-1172400.140,374.760
-443831.270,-1172354.350,370.840
-443830.820,-1172335.820,370.800
-443815.020,-1172308.720,358.580
-443815.270,-1172308.500,358.400
-443813.520,-1172306.140,357.340
-443808.620,-1172307.800,357.640
-443794.530,-1172319.040,357.630
-443774.650,-1172314.550,361.470
-443748.330,-1172318.080,359.720
-443747.010,-1172315.750,360.420
-443748.040,-1172314.420,359.610
-443748.250,-1172314.230,359.470
-443748.570,-1172313.680,359.190
-443748.790,-1172313.470,359.040
-443726.700,-1172321.100,358.080
-443725.380,-1172319.910,358.820
-443725.610,-1172319.710,358.660
-443725.840,-1172319.500,358.490
-443720.970,-1172318.930,358.150
-443720.560,-1172316.910,358.270
-443741.050,-1172296.670,358.750
-443741.980,-1172294.490,357.950
-443739.730,-1172293.820,359.360
-443740.190,-1172293.390,359.020
-443725.050,-1172293.430,356.550
-443724.950,-1172292.910,356.510
-443722.430,-1172291.140,357.410
-443721.930,-1172291.180,357.590
-443721.640,-1172290.940,357.610
-443715.940,-1172329.560,360.660
-443719.610,-1172317.780,358.810
-443720.330,-1172317.130,358.410
-443716.470,-1172319.730,358.930
-443716.350,-1172317.690,358.120
-443711.190,-1172321.370,362.010
-443802.670,-1172438.720,351.480
-443755.900,-1172329.350,354.230
-443851.320,-1172379.120,373.480
-443830.990,-1172342.980,370.880
-443815.660,-1172307.970,358.140
-443797.330,-1172312.180,360.650
-443774.480,-1172314.700,361.490
-443726.440,-1172318.640,358.140
-443724.360,-1172322.130,359.470
-443721.420,-1172290.630,357.800
-443720.550,-1172319.440,358.380
-443720.760,-1172316.640,358.070
-443835.100,-1172402.360,351.410
-443795.770,-1172291.510,355.140
-443754.340,-1172329.340,355.330
-443849.500,-1172370.610,374.750
-443831.390,-1172354.220,370.850
-443798.150,-1172312.770,360.320
-443775.330,-1172313.550,360.810
-443746.300,-1172316.570,361.000
-443746.670,-1172316.250,360.730
-443748.800,-1172313.200,359.020
-443749.170,-1172312.880,358.750
-443765.670,-1172294.080,359.110
-443724.410,-1172322.000,359.340
-443725.340,-1172319.910,358.810
-443722.090,-1172317.970,357.460
-443741.370,-1172297.270,358.850
-443742.350,-1172297.120,358.200
-443739.820,-1172293.840,359.330
-443721.830,-1172291.040,357.610
-443715.760,-1172327.080,360.450
