-443797.080,-1172377.370,350.630
-443756.750,-1172329.190,353.800
-443756.740,-1172332.120,354.050
-443758.060,-1172328.790,353.160
-443850.590,-1172421.280,373.940
-443851.280,-1172395.390,374.130
-443850.810,-1172392.420,373.830
-443849.940,-1172385.470,374.920
-443849.550,-1172371.050,374.810
-443840.480,-1172349.250,370.400
-443826.970,-1172358.890,371.050
-443722.500,-1172291.030,357.310
-443722.180,-1172317.970,357.460
-443739.570,-1172297.250,359.860
-443739.680,-1172296.970,359.580
-443741.120,-1172297.060,358.940
-443741.450,-1172296.750,358.390
-443742.040,-1172295.280,357.950
-443742.580,-1172297.070,358.060
-443813.870,-1172306.630,357.120
-443705.600,-1172294.740,356.790
-443716.190,-1172317.770,358.150
-443716.380,-1172319.580,358.730
-443796.920,-1172377.340,350.730
-443770.460,-1172322.930,352.940
-443770.160,-1172322.630,352.910
-443850.130,-1172377.290,373.900
-443849.430,-1172370.590,374.750
-443740.160,-1172293.510,359.030
-443740.610,-1172297.360,359.260
-443740.140,-1172297.320,359.580
-443741.920,-1172297.140,358.440
-443726.540,-1172318.490,358.020
-443747.690,-1172315.020,359.870
-443775.300,-1172313.840,360.860
-443775.040,-1172314.050,361.070
-443836.990,-1172305.980,357.210
-443716.060,-1172317.870,358.320
-443716.450,-1172319.020,358.620
-443716.290,-1172319.620,358.880
-443716.450,-1172320.670,359.090
-443720.010,-1172319.940,358.670
-443799.680,-1172410.330,351.060
-443799.150,-1172410.160,351.330
-443799.040,-1172410.450,351.490
-443798.470,-1172410.230,351.710
-443800.280,-1172410.090,350.740
-443770.340,-1172421.910,354.140
-443796.730,-1172377.380,350.860
-443755.890,-1172329.150,354.230
-443774.760,-1172291.570,351.870
-443851.000,-1172392.670,373.970
-443849.420,-1172370.760,374.880
-443836.290,-1172337.920,370.760
-443813.410,-1172306.260,357.430
-443809.100,-1172307.270,357.350
-443765.790,-1172294.080,359.150
-443742.910,-1172296.600,357.750
-443742.710,-1172297.090,358.130
-443742.480,-1172296.510,357.910
-443741.710,-1172296.760,358.370
-443725.510,-1172319.780,358.730
-443726.510,-1172318.590,358.010
-443721.780,-1172294.300,357.830
-443722.690,-1172291.100,357.310
-443721.820,-1172291.350,357.690
-443721.640,-1172291.290,357.790
-443716.730,-1172320.850,359.170
-443802.640,-1172438.220,351.190
-443800.050,-1172410.280,350.740
-443800.290,-1172410.060,350.600
-443799.260,-1172410.240,351.220
-443799.750,-1172410.190,350.930
-443770.540,-1172423.550,353.980
-443797.980,-1172387.120,350.710
-443841.780,-1172306.600,355.300
-443758.030,-1172328.700,353.200
-443755.350,-1172329.100,354.630
-443748.450,-1172324.630,354.800
-443774.700,-1172291.550,351.810
-443851.050,-1172425.240,374.070
-443851.100,-1172393.680,374.320
-443850.670,-1172393.660,374.520
-443850.780,-1172392.700,373.960
-443835.830,-1172399.760,374.380
-443849.750,-1172383.060,375.010
-443850.590,-1172378.900,373.760
-443835.190,-1172388.220,374.770
-443835.300,-1172381.570,374.360
-443827.210,-1172366.950,371.040
-443837.010,-1172305.970,357.240
-443820.080,-1172309.200,356.990
-443815.900,-1172307.930,357.880
-443813.710,-1172306.930,357.310
-443794.860,-1172319.190,357.530
-443775.190,-1172313.700,361.030
-443747.590,-1172314.830,359.920
-443742.640,-1172297.080,358.030
-443741.410,-1172297.140,358.780
-443741.260,-1172296.900,358.750
-443740.640,-1172297.470,359.330
-443741.070,-1172297.080,359.000
-443739.970,-1172297.670,359.730
-443740.420,-1172297.250,359.440
-443721.730,-1172291.360,357.790
-443716.490,-1172319.300,358.710
-443716.160,-1172317.870,358.400
-443834.900,-1172402.490,351.540
-443796.960,-1172397.510,351.770
-443850.790,-1172421.460,373.820
-443849.310,-1172410.170,374.350
-443832.080,-1172419.400,377.510
-443835.930,-1172400.020,374.520
-443836.790,-1172355.900,370.890
-443831.770,-1172360.950,370.780
-443740.210,-1172296.840,359.180
-443722.620,-1172291.800,357.340
-443722.560,-1172291.040,357.270
-443721.500,-1172291.210,357.830
-443835.240,-1172402.600,351.400
-443796.980,-1172377.490,350.710
-443814.170,-1172316.720,348.910
-443755.320,-1172329.030,354.700
-443756.330,-1172331.880,354.200
-443850.470,-1172394.960,374.950
-443841.950,-1172400.150,374.840
-443848.640,-1172384.030,375.860
-443831.230,-1172342.960,370.760
-443775.640,-1172313.280,360.660
-443748.200,-1172314.290,359.510
-443740.530,-1172297.390,359.340
-443740.550,-1172296.780,359.100
-443739.900,-1172296.870,359.480
-443722.940,-1172291.320,357.300
-443705.560,-1172294.740,356.980
