-443823.950,-1172310.850,355.060
-443811.440,-1172315.610,354.070
-443811.310,-1172314.130,355.230
-443770.100,-1172322.290,355.290
-443720.580,-1172327.020,354.730
-443710.660,-1172297.460,355.350
-443704.450,-1172300.150,355.390
-443703.970,-1172300.430,355.120
-443703.660,-1172300.300,355.040
-443703.320,-1172300.390,354.790
-443703.550,-1172299.800,355.370
-443698.150,-1172298.490,354.950
-443851.410,-1172390.070,374.060
-443839.950,-1172414.720,374.730
-443840.300,-1172383.030,379.860
-443840.050,-1172370.710,374.730
-443721.430,-1172296.210,357.250
-443721.970,-1172298.830,355.710
-443730.410,-1172296.460,357.150
-443730.590,-1172297.060,356.490
-443722.420,-1172321.370,358.690
-443733.780,-1172294.140,358.240
-443733.880,-1172294.570,358.030
-443735.780,-1172293.080,358.980
-443736.100,-1172293.140,359.220
-443743.100,-1172292.620,358.890
-443743.170,-1172293.540,357.950
-443743.240,-1172294.200,357.450
-443743.360,-1172295.950,355.950
-443740.310,-1172320.060,361.380
-443741.090,-1172322.800,360.560
-443741.310,-1172323.140,360.400
-443741.430,-1172322.850,360.670
-443741.200,-1172324.650,359.180
-443741.440,-1172324.060,359.700
-443741.240,-1172325.310,358.890
-443741.480,-1172324.690,359.380
-443741.360,-1172325.690,358.580
-443771.500,-1172318.690,358.480
-443788.470,-1172314.260,360.770
-443810.720,-1172309.830,358.570
-443810.820,-1172309.560,358.900
-443810.670,-1172311.010,357.560
-443810.790,-1172310.710,357.850
-443811.000,-1172312.200,356.690
-443810.860,-1172311.630,357.160
-443811.030,-1172312.940,356.200
-443811.190,-1172313.480,355.740
-443818.640,-1172310.410,357.260
-443696.730,-1172292.540,359.000
-443696.690,-1172293.930,357.830
-443696.930,-1172293.340,358.340
-443696.670,-1172294.680,357.420
-443696.800,-1172294.360,357.740
-443696.910,-1172294.070,357.900
-443697.260,-1172293.200,358.700
-443698.600,-1172295.010,358.180
-443698.040,-1172295.250,357.680
-443698.020,-1172297.420,356.170
-443698.020,-1172297.430,355.870
-443698.130,-1172297.150,356.230
-443698.270,-1172296.820,356.460
-443697.880,-1172296.800,356.330
-443698.120,-1172296.210,356.970
-443698.640,-1172297.280,356.250
-443698.750,-1172297.000,356.490
-443699.000,-1172296.380,357.080
-443699.120,-1172296.080,357.390
-443699.480,-1172295.170,358.330
-443699.420,-1172296.090,357.610
-443699.540,-1172295.800,357.790
-443699.640,-1172296.540,357.090
-443699.880,-1172295.950,357.660
-443700.040,-1172296.090,357.760
-443700.160,-1172295.790,357.940
-443700.280,-1172295.480,358.300
-443700.630,-1172295.470,358.420
-443700.700,-1172295.830,358.230
-443700.830,-1172295.520,358.450
-443701.160,-1172295.630,358.380
-443699.920,-1172299.620,357.260
-443700.410,-1172299.640,357.400
-443700.520,-1172299.370,357.620
-443700.630,-1172299.950,357.290
-443700.880,-1172299.320,357.860
-443702.210,-1172296.050,358.370
-443700.990,-1172299.950,357.400
-443701.260,-1172300.200,357.160
-443702.820,-1172296.320,358.430
-443702.970,-1172297.120,357.690
-443703.100,-1172296.810,358.050
-443703.220,-1172296.520,358.210
-443703.570,-1172297.530,357.410
-443703.460,-1172296.800,358.070
-443703.580,-1172296.480,358.490
-443703.700,-1172298.380,356.760
-443703.950,-1172297.750,357.360
-443704.170,-1172297.190,357.850
-443703.910,-1172299.660,355.800
-443704.030,-1172299.370,355.950
-443704.150,-1172299.080,356.360
-443704.270,-1172298.780,356.530
-443704.380,-1172298.490,356.800
-443704.630,-1172297.870,357.500
-443704.750,-1172297.570,357.820
-443704.870,-1172297.260,358.060
-443703.680,-1172299.490,355.720
-443703.910,-1172298.900,356.280
-443704.040,-1172298.580,356.640
-443704.160,-1172298.270,357.100
-443704.290,-1172297.970,357.230
-443704.530,-1172297.360,357.850
-443705.290,-1172298.050,357.570
-443705.420,-1172297.720,357.740
-443704.330,-1172299.540,355.910
-443704.580,-1172298.910,356.630
-443704.700,-1172298.610,356.920
-443704.940,-1172298.000,357.480
-443706.670,-1172299.850,356.010
-443709.620,-1172322.910,361.650
-443832.860,-1172309.490,355.410
-443823.800,-1172310.970,354.770
-443811.500,-1172315.590,354.080
-443811.270,-1172315.790,353.800
-443811.280,-1172315.320,354.250
-443800.960,-1172290.760,353.480
-443730.960,-1172298.560,355.090
-443735.500,-1172297.400,355.460
-443776.300,-1172321.410,355.450
-443720.750,-1172327.050,354.660
-443720.540,-1172326.950,354.680
-443712.850,-1172299.940,353.750
-443712.670,-1172299.550,353.970
-443712.650,-1172298.770,354.500
-443704.390,-1172300.740,354.870
-443704.300,-1172299.910,355.580
-443704.050,-1172300.120,355.330
-443703.800,-1172300.320,355.090
-443703.550,-1172300.540,354.850
-443703.880,-1172299.740,355.600
-443703.380,-1172300.150,355.080
-443703.150,-1172300.350,354.870
-443703.390,-1172299.730,355.500
-443698.210,-1172298.600,354.950
-443697.900,-1172298.490,354.930
-443697.590,-1172298.250,355.050
-443697.320,-1172298.470,354.820
-443697.410,-1172297.980,355.210
-443697.160,-1172298.190,354.950
-443697.220,-1172297.730,355.430
-443721.540,-1172296.410,357.080
-443733.730,-1172294.300,358.240
-443733.790,-1172294.500,358.070
-443730.840,-1172296.970,356.720
-443736.080,-1172293.020,359.230
-443730.700,-1172297.510,356.040
-443735.750,-1172297.200,355.800
-443743.370,-1172295.540,356.310
-443743.330,-1172295.090,356.770
-443762.250,-1172291.530,356.850
-443740.400,-1172320.010,361.460
-443741.110,-1172323.200,360.300
-443774.490,-1172318.970,357.990
-443810.620,-1172310.230,358.210
-443810.730,-1172309.550,358.840
-443811.010,-1172311.910,356.950
-443811.220,-1172313.190,356.020
-443810.980,-1172312.390,356.530
-443697.000,-1172292.730,358.840
-443697.370,-1172293.350,358.530
-443697.120,-1172293.550,358.310
-443696.900,-1172294.100,357.890
-443696.660,-1172294.300,357.720
-443697.040,-1172294.520,357.600
-443696.780,-1172294.730,357.400
-443698.110,-1172294.770,358.290
-443698.460,-1172294.890,358.320
-443697.970,-1172295.290,357.820
-443697.470,-1172295.710,357.300
-443698.940,-1172294.960,358.350
-443698.450,-1172295.370,357.840
-443699.440,-1172294.990,358.530
-443698.950,-1172295.400,358.010
-443698.450,-1172295.810,357.470
-443698.220,-1172296.010,357.240
-443697.720,-1172296.420,356.720
-443696.980,-1172297.030,356.000
-443699.780,-1172295.260,358.380
-443698.790,-1172296.090,357.300
-443697.790,-1172296.920,356.270
-443697.550,-1172297.120,356.040
-443697.320,-1172297.310,355.810
-443699.950,-1172295.460,358.250
-443698.950,-1172296.290,357.220
-443698.210,-1172296.910,356.400
-443697.950,-1172297.120,356.160
-443700.410,-1172295.490,358.340
-443699.650,-1172296.120,357.520
-443698.660,-1172296.940,356.470
-443700.800,-1172295.580,358.390
-443700.320,-1172295.980,357.870
-443699.580,-1172296.590,357.110
-443699.060,-1172297.020,356.570
-443698.570,-1172297.430,356.220
-443701.350,-1172295.630,358.490
-443700.630,-1172296.230,357.750
-443700.370,-1172296.440,357.470
-443701.660,-1172295.740,358.490
-443701.420,-1172295.930,358.250
-443701.990,-1172295.880,358.430
-443702.290,-1172296.000,358.450
-443702.500,-1172296.320,358.220
-443703.420,-1172296.390,358.410
-443702.920,-1172296.810,357.890
-443702.970,-1172296.300,358.420
-443703.450,-1172296.920,358.000
-443703.200,-1172297.130,357.730
-443700.540,-1172299.340,357.690
-443700.270,-1172299.560,357.480
-443704.330,-1172296.800,358.370
-443703.870,-1172297.180,357.850
-443703.350,-1172297.620,357.310
-443701.140,-1172299.450,357.760
-443700.660,-1172299.850,357.330
-443700.420,-1172300.050,357.120
-443704.760,-1172297.320,358.010
-443704.250,-1172297.740,357.460
-443701.280,-1172300.210,357.210
-443704.790,-1172296.860,358.490
-443704.020,-1172297.510,357.630
-443703.770,-1172297.710,357.370
-443701.050,-1172299.970,357.370
-443700.800,-1172300.180,357.150
-443705.220,-1172297.400,358.140
-443704.980,-1172297.600,357.860
-443704.750,-1172297.800,357.600
-443704.000,-1172298.420,356.840
-443703.770,-1172298.610,356.610
-443705.600,-1172297.530,358.100
-443705.350,-1172297.740,357.830
-443704.620,-1172298.350,357.040
-443704.370,-1172298.550,356.800
-443704.140,-1172298.750,356.560
-443703.900,-1172298.950,356.300
-443703.640,-1172299.160,356.020
-443703.400,-1172299.360,355.790
-443705.120,-1172298.290,357.310
-443704.640,-1172298.690,356.790
-443704.370,-1172298.910,356.500
-443703.890,-1172299.310,356.010
-443703.650,-1172299.510,355.770
-443705.040,-1172299.300,356.340
-443704.140,-1172299.520,355.830
-443712.040,-1172294.380,357.150
-443712.390,-1172295.300,356.560
-443712.440,-1172295.660,356.320
-443712.480,-1172296.570,355.760
-443709.960,-1172322.960,361.740
-443716.910,-1172326.810,358.090
-443798.470,-1172331.500,351.220
-443741.400,-1172325.350,358.730
-443741.510,-1172323.200,360.340
-443741.290,-1172323.730,359.790
-443736.060,-1172294.160,358.230
-443730.620,-1172296.810,356.670
-443730.900,-1172297.020,356.790
-443730.470,-1172295.990,357.700
-443698.940,-1172297.800,355.940
-443707.510,-1172395.860,349.080
-443833.120,-1172311.190,354.170
-443811.400,-1172315.440,354.120
-443811.190,-1172314.070,355.110
-443801.130,-1172290.860,353.390
-443720.700,-1172327.020,354.680
-443704.400,-1172300.800,354.810
-443703.850,-1172300.450,354.930
-443703.670,-1172300.130,355.110
-443704.060,-1172299.760,355.570
-443703.460,-1172299.710,355.470
-443703.220,-1172299.440,355.580
-443696.910,-1172297.970,355.010
-443697.770,-1172298.540,354.790
-443698.960,-1172298.070,355.490
-443810.970,-1172312.410,356.460
-443810.780,-1172310.570,357.960
-443806.840,-1172310.080,358.630
-443788.340,-1172314.360,360.720
-443741.380,-1172325.300,358.860
-443741.540,-1172323.950,359.710
-443741.440,-1172323.410,360.210
-443740.970,-1172322.910,360.380
-443741.360,-1172322.550,360.730
-443741.360,-1172322.070,361.110
-443721.000,-1172294.440,358.310
-443706.730,-1172299.720,355.950
-443704.480,-1172299.380,356.020
-443704.900,-1172298.990,356.450
-443703.880,-1172299.320,355.930
-443704.310,-1172298.930,356.420
-443704.710,-1172298.560,356.830
-443705.590,-1172297.740,357.870
-443704.050,-1172298.680,356.480
-443705.740,-1172297.110,358.470
-443701.190,-1172300.270,357.140
-443703.990,-1172297.680,357.400
-443704.830,-1172296.900,358.410
-443703.330,-1172298.840,356.240
-443703.800,-1172298.410,356.800
-443704.210,-1172298.030,357.240
-443704.640,-1172297.630,357.750
-443700.830,-1172300.070,357.160
-443703.010,-1172297.240,357.530
-443703.430,-1172296.840,358.020
-443700.530,-1172299.990,357.140
-443702.920,-1172296.800,357.820
-443703.310,-1172296.430,358.250
-443699.780,-1172300.220,356.930
-443700.540,-1172299.520,357.540
-443702.860,-1172296.160,358.410
-443698.680,-1172297.700,355.930
-443699.880,-1172296.590,357.180
-443698.520,-1172296.960,356.400
-443700.210,-1172295.390,358.340
-443698.570,-1172297.300,356.190
-443698.920,-1172296.970,356.490
-443700.210,-1172295.780,357.950
-443698.130,-1172296.840,356.350
-443698.930,-1172296.100,357.260
-443699.810,-1172295.280,358.280
-443697.480,-1172297.010,356.090
-443696.960,-1172297.080,355.870
-443697.770,-1172296.340,356.690
-443698.170,-1172295.970,357.140
-443697.840,-1172295.920,357.150
-443698.270,-1172295.530,357.680
-443697.320,-1172295.900,357.090
-443698.550,-1172294.770,358.380
-443698.280,-1172294.610,358.440
-443697.690,-1172294.620,358.440
-443696.820,-1172294.980,357.160
-443696.690,-1172294.610,357.450
-443697.060,-1172294.270,357.740
-443696.970,-1172293.220,358.500
-443834.880,-1172421.780,348.550
-443830.420,-1172421.290,354.310
-443736.890,-1172436.890,351.050
-443748.190,-1172410.640,348.080
-443748.090,-1172410.930,347.920
-443761.170,-1172436.080,347.600
-443770.320,-1172436.610,353.580
-443787.050,-1172424.540,347.380
-443823.780,-1172312.560,353.850
-443823.630,-1172311.020,354.880
-443788.530,-1172320.150,351.270
-443811.240,-1172313.890,355.370
-443811.380,-1172314.880,354.530
-443811.280,-1172315.140,354.350
-443811.410,-1172315.390,354.170
-443811.300,-1172315.660,353.940
-443730.740,-1172298.710,354.880
-443742.240,-1172325.910,351.430
-443760.320,-1172322.000,350.690
-443769.350,-1172322.050,355.540
-443770.040,-1172322.190,355.150
-443712.780,-1172299.660,353.930
-443712.680,-1172298.780,354.460
-443704.090,-1172299.770,355.610
-443703.810,-1172300.530,354.870
-443703.810,-1172299.510,355.680
-443703.620,-1172300.000,355.220
-443703.520,-1172300.260,354.960
-443698.890,-1172298.000,355.690
-443698.040,-1172298.590,354.830
-443697.410,-1172298.390,354.810
-443697.300,-1172297.780,355.310
-443697.200,-1172298.050,355.090
-443841.360,-1172432.430,369.130
-443841.470,-1172432.090,360.760
-443840.870,-1172432.470,366.260
-443840.840,-1172432.150,363.540
-443844.690,-1172422.190,374.190
-443830.240,-1172421.780,356.910
-443840.610,-1172393.220,374.670
-443841.750,-1172370.630,374.590
-443837.850,-1172330.770,370.800
-443810.960,-1172312.700,356.320
-443810.810,-1172309.540,358.820
-443810.840,-1172310.120,358.460
-443810.900,-1172311.830,356.980
-443774.490,-1172319.010,357.940
-443774.360,-1172317.210,359.450
-443773.360,-1172317.730,359.230
-443769.560,-1172321.510,356.000
-443769.210,-1172321.640,355.680
-443741.470,-1172325.720,358.570
-443741.350,-1172324.520,359.420
-443741.280,-1172322.480,360.890
-443741.190,-1172322.730,360.640
-443741.080,-1172323.010,360.410
-443743.290,-1172295.950,356.010
-443743.370,-1172294.830,356.920
-443735.820,-1172293.010,359.100
-443734.040,-1172294.310,358.180
-443733.700,-1172294.280,358.020
-443731.220,-1172297.420,356.260
-443722.550,-1172321.150,358.920
-443730.370,-1172296.350,357.160
-443721.650,-1172296.320,357.120
-443721.460,-1172296.040,357.270
-443709.580,-1172322.900,361.560
-443712.360,-1172294.930,356.800
-443712.440,-1172295.520,356.420
-443712.330,-1172295.810,356.240
-443705.140,-1172297.000,358.470
-443704.950,-1172297.490,357.920
-443704.690,-1172298.190,357.060
-443704.570,-1172298.490,356.900
-443704.480,-1172298.740,356.630
-443705.310,-1172297.410,358.070
-443704.930,-1172298.420,357.090
-443704.840,-1172298.680,356.800
-443704.730,-1172298.950,356.540
-443703.970,-1172297.110,357.840
-443703.870,-1172297.390,357.610
-443704.430,-1172296.920,358.190
-443704.230,-1172297.460,357.720
-443704.130,-1172297.730,357.510
-443703.850,-1172298.470,356.630
-443704.760,-1172296.970,358.250
-443703.470,-1172297.710,357.260
-443703.190,-1172296.370,358.450
-443700.930,-1172300.100,357.180
-443701.340,-1172300.070,357.270
-443700.890,-1172299.300,357.710
-443700.780,-1172299.580,357.520
-443701.780,-1172295.870,358.340
-443700.450,-1172299.400,357.560
-443700.360,-1172299.640,357.290
-443701.400,-1172295.750,358.370
-443701.330,-1172295.930,357.960
-443700.780,-1172295.440,358.460
-443700.500,-1172296.190,357.670
-443700.400,-1172296.450,357.470
-443700.340,-1172295.400,358.340
-443700.140,-1172295.910,357.790
-443699.580,-1172296.170,357.470
-443699.000,-1172297.700,355.890
-443699.530,-1172295.350,358.170
-443699.130,-1172296.400,357.100
-443698.940,-1172296.900,356.580
-443698.850,-1172297.130,356.340
-443698.650,-1172296.010,357.320
-443698.270,-1172297.010,356.240
-443699.030,-1172295.980,357.380
-443698.730,-1172296.770,356.570
-443698.430,-1172297.560,355.860
-443698.750,-1172294.860,358.410
-443698.010,-1172296.830,356.280
-443697.900,-1172297.120,356.040
-443697.800,-1172297.380,355.850
-443698.350,-1172295.010,358.160
-443698.160,-1172295.520,357.670
-443697.590,-1172297.010,356.020
-443697.490,-1172297.260,355.850
-443697.400,-1172295.780,357.220
-443698.220,-1172294.620,358.380
-443698.040,-1172295.100,357.800
-443697.340,-1172296.950,356.090
-443697.570,-1172292.790,358.890
-443697.450,-1172293.090,358.720
-443697.360,-1172293.340,358.470
-443696.950,-1172294.410,357.650
-443696.870,-1172294.630,357.360
-443697.000,-1172293.340,358.480
-443696.690,-1172294.160,357.780
-443696.960,-1172292.540,358.920
-443696.660,-1172293.330,358.300
-443787.000,-1172424.570,347.320
-443735.460,-1172437.320,350.950
-443770.140,-1172436.170,353.690
-443833.090,-1172310.830,354.430
-443811.290,-1172315.380,354.120
-443788.280,-1172320.450,351.330
-443730.640,-1172298.690,354.870
-443730.870,-1172298.500,355.130
-443769.080,-1172321.840,350.280
-443772.630,-1172321.970,355.230
-443720.440,-1172326.980,354.460
-443712.870,-1172300.010,353.700
-443712.840,-1172299.500,354.000
-443712.750,-1172298.890,354.380
-443704.180,-1172300.830,354.770
-443704.490,-1172300.070,355.420
-443703.490,-1172300.310,355.030
-443703.720,-1172300.120,355.220
-443703.920,-1172299.940,355.440
-443698.030,-1172298.550,354.900
-443697.540,-1172298.280,355.000
-443697.080,-1172298.260,354.890
-443697.290,-1172298.080,355.130
-443832.500,-1172421.500,372.090
-443830.470,-1172421.570,373.880
-443848.170,-1172370.420,374.570
-443837.920,-1172330.730,370.790
-443811.110,-1172313.340,355.770
-443810.800,-1172311.840,356.990
-443811.070,-1172312.830,356.210
-443810.660,-1172309.580,358.750
-443810.840,-1172310.070,358.380
-443788.830,-1172314.800,360.540
-443769.240,-1172321.690,355.700
-443769.400,-1172322.120,355.590
-443741.310,-1172325.290,358.870
-443741.200,-1172324.730,359.240
-443741.240,-1172323.750,359.930
-443741.250,-1172323.190,360.310
-443741.150,-1172322.650,360.710
-443741.360,-1172322.470,360.960
-443740.130,-1172319.360,361.970
-443743.260,-1172295.050,356.730
-443743.060,-1172293.000,358.450
-443735.780,-1172297.310,355.850
-443735.740,-1172294.890,357.710
-443735.940,-1172292.970,359.210
-443730.500,-1172296.380,357.160
-443722.080,-1172298.330,356.280
-443721.570,-1172296.420,357.080
-443717.210,-1172326.840,358.240
-443704.780,-1172326.350,361.090
-443712.500,-1172296.530,355.830
-443706.430,-1172299.530,356.060
-443704.130,-1172299.760,355.690
-443704.350,-1172299.570,355.880
-443704.760,-1172299.210,356.340
-443704.970,-1172299.030,356.560
-443703.570,-1172298.970,356.210
-443703.780,-1172298.790,356.460
-443705.680,-1172297.140,358.500
-443701.510,-1172300.240,357.270
-443703.380,-1172298.620,356.440
-443703.610,-1172298.420,356.670
-443704.030,-1172298.060,357.130
-443704.250,-1172297.870,357.370
-443704.480,-1172297.670,357.590
-443704.670,-1172297.500,357.840
-443704.890,-1172297.310,358.060
-443700.010,-1172300.350,356.870
-443700.470,-1172299.950,357.240
-443700.670,-1172299.780,357.440
-443700.880,-1172299.600,357.590
-443704.260,-1172296.670,358.460
-443700.790,-1172300.150,357.170
-443701.000,-1172299.970,357.360
-443703.530,-1172297.770,357.230
-443703.730,-1172297.600,357.470
-443703.940,-1172297.420,357.710
-443704.170,-1172297.220,357.940
-443702.760,-1172296.700,357.960
-443703.180,-1172296.330,358.420
-443699.960,-1172299.600,357.360
-443702.870,-1172297.070,357.670
-443703.100,-1172296.870,357.890
-443703.500,-1172296.530,358.370
-443702.620,-1172296.230,358.330
-443701.710,-1172295.890,358.340
-443699.010,-1172297.000,356.560
-443699.230,-1172296.810,356.770
-443699.640,-1172296.450,357.260
-443700.060,-1172296.080,357.700
-443700.700,-1172295.530,358.410
-443700.560,-1172296.350,357.610
-443700.790,-1172296.160,357.810
-443698.590,-1172296.950,356.480
-443699.240,-1172296.380,357.150
-443699.620,-1172296.050,357.630
-443699.830,-1172295.870,357.830
-443700.270,-1172295.490,358.310
-443700.470,-1172295.310,358.520
-443698.570,-1172297.380,356.220
-443698.800,-1172297.180,356.360
-443697.250,-1172297.380,355.730
-443697.460,-1172297.200,355.950
-443697.890,-1172296.820,356.400
-443698.310,-1172296.450,356.860
-443698.750,-1172296.080,357.340
-443699.170,-1172295.710,357.810
-443699.590,-1172295.340,358.250
-443699.810,-1172295.150,358.480
-443697.240,-1172296.970,356.060
-443697.680,-1172296.580,356.510
-443698.510,-1172295.860,357.420
-443699.370,-1172295.110,358.360
-443697.110,-1172296.510,356.530
-443698.430,-1172295.360,357.880
-443698.630,-1172295.180,358.070
-443697.330,-1172295.970,357.060
-443697.980,-1172295.410,357.680
-443698.390,-1172295.050,358.130
-443696.840,-1172294.620,357.510
-443697.060,-1172294.430,357.710
-443696.860,-1172294.210,357.810
-443697.080,-1172294.010,358.010
-443697.160,-1172293.260,358.540
-443697.630,-1172292.850,358.970
-443696.680,-1172292.590,358.900
