-443801.330,-1172411.000,352.480
-443826.580,-1172345.510,371.020
-443826.580,-1172345.510,370.770
-443826.830,-1172353.950,370.760
-443850.960,-1172398.230,374.320
-443850.790,-1172397.600,374.230
-443850.600,-1172392.130,374.020
-443850.960,-1172391.230,373.990
-443844.600,-1172400.070,374.680
-443850.340,-1172383.530,374.340
-443851.990,-1172379.370,372.930
-443850.070,-1172383.390,374.740
-443850.450,-1172380.380,373.430
-443850.520,-1172372.660,373.700
-443835.350,-1172390.960,374.440
-443835.350,-1172388.580,374.590
-443835.330,-1172387.770,374.360
-443835.400,-1172385.880,374.700
-443835.030,-1172378.080,374.650
-443827.080,-1172360.500,370.890
-443826.950,-1172357.950,370.780
-443775.190,-1172314.570,361.110
-443826.290,-1172334.830,370.710
-443826.210,-1172333.720,370.790
-443851.870,-1172425.510,349.740
-443852.060,-1172430.790,351.100
-443770.740,-1172434.500,350.960
-443770.470,-1172433.950,354.480
-443770.640,-1172433.470,354.480
-443770.480,-1172430.990,354.460
-443770.660,-1172430.430,354.330
-443760.100,-1172335.110,352.450
-443826.420,-1172337.980,370.740
-443826.560,-1172343.870,370.840
-443826.550,-1172345.750,370.900
-443826.710,-1172350.270,370.890
-443826.900,-1172355.180,370.810
-443836.290,-1172416.190,374.210
-443850.700,-1172401.070,374.400
-443851.010,-1172398.680,374.300
-443850.770,-1172398.880,374.550
-443850.870,-1172397.390,374.220
-443850.640,-1172397.580,374.510
-443836.060,-1172409.060,374.220
-443850.590,-1172392.010,374.040
-443850.120,-1172392.410,374.730
-443850.690,-1172389.390,374.460
-443850.000,-1172383.410,374.940
-443852.000,-1172379.350,372.960
-443851.670,-1172379.250,372.950
-443850.040,-1172378.750,374.110
-443849.830,-1172379.300,374.270
-443850.260,-1172373.960,374.360
-443849.940,-1172372.850,374.390
-443850.200,-1172371.260,374.320
-443826.270,-1172334.860,370.860
-443826.210,-1172333.360,370.930
-443826.270,-1172335.270,370.850
-443851.210,-1172404.440,355.220
-443851.090,-1172404.780,355.250
-443851.840,-1172425.270,349.700
-443852.010,-1172427.500,349.740
-443851.790,-1172426.560,349.820
-443776.400,-1172413.590,347.950
-443777.180,-1172411.700,354.050
-443770.470,-1172430.680,350.980
-443770.410,-1172431.860,350.950
-443777.330,-1172413.580,352.980
-443771.110,-1172431.340,350.840
-443770.640,-1172433.850,350.950
-443771.150,-1172433.890,354.370
-443839.710,-1172334.110,351.580
-443840.310,-1172339.170,348.660
-443839.910,-1172342.860,354.350
-443840.630,-1172344.220,354.250
-443840.570,-1172347.270,348.640
-443840.440,-1172347.620,348.670
-443840.000,-1172347.290,348.800
-443840.590,-1172347.280,354.250
-443840.290,-1172353.300,354.340
-443840.150,-1172353.650,354.360
-443840.550,-1172353.900,348.730
-443840.310,-1172354.570,351.600
-443840.740,-1172359.170,354.350
-443840.510,-1172358.190,348.710
-443840.490,-1172361.300,348.750
-443840.510,-1172361.300,351.570
-443840.530,-1172361.280,354.330
-443840.820,-1172361.470,348.720
-443840.850,-1172361.440,351.540
-443840.500,-1172364.880,348.760
-443841.030,-1172363.520,354.300
-443840.510,-1172364.870,351.630
-443840.930,-1172365.370,348.700
-443841.080,-1172365.010,351.500
-443851.250,-1172379.800,353.340
-443840.070,-1172331.530,354.270
-443820.830,-1172314.430,350.500
-443801.730,-1172326.690,351.330
-443851.350,-1172405.690,357.950
-443850.980,-1172398.600,374.290
-443836.710,-1172427.330,374.310
-443850.370,-1172383.790,374.370
-443850.650,-1172381.680,373.660
-443850.030,-1172383.390,374.610
-443849.950,-1172378.870,374.500
-443849.710,-1172379.530,374.590
-443835.870,-1172398.810,374.740
-443840.750,-1172364.410,365.560
-443840.760,-1172361.780,359.960
-443841.090,-1172359.890,362.550
-443840.710,-1172357.840,362.660
-443840.850,-1172357.510,365.430
-443840.350,-1172358.820,365.570
-443840.550,-1172355.550,362.700
-443840.820,-1172354.850,365.440
-443840.700,-1172355.180,365.500
-443840.720,-1172353.570,357.120
-443840.730,-1172353.560,359.910
-443840.370,-1172354.560,362.750
-443840.300,-1172353.300,357.100
-443840.180,-1172353.610,357.150
-443840.250,-1172353.570,368.380
-443840.070,-1172350.300,362.760
-443840.520,-1172349.180,370.380
-443840.700,-1172349.950,357.040
-443840.580,-1172350.270,357.070
-443840.360,-1172350.900,359.920
-443840.640,-1172350.220,365.500
-443840.480,-1172347.650,362.670
-443840.630,-1172347.300,365.480
-443840.650,-1172347.300,368.310
-443840.390,-1172347.960,368.340
-443840.150,-1172350.010,357.180
-443840.190,-1172349.980,362.760
-443840.340,-1172346.610,365.550
-443840.180,-1172343.730,357.150
-443840.250,-1172343.690,368.350
-443840.170,-1172342.240,359.890
-443840.060,-1172342.560,362.700
-443840.330,-1172339.260,359.800
-443840.200,-1172339.590,359.850
-443840.120,-1172338.300,365.510
-443839.910,-1172337.020,357.120
-443839.650,-1172335.970,357.210
-443839.790,-1172335.650,359.930
-443839.930,-1172335.330,362.710
-443839.800,-1172335.660,362.760
-443839.930,-1172335.360,365.510
-443827.260,-1172363.720,371.040
-443827.090,-1172358.910,371.020
-443826.960,-1172355.090,371.060
-443826.940,-1172352.680,370.910
-443826.820,-1172350.590,371.020
-443826.730,-1172346.660,371.050
-443826.660,-1172345.350,370.960
-443826.550,-1172345.630,371.110
-443826.530,-1172337.020,370.890
-443826.620,-1172341.390,371.040
-443734.690,-1172437.250,361.720
-443734.740,-1172434.590,361.730
-443839.560,-1172332.910,357.210
-443839.570,-1172332.920,359.970
-443839.580,-1172332.960,365.570
-443840.090,-1172333.180,357.070
-443840.130,-1172333.210,368.280
-443839.830,-1172330.900,368.350
-443840.080,-1172331.560,357.090
-443826.330,-1172331.820,370.970
-443765.850,-1172293.290,359.080
-443714.930,-1172318.650,360.430
-443852.150,-1172430.760,351.080
-443851.970,-1172425.660,349.570
-443851.850,-1172425.370,349.700
-443850.940,-1172405.120,355.250
-443801.690,-1172419.880,352.330
-443800.500,-1172409.870,350.400
-443776.460,-1172413.530,347.990
-443777.360,-1172417.410,352.950
-443777.510,-1172419.130,352.850
-443777.540,-1172420.000,352.850
-443777.650,-1172422.120,352.870
-443777.690,-1172422.510,352.860
-443770.510,-1172430.760,354.470
-443770.830,-1172431.270,350.690
-443770.780,-1172431.790,350.850
-443770.600,-1172433.630,354.500
-443770.750,-1172434.030,354.430
-443770.770,-1172434.420,350.880
-443850.960,-1172379.970,353.330
-443839.510,-1172334.110,351.790
-443839.830,-1172334.140,352.060
-443839.780,-1172336.410,351.540
-443839.660,-1172337.570,354.430
-443839.910,-1172339.440,348.710
-443839.650,-1172341.930,351.590
-443839.870,-1172343.050,351.570
-443839.940,-1172346.520,351.620
-443840.030,-1172347.320,354.360
-443840.020,-1172347.320,348.750
-443840.250,-1172347.120,348.640
-443840.000,-1172347.890,348.800
-443840.250,-1172347.660,348.690
-443840.450,-1172352.500,351.390
-443839.960,-1172353.500,354.400
-443840.210,-1172353.280,354.350
-443840.280,-1172354.630,351.690
-443840.250,-1172357.360,351.610
-443840.500,-1172357.140,351.520
-443840.540,-1172359.180,354.330
-443840.410,-1172359.710,354.350
-443840.390,-1172361.450,354.370
-443840.480,-1172361.910,354.340
-443840.590,-1172362.880,348.810
-443840.470,-1172364.760,351.620
-443840.440,-1172365.140,354.420
-443840.440,-1172365.140,351.620
-443840.700,-1172364.910,351.540
-443840.440,-1172365.150,348.830
-443840.660,-1172364.940,348.710
-443840.700,-1172365.440,354.330
-443840.700,-1172365.440,351.560
-443839.840,-1172332.730,354.240
-443839.450,-1172331.740,354.410
-443839.680,-1172331.530,354.290
-443820.800,-1172314.320,350.460
-443820.950,-1172313.650,350.440
-443802.010,-1172329.940,351.060
-443760.100,-1172335.180,352.380
-443726.680,-1172320.690,351.190
-443851.820,-1172426.360,360.850
-443851.770,-1172424.600,361.090
-443843.290,-1172416.790,377.340
-443851.050,-1172404.440,355.500
-443850.520,-1172400.320,374.700
-443851.040,-1172398.490,374.330
-443850.970,-1172398.210,374.330
-443850.630,-1172398.170,374.630
-443850.830,-1172397.990,374.400
-443850.530,-1172397.380,374.670
-443836.110,-1172409.000,374.250
-443850.700,-1172394.950,374.440
-443850.590,-1172391.720,373.920
-443835.740,-1172399.340,374.530
-443850.580,-1172384.740,374.540
-443850.280,-1172383.990,374.760
-443850.100,-1172383.710,374.860
-443850.920,-1172380.460,363.370
-443850.000,-1172379.120,374.240
-443849.810,-1172378.960,374.440
-443851.400,-1172375.460,373.350
-443835.350,-1172388.610,374.500
-443835.340,-1172388.080,374.440
-443850.060,-1172373.900,374.500
-443849.910,-1172373.590,374.620
-443850.330,-1172372.630,374.150
-443849.920,-1172372.480,374.580
-443851.260,-1172370.870,373.370
-443849.780,-1172371.780,374.620
-443771.140,-1172433.680,360.450
-443834.930,-1172374.660,374.490
-443770.770,-1172430.920,357.840
-443840.490,-1172365.630,360.070
-443840.520,-1172364.710,362.760
-443840.460,-1172364.430,365.590
-443840.700,-1172364.210,365.520
-443840.410,-1172364.470,362.780
-443840.140,-1172359.180,365.590
-443840.420,-1172358.930,365.560
-443840.650,-1172358.190,359.740
-443840.620,-1172357.740,365.370
-443840.610,-1172357.740,362.610
-443840.500,-1172357.490,362.700
-443840.370,-1172355.530,365.550
-443840.350,-1172355.550,362.710
-443840.250,-1172355.190,368.380
-443840.220,-1172355.220,365.600
-443840.450,-1172355.010,365.490
-443840.190,-1172355.250,362.750
-443840.250,-1172354.660,362.720
-443827.210,-1172365.580,370.980
-443840.440,-1172353.650,357.090
-443840.000,-1172353.470,360.010
-443840.000,-1172353.470,357.220
-443840.230,-1172353.270,357.120
-443827.120,-1172364.000,371.000
-443840.020,-1172350.760,359.990
-443840.100,-1172350.150,362.780
-443840.070,-1172350.170,357.170
-443840.310,-1172349.960,357.110
-443839.910,-1172349.860,357.240
-443840.020,-1172347.870,368.410
-443840.240,-1172347.680,365.520
-443840.150,-1172346.750,365.530
-443840.120,-1172346.770,362.730
-443840.100,-1172346.790,359.930
-443826.980,-1172358.230,371.030
-443839.940,-1172346.520,357.170
-443839.960,-1172343.910,368.380
-443840.160,-1172343.730,357.080
-443839.840,-1172343.530,362.780
-443840.070,-1172343.320,362.690
-443840.100,-1172342.490,362.670
-443839.760,-1172342.310,360.080
-443826.850,-1172353.120,370.920
-443840.010,-1172340.370,368.320
-443839.850,-1172339.080,368.350
-443826.730,-1172349.610,370.930
-443826.690,-1172349.300,371.010
-443839.850,-1172336.860,368.340
-443839.840,-1172336.870,365.520
-443839.530,-1172336.640,368.420
-443839.980,-1172336.240,368.160
-443839.770,-1172336.430,365.520
-443839.790,-1172336.400,357.120
-443839.620,-1172336.040,360.020
-443839.640,-1172336.030,357.210
-443826.640,-1172347.400,371.020
-443839.820,-1172335.480,365.510
-443839.840,-1172335.460,362.690
-443839.580,-1172335.690,360.000
-443839.600,-1172335.670,357.190
-443839.800,-1172334.950,357.110
-443839.480,-1172334.840,357.200
-443826.390,-1172337.870,370.970
-443826.410,-1172336.860,370.900
-443839.590,-1172332.960,368.380
-443839.570,-1172332.980,365.550
-443839.820,-1172332.750,365.490
-443839.590,-1172332.960,359.910
-443839.610,-1172332.940,357.120
-443839.840,-1172332.730,357.030
-443839.790,-1172331.920,357.090
-443839.690,-1172332.390,368.320
-443839.450,-1172332.600,365.620
-443839.860,-1172330.980,368.120
-443826.380,-1172333.490,370.880
-443826.170,-1172332.360,371.070
-443749.620,-1172314.200,355.650
-443714.700,-1172317.310,360.150
-443802.510,-1172437.610,351.560
-443801.320,-1172411.070,352.780
-443851.440,-1172392.020,374.830
-443850.710,-1172384.510,374.100
-443850.410,-1172385.290,374.400
-443834.830,-1172410.360,359.870
-443826.990,-1172357.220,371.170
-443826.900,-1172357.450,370.810
-443826.990,-1172355.080,371.110
-443826.590,-1172345.350,370.670
-443826.550,-1172340.000,371.070
-443734.470,-1172431.500,361.780
-443734.270,-1172432.700,361.470
-443734.340,-1172429.700,361.740
-443798.740,-1172312.970,360.010
-443835.320,-1172426.380,351.720
-443834.970,-1172412.880,354.930
-443835.440,-1172412.490,354.230
-443835.700,-1172412.280,354.210
-443834.840,-1172412.490,354.240
-443834.900,-1172412.430,355.030
-443835.390,-1172412.030,354.210
-443834.930,-1172411.940,354.500
-443835.560,-1172411.420,354.230
-443834.440,-1172400.620,351.250
-443835.370,-1172411.560,371.090
-443851.370,-1172389.810,374.970
-443834.540,-1172400.990,360.020
-443835.580,-1172391.670,374.480
-443834.160,-1172390.400,369.260
-443850.310,-1172372.870,373.600
-443851.160,-1172370.860,373.110
-443850.370,-1172371.140,374.010
-443833.370,-1172371.490,368.330
-443826.970,-1172357.260,370.880
-443826.640,-1172347.330,370.910
-443826.490,-1172335.850,370.750
-443826.330,-1172336.720,370.940
-443826.240,-1172333.460,370.950
-443722.220,-1172317.330,357.360
