-443772.420,-1172411.560,353.670
-443697.560,-1172346.160,353.090
-443835.420,-1172312.590,352.800
-443832.200,-1172314.590,351.920
-443832.320,-1172314.280,351.920
-443827.610,-1172314.980,351.860
-443817.260,-1172313.950,354.780
-443813.400,-1172316.130,353.410
-443807.510,-1172320.250,351.410
-443807.620,-1172319.950,351.460
-443803.080,-1172290.360,353.610
-443802.180,-1172290.810,353.460
-443801.790,-1172290.690,353.480
-443793.840,-1172291.780,355.110
-443792.320,-1172291.960,355.020
-443791.430,-1172291.980,354.970
-443790.620,-1172291.760,355.080
-443789.310,-1172291.650,355.340
-443786.340,-1172292.540,355.080
-443718.890,-1172300.000,354.870
-443720.280,-1172300.100,354.800
-443722.410,-1172327.250,354.620
-443776.040,-1172321.850,355.360
-443775.340,-1172321.750,355.350
-443770.750,-1172322.500,355.020
-443719.410,-1172326.790,355.150
-443718.930,-1172326.750,355.180
-443717.200,-1172326.920,355.200
-443717.210,-1172300.300,354.920
-443716.890,-1172300.110,355.030
-443711.420,-1172299.770,353.860
-443711.860,-1172299.470,354.090
-443712.140,-1172297.030,355.470
-443709.320,-1172300.760,354.610
-443707.870,-1172301.420,354.390
-443707.280,-1172301.080,354.490
-443707.520,-1172301.450,354.360
-443706.490,-1172301.220,354.510
-443705.570,-1172301.350,354.490
-443706.170,-1172301.090,354.660
-443704.850,-1172301.060,354.580
-443849.190,-1172399.770,374.330
-443838.710,-1172421.300,380.470
-443841.010,-1172415.480,377.550
-443836.160,-1172356.460,370.840
-443828.080,-1172367.690,371.100
-443831.100,-1172359.970,373.200
-443718.570,-1172295.910,357.550
-443719.320,-1172297.980,356.140
-443719.620,-1172298.180,355.990
-443728.200,-1172296.060,357.590
-443728.460,-1172296.130,357.600
-443720.980,-1172320.930,359.020
-443720.870,-1172323.910,356.940
-443735.530,-1172292.310,359.590
-443736.460,-1172292.240,359.620
-443739.750,-1172291.890,359.650
-443734.410,-1172321.330,361.010
-443734.690,-1172321.130,361.060
-443734.270,-1172323.460,359.630
-443736.960,-1172319.490,361.940
-443735.050,-1172325.490,358.340
-443735.170,-1172325.190,358.430
-443737.510,-1172326.130,358.590
-443741.690,-1172318.190,360.490
-443739.200,-1172326.420,358.290
-443741.240,-1172326.430,358.340
-443743.830,-1172320.890,358.380
-443761.990,-1172291.590,356.780
-443762.240,-1172292.120,356.480
-443762.360,-1172291.820,356.640
-443762.590,-1172293.510,355.860
-443765.560,-1172316.920,361.230
-443765.750,-1172319.250,359.970
-443765.870,-1172318.940,360.020
-443766.090,-1172318.370,360.460
-443765.850,-1172318.160,360.440
-443765.570,-1172317.740,360.780
-443767.140,-1172317.770,360.680
-443766.830,-1172321.520,358.410
-443766.420,-1172321.620,358.490
-443768.300,-1172316.850,361.090
-443767.180,-1172321.540,358.430
-443768.200,-1172320.020,359.300
-443768.900,-1172318.250,360.220
-443767.850,-1172321.730,358.220
-443768.850,-1172320.180,359.030
-443769.790,-1172321.110,358.520
-443775.180,-1172319.170,357.780
-443780.290,-1172320.260,357.480
-443781.710,-1172320.140,357.430
-443784.080,-1172317.440,359.080
-443785.800,-1172321.090,357.330
-443785.680,-1172321.400,357.330
-443791.020,-1172317.160,359.380
-443791.800,-1172316.060,359.380
-443792.850,-1172313.390,360.970
-443794.280,-1172313.800,360.720
-443794.390,-1172313.500,360.830
-443792.450,-1172319.910,357.660
-443795.110,-1172313.080,360.990
-443792.860,-1172319.790,357.730
-443794.620,-1172315.290,359.670
-443795.430,-1172313.210,360.910
-443794.080,-1172317.660,358.240
-443795.170,-1172315.860,359.240
-443796.210,-1172313.180,360.850
-443794.850,-1172318.440,357.670
-443795.140,-1172318.560,357.570
-443796.860,-1172314.140,360.230
-443796.310,-1172316.520,358.740
-443797.460,-1172313.580,360.560
-443798.060,-1172314.090,360.170
-443812.550,-1172309.960,358.190
-443826.280,-1172309.330,356.090
-443701.490,-1172299.620,357.630
-443701.900,-1172300.640,357.080
-443711.260,-1172296.800,355.720
-443711.860,-1172294.450,357.170
-443706.390,-1172322.580,362.080
-443707.280,-1172323.860,361.140
-443716.880,-1172300.110,356.980
-443718.460,-1172297.950,356.230
-443707.730,-1172323.740,361.130
-443710.190,-1172322.100,362.120
-443710.020,-1172323.540,361.060
-443710.370,-1172323.580,361.040
-443710.780,-1172323.590,360.980
-443717.640,-1172321.160,359.120
-443713.330,-1172337.000,360.550
-443713.500,-1172337.700,360.300
-443714.510,-1172337.010,360.490
-443796.760,-1172423.320,353.110
-443770.660,-1172436.390,353.700
-443848.070,-1172307.140,348.120
-443832.280,-1172314.420,351.860
-443813.140,-1172316.390,353.220
-443815.370,-1172314.030,354.800
-443807.520,-1172320.230,351.400
-443802.430,-1172290.910,353.320
-443794.400,-1172291.560,355.150
-443794.160,-1172291.760,355.050
-443794.180,-1172291.420,355.250
-443793.960,-1172291.600,355.160
-443793.700,-1172291.820,355.040
-443792.550,-1172291.950,355.130
-443793.380,-1172291.640,355.200
-443793.120,-1172291.860,355.060
-443792.210,-1172291.730,355.230
-443791.600,-1172291.910,355.150
-443791.360,-1172292.110,355.110
-443791.270,-1172291.730,355.250
-443789.930,-1172291.830,355.240
-443788.900,-1172292.340,355.090
-443787.030,-1172292.360,355.130
-443786.790,-1172292.560,355.050
-443786.540,-1172292.380,355.190
-443786.290,-1172292.590,355.070
-443720.720,-1172299.050,355.450
-443721.340,-1172299.030,355.430
-443720.870,-1172299.880,354.900
-443722.900,-1172327.060,354.510
-443722.470,-1172327.070,354.540
-443719.070,-1172326.670,355.140
-443718.600,-1172326.740,355.160
-443717.080,-1172300.130,355.060
-443715.480,-1172300.440,355.130
-443711.440,-1172299.770,353.900
-443708.430,-1172300.980,354.550
-443707.920,-1172301.400,354.370
-443707.690,-1172301.110,354.510
-443707.060,-1172301.080,354.550
-443706.460,-1172301.010,354.610
-443706.030,-1172301.000,354.660
-443705.530,-1172301.410,354.470
-443705.280,-1172301.610,354.390
-443705.240,-1172301.250,354.560
-443702.890,-1172300.560,354.700
-443831.250,-1172354.930,370.760
-443842.740,-1172370.680,374.330
-443845.380,-1172370.460,374.720
-443838.840,-1172421.190,380.490
-443846.100,-1172399.720,374.340
-443838.340,-1172400.200,374.190
-443841.450,-1172393.120,374.740
-443843.620,-1172378.800,374.130
-443719.930,-1172295.020,357.980
-443719.860,-1172298.400,355.900
-443747.000,-1172297.370,357.780
-443725.490,-1172320.980,358.670
-443732.190,-1172320.330,361.820
-443733.510,-1172319.940,361.950
-443732.040,-1172321.170,361.300
-443731.900,-1172322.130,360.730
-443732.830,-1172321.830,360.800
-443737.380,-1172319.540,361.930
-443734.260,-1172325.160,358.530
-443743.840,-1172317.120,361.000
-443734.610,-1172325.600,358.190
-443745.020,-1172319.900,359.050
-443738.410,-1172326.070,358.560
-443737.680,-1172326.680,358.240
-443745.090,-1172321.420,357.810
-443739.360,-1172326.530,358.200
-443749.990,-1172320.150,358.540
-443765.940,-1172316.950,361.210
-443766.840,-1172317.120,361.050
-443767.350,-1172317.720,360.690
-443765.880,-1172318.970,360.070
-443765.620,-1172319.190,360.020
-443766.290,-1172319.000,359.980
-443769.390,-1172318.280,360.190
-443768.940,-1172320.110,359.150
-443767.220,-1172321.560,358.420
-443769.870,-1172321.400,358.360
-443774.690,-1172317.710,359.360
-443786.250,-1172316.380,359.510
-443791.090,-1172317.170,359.460
-443786.250,-1172321.280,357.380
-443796.320,-1172316.480,358.800
-443792.210,-1172319.960,357.620
-443792.840,-1172319.850,357.680
-443792.610,-1172320.040,357.610
-443797.340,-1172318.040,357.780
-443796.330,-1172318.350,357.590
-443807.410,-1172309.930,358.680
-443797.610,-1172318.230,357.620
-443798.010,-1172318.900,357.350
-443805.110,-1172312.430,356.520
-443811.620,-1172309.390,358.740
-443811.240,-1172311.720,357.190
-443828.940,-1172308.950,356.080
-443833.100,-1172309.290,355.490
-443840.700,-1172307.730,355.960
-443827.450,-1172331.070,370.780
-443833.950,-1172330.550,371.130
-443833.470,-1172330.600,371.120
-443837.620,-1172330.410,371.160
-443698.410,-1172298.070,355.650
-443717.760,-1172296.380,357.300
-443707.790,-1172323.760,361.130
-443713.500,-1172323.140,360.940
-443714.530,-1172323.190,360.960
-443719.560,-1172321.110,359.030
-443715.960,-1172327.350,357.910
-443720.910,-1172323.980,356.890
-443713.160,-1172337.010,360.640
-443714.000,-1172338.010,360.220
-443713.530,-1172337.540,360.560
-443832.030,-1172314.470,351.930
-443721.100,-1172298.990,355.400
-443831.910,-1172419.670,377.760
-443836.430,-1172330.550,371.190
-443832.860,-1172330.860,370.710
-443829.270,-1172307.260,357.290
-443793.890,-1172317.500,358.390
-443790.860,-1172319.070,358.320
-443774.160,-1172317.580,359.340
-443739.520,-1172326.600,358.260
-443737.360,-1172319.530,361.970
-443736.370,-1172321.900,360.410
-443734.990,-1172323.190,359.760
-443734.080,-1172319.970,361.880
-443732.280,-1172320.620,361.580
-443728.280,-1172296.020,357.770
-443728.870,-1172296.040,357.800
-443726.810,-1172296.210,357.730
-443721.110,-1172294.970,358.060
-443714.600,-1172337.910,360.270
-443719.430,-1172321.140,359.180
-443712.430,-1172338.200,360.240
-443714.910,-1172323.110,361.070
-443716.140,-1172321.480,362.130
-443712.100,-1172323.230,361.020
-443710.040,-1172322.100,362.180
-443707.720,-1172323.730,361.060
-443718.110,-1172298.930,355.810
-443707.230,-1172323.870,361.220
-443707.350,-1172322.420,362.260
-443798.880,-1172424.040,352.750
-443833.360,-1172314.250,351.880
-443832.080,-1172314.350,351.890
-443807.420,-1172320.090,351.380
-443804.170,-1172290.690,353.300
-443802.470,-1172290.700,353.420
-443794.590,-1172291.570,355.140
-443793.930,-1172291.840,355.120
-443793.110,-1172291.840,355.130
-443791.720,-1172291.840,355.170
-443788.840,-1172292.400,355.080
-443789.750,-1172292.210,355.090
-443789.320,-1172291.620,355.360
-443786.700,-1172292.540,355.060
-443787.000,-1172292.260,355.170
-443786.300,-1172292.590,355.100
-443786.600,-1172292.310,355.210
-443721.280,-1172299.190,355.310
-443721.610,-1172299.880,354.880
-443723.570,-1172299.610,354.830
-443724.260,-1172299.480,354.840
-443719.690,-1172326.570,355.140
-443717.480,-1172326.650,355.280
-443718.590,-1172326.650,355.200
-443711.720,-1172299.540,354.060
-443709.430,-1172300.740,354.660
-443707.200,-1172301.270,354.410
-443705.620,-1172301.480,354.450
-443705.270,-1172301.490,354.430
-443705.590,-1172301.190,354.530
-443704.790,-1172301.000,354.670
-443847.840,-1172419.720,374.120
-443846.880,-1172399.880,374.300
-443845.660,-1172370.440,374.680
-443839.750,-1172307.870,355.990
-443798.460,-1172318.690,357.350
-443804.990,-1172312.740,356.650
-443796.350,-1172318.370,357.610
-443797.590,-1172317.240,358.240
-443804.310,-1172311.720,357.560
-443794.040,-1172319.480,357.860
-443795.090,-1172318.530,357.630
-443792.640,-1172319.920,357.660
-443796.460,-1172316.450,358.810
-443793.150,-1172319.810,357.630
-443793.440,-1172319.540,357.770
-443793.740,-1172319.270,357.910
-443798.490,-1172314.280,360.020
-443793.950,-1172317.630,358.190
-443792.020,-1172319.910,357.660
-443789.890,-1172320.850,357.360
-443795.640,-1172314.870,359.900
-443794.640,-1172315.300,359.580
-443787.890,-1172321.050,357.370
-443794.270,-1172313.290,360.980
-443794.470,-1172313.590,360.760
-443793.240,-1172313.290,361.030
-443785.150,-1172317.260,359.050
-443786.070,-1172316.430,359.490
-443785.820,-1172314.040,361.050
-443769.540,-1172321.120,358.540
-443769.040,-1172320.460,358.930
-443766.950,-1172321.580,358.410
-443768.890,-1172318.270,360.210
-443769.100,-1172316.550,361.190
-443765.710,-1172319.270,359.910
-443765.770,-1172317.870,360.720
-443765.480,-1172317.050,361.280
-443765.780,-1172316.780,361.310
-443765.940,-1172316.870,361.230
-443750.020,-1172320.290,358.480
-443738.210,-1172326.660,358.210
-443746.740,-1172317.630,360.440
-443743.020,-1172320.240,359.010
-443738.570,-1172321.380,360.630
-443743.060,-1172317.270,361.000
-443742.010,-1172317.410,360.990
-443738.440,-1172319.390,361.930
-443737.650,-1172319.520,361.850
-443731.030,-1172322.020,360.860
-443719.720,-1172296.560,356.990
-443714.000,-1172337.140,360.460
-443714.440,-1172337.810,360.270
-443720.890,-1172324.050,356.850
-443718.460,-1172321.240,359.020
-443714.430,-1172321.620,362.000
-443707.270,-1172323.740,361.180
-443716.790,-1172300.030,357.000
-443718.170,-1172297.470,356.600
-443718.350,-1172294.910,358.110
-443712.780,-1172295.710,358.060
-443711.430,-1172294.300,357.230
-443806.520,-1172433.700,351.600
-443798.890,-1172424.040,352.770
-443736.260,-1172436.740,351.120
-443745.800,-1172410.860,347.920
-443737.570,-1172437.250,347.650
-443747.400,-1172411.170,347.870
-443738.880,-1172436.800,351.100
-443739.240,-1172437.260,350.910
-443749.890,-1172410.800,347.940
-443749.780,-1172411.100,347.860
-443753.650,-1172410.590,347.910
-443753.530,-1172410.900,347.870
-443745.510,-1172437.060,350.920
-443747.970,-1172436.860,350.900
-443750.300,-1172436.140,351.100
-443751.840,-1172436.640,350.950
-443754.880,-1172436.420,354.500
-443757.520,-1172435.690,347.740
-443757.790,-1172435.920,347.710
-443762.880,-1172435.560,347.730
-443772.760,-1172411.260,354.020
-443766.900,-1172436.270,347.470
-443767.940,-1172436.150,347.490
-443794.390,-1172424.670,350.190
-443848.120,-1172306.930,348.160
-443848.020,-1172307.190,347.950
-443832.600,-1172314.360,351.800
-443832.020,-1172314.400,351.850
-443827.530,-1172314.910,351.800
-443817.290,-1172313.870,354.790
-443789.750,-1172291.880,355.220
-443791.370,-1172291.660,355.260
-443793.380,-1172291.630,355.150
-443801.750,-1172290.510,353.530
-443802.420,-1172290.700,353.400
-443721.130,-1172299.030,355.460
-443722.810,-1172327.050,354.520
-443745.000,-1172325.500,351.370
-443771.710,-1172322.140,355.070
-443719.580,-1172326.610,355.130
-443718.730,-1172326.810,355.140
-443717.800,-1172326.890,355.100
-443711.730,-1172299.530,354.010
-443711.600,-1172297.780,355.090
-443706.260,-1172301.080,354.610
-443706.150,-1172301.380,354.460
-443698.540,-1172297.970,355.700
-443846.450,-1172415.670,374.150
-443839.430,-1172400.180,374.200
-443836.800,-1172400.030,374.350
-443841.860,-1172370.850,374.320
-443840.070,-1172370.890,374.320
-443831.930,-1172359.870,370.730
-443767.790,-1172420.890,361.930
-443835.350,-1172330.560,371.040
-443836.230,-1172330.740,370.810
-443834.450,-1172308.020,356.380
-443828.580,-1172308.780,356.330
-443829.450,-1172307.260,357.270
-443796.570,-1172316.410,358.810
-443797.140,-1172317.240,358.270
-443794.390,-1172320.060,357.460
-443793.580,-1172319.640,357.760
-443795.980,-1172315.810,359.220
-443794.800,-1172313.070,360.990
-443791.630,-1172314.320,360.490
-443792.020,-1172315.970,359.390
-443790.890,-1172319.000,358.240
-443790.560,-1172319.890,357.770
-443791.020,-1172313.560,360.980
-443791.310,-1172313.560,360.970
-443791.940,-1172313.490,361.000
-443788.700,-1172317.700,359.460
-443769.950,-1172320.460,358.890
-443769.370,-1172319.410,359.490
-443768.800,-1172320.190,359.120
-443768.500,-1172321.020,358.640
-443768.480,-1172317.070,360.950
-443767.830,-1172318.810,359.980
-443766.760,-1172321.710,358.360
-443767.540,-1172321.210,358.470
-443767.070,-1172318.760,360.070
-443768.380,-1172316.770,361.180
-443765.710,-1172319.220,359.980
-443766.870,-1172316.670,361.310
-443767.160,-1172317.630,360.680
-443762.440,-1172293.430,355.900
-443762.330,-1172293.720,355.720
-443762.330,-1172292.320,356.430
-443762.160,-1172291.890,356.620
-443761.910,-1172290.870,357.080
-443743.860,-1172321.550,357.780
-443744.590,-1172317.200,360.930
-443740.720,-1172326.220,358.300
-443746.930,-1172297.420,357.660
-443738.690,-1172319.340,361.920
-443737.230,-1172320.340,361.390
-443735.560,-1172324.860,358.630
-443735.150,-1172325.200,358.460
-443731.590,-1172322.070,360.720
-443737.690,-1172292.080,359.630
-443734.750,-1172292.390,359.700
-443727.880,-1172296.030,357.600
-443720.770,-1172294.700,358.120
-443713.620,-1172337.750,360.340
-443718.480,-1172321.200,358.990
-443718.080,-1172321.250,359.050
-443715.020,-1172323.140,360.980
-443712.270,-1172323.290,361.060
-443711.730,-1172323.410,361.010
-443709.990,-1172323.550,361.060
-443718.800,-1172297.740,356.350
-443709.270,-1172322.210,362.080
-443718.580,-1172295.580,357.600
-443718.460,-1172295.930,357.530
-443717.300,-1172299.040,355.710
-443716.410,-1172300.080,356.880
-443707.720,-1172323.770,361.130
-443718.320,-1172295.760,357.640
-443718.000,-1172296.640,357.180
-443717.780,-1172296.370,357.190
-443706.870,-1172323.970,361.090
-443717.640,-1172295.120,358.070
-443711.240,-1172294.280,357.250
-443794.980,-1172424.590,350.370
-443793.900,-1172424.230,352.830
-443793.470,-1172424.180,352.870
-443739.990,-1172411.620,347.810
-443749.800,-1172410.910,347.960
-443737.270,-1172437.480,347.560
-443742.930,-1172437.180,347.520
-443748.050,-1172436.850,350.960
-443751.780,-1172436.420,350.980
-443757.580,-1172436.190,347.650
-443763.040,-1172436.300,347.380
-443766.410,-1172435.860,347.620
-443769.090,-1172435.900,347.590
-443770.460,-1172436.370,353.630
-443803.770,-1172379.660,348.440
-443847.910,-1172306.970,348.120
-443836.440,-1172310.660,354.240
-443813.580,-1172316.260,353.280
-443807.480,-1172320.300,351.290
-443807.710,-1172320.110,351.420
-443804.530,-1172317.060,351.180
-443786.790,-1172292.540,355.100
-443787.060,-1172292.310,355.230
-443792.020,-1172291.690,355.260
-443790.820,-1172292.010,355.140
-443793.240,-1172291.860,355.100
-443793.980,-1172291.750,355.040
-443794.230,-1172291.540,355.190
-443802.430,-1172290.820,353.380
-443721.220,-1172299.070,355.440
-443721.110,-1172299.820,354.890
-443730.420,-1172298.890,354.760
-443722.780,-1172327.030,354.540
-443723.580,-1172326.920,354.480
-443735.260,-1172325.270,350.920
-443749.460,-1172323.450,355.520
-443769.680,-1172322.440,355.150
-443718.890,-1172326.710,355.150
-443719.480,-1172326.710,355.080
-443718.790,-1172300.030,354.990
-443715.070,-1172300.640,354.910
-443707.990,-1172301.370,354.330
-443708.480,-1172300.950,354.560
-443707.060,-1172301.230,354.500
-443705.320,-1172301.500,354.460
-443705.590,-1172301.270,354.530
-443837.760,-1172421.660,374.300
-443831.480,-1172420.970,377.790
-443847.310,-1172399.900,374.190
-443847.090,-1172399.750,374.310
-443846.190,-1172399.680,374.350
-443842.620,-1172399.880,374.320
-443842.360,-1172399.810,374.360
-443840.150,-1172399.980,374.330
-443839.420,-1172400.150,374.170
-443839.940,-1172307.770,356.080
-443797.630,-1172318.160,357.690
-443793.370,-1172317.480,358.390
-443795.370,-1172316.490,358.920
-443795.730,-1172314.800,359.890
-443786.700,-1172321.180,357.400
-443796.190,-1172313.260,360.870
-443794.210,-1172313.640,360.780
-443792.100,-1172314.860,360.110
-443790.550,-1172313.810,360.890
-443791.060,-1172313.380,361.130
-443780.480,-1172320.470,357.360
-443775.100,-1172319.170,357.800
-443774.750,-1172317.630,359.400
-443769.820,-1172321.200,358.490
-443767.110,-1172321.720,358.400
-443767.340,-1172321.530,358.500
-443766.070,-1172320.440,359.190
-443768.090,-1172318.730,360.020
-443768.340,-1172318.530,360.130
-443766.620,-1172320.430,359.140
-443766.250,-1172319.840,359.530
-443767.540,-1172318.760,360.060
-443769.140,-1172316.470,361.300
-443766.980,-1172318.720,360.130
-443766.280,-1172318.360,360.390
-443767.010,-1172317.750,360.700
-443766.210,-1172317.830,360.720
-443765.550,-1172317.790,360.810
-443743.780,-1172321.600,357.820
-443747.620,-1172318.350,359.950
-443743.740,-1172321.080,358.390
-443742.250,-1172321.720,357.770
-443734.670,-1172325.760,358.090
-443741.900,-1172317.860,360.750
-443731.940,-1172322.190,360.670
-443737.670,-1172291.990,359.770
-443719.730,-1172296.610,357.030
-443713.590,-1172337.780,360.320
-443713.580,-1172327.100,360.850
-443717.620,-1172321.260,359.130
-443714.920,-1172323.110,361.020
-443710.800,-1172323.430,361.110
-443707.780,-1172323.780,361.150
-443716.910,-1172299.920,357.080
-443718.620,-1172295.790,357.620
-443718.030,-1172295.010,358.150
-443711.240,-1172296.370,355.960
-443711.160,-1172294.290,357.240
