-443804.650,-1172433.740,350.260
-443821.250,-1172433.120,350.370
-443830.500,-1172418.210,348.210
-443830.630,-1172417.890,348.210
-443830.770,-1172418.400,348.240
-443830.880,-1172418.100,348.220
-443831.000,-1172417.800,348.200
-443831.020,-1172418.520,348.220
-443743.790,-1172423.190,347.540
-443755.660,-1172422.370,347.510
-443841.870,-1172303.000,352.950
-443840.660,-1172304.800,354.040
-443841.630,-1172302.360,352.450
-443839.810,-1172305.940,354.900
-443839.930,-1172305.640,354.750
-443840.000,-1172303.760,353.330
-443839.690,-1172301.710,351.860
-443836.400,-1172302.010,354.460
-443829.160,-1172303.060,354.740
-443826.540,-1172307.760,355.250
-443825.610,-1172307.460,354.870
-443826.340,-1172304.790,353.090
-443825.620,-1172305.660,353.630
-443826.460,-1172303.520,352.180
-443819.960,-1172304.420,353.450
-443820.080,-1172304.130,353.310
-443816.910,-1172307.170,355.340
-443809.370,-1172315.470,353.400
-443804.510,-1172308.750,355.420
-443804.630,-1172308.440,355.310
-443804.880,-1172307.800,354.810
-443728.300,-1172293.830,355.420
-443729.300,-1172293.360,355.150
-443748.410,-1172335.260,352.690
-443718.540,-1172328.960,352.740
-443717.310,-1172329.080,353.030
-443707.120,-1172292.670,354.630
-443706.800,-1172292.550,354.440
-443738.510,-1172438.130,361.800
-443745.040,-1172438.190,361.850
-443752.050,-1172437.250,361.460
-443756.000,-1172437.020,361.430
-443756.620,-1172437.460,361.850
-443759.300,-1172436.960,361.490
-443759.490,-1172437.340,361.820
-443832.380,-1172337.790,370.570
-443843.020,-1172415.460,374.200
-443850.840,-1172370.900,373.470
-443828.960,-1172366.840,370.800
-443719.580,-1172292.540,356.960
-443719.770,-1172292.960,357.250
-443720.590,-1172291.910,356.640
-443720.820,-1172291.330,356.310
-443723.030,-1172296.170,357.400
-443725.740,-1172294.940,356.320
-443726.470,-1172294.560,356.100
-443720.190,-1172316.680,358.240
-443729.440,-1172295.630,357.630
-443720.810,-1172320.310,358.780
-443720.930,-1172320.010,358.540
-443721.170,-1172319.410,358.170
-443722.290,-1172318.360,357.500
-443722.530,-1172317.770,357.130
-443722.870,-1172319.830,358.730
-443723.340,-1172318.680,357.870
-443723.580,-1172318.080,357.470
-443724.300,-1172316.300,356.270
-443723.370,-1172318.990,358.010
-443723.970,-1172317.520,357.010
-443724.660,-1172316.840,356.680
-443725.240,-1172315.400,355.590
-443723.690,-1172319.900,358.790
-443723.930,-1172319.330,358.380
-443724.040,-1172319.040,358.190
-443724.530,-1172317.840,357.340
-443724.650,-1172317.530,357.140
-443725.010,-1172316.630,356.510
-443735.460,-1172291.740,359.400
-443724.750,-1172319.140,358.330
-443725.600,-1172317.040,356.860
-443725.720,-1172316.740,356.670
-443725.950,-1172316.180,356.290
-443726.070,-1172315.870,356.030
-443724.990,-1172319.950,358.920
-443726.500,-1172317.050,356.920
-443725.660,-1172319.110,358.370
-443738.990,-1172291.250,359.410
-443739.220,-1172290.660,359.110
-443731.440,-1172313.680,358.010
-443730.550,-1172316.500,359.790
-443732.490,-1172313.850,358.020
-443731.670,-1172316.950,360.160
-443733.000,-1172314.300,358.500
-443732.760,-1172316.930,360.170
-443733.470,-1172315.170,359.070
-443733.580,-1172314.880,358.920
-443732.730,-1172317.960,360.990
-443732.980,-1172318.910,361.510
-443733.710,-1172317.110,360.430
-443733.940,-1172316.530,360.060
-443735.660,-1172314.330,358.750
-443735.150,-1172317.740,360.950
-443736.340,-1172314.800,359.130
-443736.820,-1172313.590,358.400
-443735.630,-1172317.290,360.650
-443737.090,-1172315.160,359.400
-443736.840,-1172319.080,362.030
-443738.620,-1172314.650,359.180
-443737.570,-1172317.960,361.220
-443737.670,-1172318.900,361.880
-443737.910,-1172318.960,361.820
-443738.520,-1172318.290,361.490
-443740.690,-1172315.270,359.830
-443739.830,-1172318.300,361.590
-443742.880,-1172312.690,358.120
-443742.350,-1172314.980,359.690
-443742.080,-1172316.550,360.670
-443744.280,-1172312.790,358.270
-443743.480,-1172315.680,360.250
-443743.730,-1172316.210,360.590
-443746.080,-1172315.230,360.120
-443746.880,-1172315.240,360.200
-443766.220,-1172294.370,359.130
-443769.700,-1172293.860,359.050
-443764.770,-1172311.770,359.320
-443764.880,-1172311.480,359.070
-443771.990,-1172293.510,358.880
-443764.900,-1172313.220,360.250
-443764.940,-1172312.100,359.440
-443765.050,-1172311.810,359.260
-443765.770,-1172310.010,358.040
-443765.070,-1172314.380,360.950
-443765.790,-1172312.570,359.780
-443764.860,-1172314.000,360.650
-443765.350,-1172312.770,359.920
-443765.460,-1172312.480,359.690
-443767.100,-1172313.030,360.170
-443768.410,-1172309.740,358.180
-443766.900,-1172312.580,359.830
-443765.460,-1172315.510,361.700
-443766.290,-1172313.420,360.320
-443769.310,-1172310.240,358.520
-443769.060,-1172310.050,358.370
-443769.180,-1172309.740,358.160
-443768.660,-1172312.880,360.000
-443769.870,-1172309.840,358.320
-443769.030,-1172314.170,360.940
-443769.760,-1172314.070,361.020
-443770.110,-1172314.120,360.910
-443778.720,-1172309.610,357.990
-443779.440,-1172310.030,358.330
-443784.660,-1172308.130,357.600
-443784.520,-1172312.980,360.540
-443785.220,-1172312.260,360.110
-443788.970,-1172309.670,358.860
-443789.440,-1172308.470,358.020
-443788.880,-1172308.950,358.400
-443789.130,-1172308.320,357.910
-443789.250,-1172308.020,357.720
-443789.060,-1172310.470,359.270
-443789.290,-1172312.170,360.480
-443790.510,-1172309.100,358.600
-443789.360,-1172311.040,359.630
-443789.480,-1172310.740,359.490
-443789.620,-1172312.300,360.400
-443789.740,-1172311.990,360.280
-443790.470,-1172310.160,359.160
-443792.590,-1172307.590,357.730
-443792.590,-1172308.640,358.400
-443790.440,-1172313.030,360.940
-443795.010,-1172309.000,358.720
-443794.820,-1172311.310,360.120
-443795.070,-1172310.670,359.730
-443795.440,-1172309.750,359.150
-443795.830,-1172311.270,360.180
-443797.820,-1172307.170,357.820
-443798.120,-1172308.370,358.600
-443797.850,-1172308.070,358.350
-443796.970,-1172312.330,360.890
-443797.820,-1172310.170,359.540
-443798.170,-1172309.280,359.090
-443797.050,-1172311.050,360.110
-443797.400,-1172310.170,359.530
-443797.520,-1172311.610,360.460
-443798.370,-1172309.470,359.170
-443803.790,-1172310.570,356.810
-443806.260,-1172305.850,355.770
-443804.760,-1172310.540,356.920
-443809.040,-1172307.830,357.530
-443810.870,-1172305.360,355.810
-443815.460,-1172307.910,358.030
-443815.590,-1172307.590,357.890
-443815.710,-1172307.280,357.710
-443815.090,-1172307.540,357.890
-443819.430,-1172309.440,357.220
-443819.990,-1172308.760,356.830
-443829.630,-1172305.850,356.700
-443828.040,-1172308.090,355.620
-443832.670,-1172304.230,355.840
-443832.780,-1172303.940,355.630
-443834.670,-1172304.300,356.100
-443833.020,-1172305.950,357.060
-443833.070,-1172304.890,356.290
-443832.820,-1172304.750,356.160
-443836.930,-1172305.460,356.970
-443696.660,-1172291.750,359.030
-443702.220,-1172293.970,357.110
-443703.450,-1172295.940,358.470
-443697.520,-1172315.410,360.440
-443711.660,-1172292.910,356.670
-443711.490,-1172292.450,356.370
-443714.180,-1172292.900,356.770
-443713.960,-1172292.510,356.490
-443717.410,-1172290.660,355.610
-443705.170,-1172319.860,360.080
-443705.730,-1172317.770,358.450
-443706.200,-1172316.620,357.500
-443717.170,-1172292.000,356.430
-443707.110,-1172320.810,361.010
-443707.230,-1172320.520,360.820
-443708.570,-1172321.640,361.880
-443715.180,-1172317.240,358.800
-443719.430,-1172316.730,358.200
-443719.680,-1172317.220,358.640
-443719.930,-1172320.600,358.980
-443852.870,-1172299.090,348.230
-443830.660,-1172418.010,348.220
-443822.670,-1172433.040,350.350
-443772.260,-1172425.210,354.010
-443841.780,-1172305.850,355.000
-443841.530,-1172306.070,355.150
-443841.270,-1172306.290,355.320
-443845.930,-1172301.140,349.180
-443839.020,-1172306.150,355.090
-443840.000,-1172302.920,352.820
-443837.760,-1172304.830,353.860
-443839.790,-1172303.600,353.340
-443837.670,-1172303.480,353.100
-443837.770,-1172302.460,352.390
-443836.280,-1172303.180,355.350
-443802.840,-1172330.740,350.220
-443830.720,-1172303.170,354.930
-443830.070,-1172303.280,354.930
-443826.670,-1172304.910,352.900
-443825.480,-1172305.450,353.520
-443826.900,-1172303.790,352.440
-443826.400,-1172303.700,352.360
-443819.130,-1172305.470,354.260
-443819.940,-1172304.340,353.460
-443817.220,-1172306.640,355.000
-443818.620,-1172304.430,353.480
-443818.300,-1172304.270,353.330
-443802.830,-1172308.320,355.150
-443804.570,-1172306.850,354.360
-443803.100,-1172306.450,353.830
-443801.720,-1172307.060,354.160
-443728.250,-1172293.740,355.500
-443721.680,-1172315.110,355.190
-443748.380,-1172335.180,352.720
-443717.470,-1172329.050,353.140
-443719.100,-1172329.000,352.920
-443707.370,-1172292.650,354.550
-443707.400,-1172292.250,354.330
-443707.160,-1172292.450,354.510
-443706.910,-1172292.650,354.650
-443706.950,-1172292.140,354.340
-443736.900,-1172438.160,361.820
-443831.520,-1172360.790,370.860
-443768.860,-1172436.600,361.830
-443830.000,-1172418.170,362.640
-443841.720,-1172406.930,374.840
-443719.290,-1172291.940,356.630
-443719.700,-1172292.000,356.720
-443723.350,-1172295.960,357.360
-443724.300,-1172295.560,357.070
-443727.660,-1172295.140,356.970
-443733.900,-1172290.810,358.730
-443734.800,-1172291.230,359.120
-443734.550,-1172291.440,359.280
-443735.290,-1172290.830,358.810
-443737.190,-1172291.670,359.680
-443739.750,-1172291.220,359.620
-443724.190,-1172315.460,355.680
-443724.390,-1172316.280,356.260
-443720.960,-1172319.650,358.460
-443723.740,-1172317.610,357.180
-443721.030,-1172319.880,358.590
-443723.240,-1172318.930,358.120
-443722.010,-1172319.960,358.750
-443726.500,-1172316.980,356.940
-443722.840,-1172320.040,358.900
-443724.820,-1172319.000,358.330
-443732.370,-1172313.860,358.180
-443731.910,-1172314.260,358.480
-443733.710,-1172313.650,358.040
-443733.220,-1172314.060,358.400
-443732.730,-1172314.470,358.660
-443730.210,-1172317.030,360.180
-443732.110,-1172315.750,359.500
-443730.410,-1172317.180,360.300
-443735.150,-1172313.810,358.470
-443733.410,-1172315.270,359.310
-443730.710,-1172317.530,360.570
-443736.780,-1172313.360,358.050
-443732.600,-1172317.120,360.370
-443732.360,-1172317.330,360.510
-443736.370,-1172314.530,358.990
-443735.120,-1172315.580,359.570
-443733.900,-1172316.600,360.150
-443732.930,-1172317.410,360.610
-443732.210,-1172318.010,360.980
-443734.760,-1172316.240,359.940
-443731.590,-1172318.890,361.450
-443735.970,-1172316.110,359.970
-443735.240,-1172316.720,360.320
-443734.480,-1172317.360,360.710
-443735.140,-1172317.850,361.110
-443736.220,-1172318.170,361.460
-443742.450,-1172313.280,358.620
-443737.300,-1172317.600,361.060
-443736.330,-1172318.420,361.550
-443744.380,-1172312.510,358.210
-443737.730,-1172318.760,361.830
-443740.670,-1172316.290,360.530
-443745.470,-1172312.750,358.510
-443739.330,-1172317.900,361.520
-443768.990,-1172293.880,359.090
-443769.710,-1172293.850,359.110
-443747.240,-1172314.260,359.650
-443746.860,-1172315.310,360.130
-443746.480,-1172316.040,360.720
-443764.970,-1172312.070,359.450
-443765.060,-1172311.520,359.080
-443764.810,-1172312.650,359.920
-443765.560,-1172312.380,359.670
-443765.310,-1172312.590,359.820
-443765.180,-1172313.740,360.530
-443765.720,-1172312.830,359.950
-443766.790,-1172314.090,360.810
-443765.640,-1172315.510,361.660
-443771.050,-1172311.260,359.310
-443769.820,-1172312.300,359.840
-443770.120,-1172313.810,360.890
-443771.180,-1172313.950,361.000
-443773.110,-1172314.290,361.360
-443780.900,-1172311.510,359.410
-443780.640,-1172312.290,359.920
-443782.990,-1172310.690,359.030
-443785.540,-1172309.620,358.570
-443785.590,-1172310.560,359.140
-443789.190,-1172308.140,357.810
-443789.230,-1172308.580,358.150
-443785.180,-1172313.450,361.110
-443789.860,-1172309.500,358.730
-443789.700,-1172310.080,359.090
-443789.450,-1172310.290,359.200
-443789.050,-1172311.060,359.820
-443791.820,-1172308.960,358.560
-443789.330,-1172311.060,359.730
-443791.990,-1172310.540,359.580
-443789.770,-1172312.420,360.590
-443797.980,-1172306.930,357.710
-443797.910,-1172307.380,358.020
-443793.930,-1172310.750,359.850
-443793.460,-1172311.150,360.100
-443792.250,-1172312.180,360.620
-443798.060,-1172307.910,358.250
-443797.430,-1172310.080,359.670
-443795.220,-1172311.950,360.670
-443796.670,-1172312.450,361.020
-443804.350,-1172308.630,355.570
-443802.370,-1172310.300,356.710
-443808.290,-1172306.760,356.670
-443811.040,-1172305.350,355.890
-443804.910,-1172310.550,357.020
-443811.300,-1172306.210,356.540
-443815.420,-1172304.980,355.990
-443815.550,-1172306.050,356.820
-443811.450,-1172308.940,358.670
-443815.560,-1172307.560,357.930
-443815.050,-1172308.000,358.250
-443815.030,-1172307.480,357.870
-443820.320,-1172308.550,356.670
-443819.830,-1172308.970,356.970
-443819.570,-1172309.190,357.150
-443825.250,-1172308.240,355.560
-443828.180,-1172305.320,356.250
-443829.060,-1172304.140,355.480
-443829.540,-1172306.530,357.240
-443833.030,-1172305.940,357.110
-443832.820,-1172305.660,356.890
-443837.340,-1172304.240,356.200
-443837.400,-1172305.130,356.880
-443836.650,-1172305.770,357.270
-443840.270,-1172307.130,355.860
-443840.730,-1172307.250,355.980
-443703.710,-1172294.450,357.230
-443702.770,-1172295.610,358.460
-443704.460,-1172294.690,357.180
-443711.540,-1172292.600,356.510
-443713.010,-1172291.730,356.050
-443718.140,-1172291.870,356.500
-443718.290,-1172292.770,357.090
-443718.200,-1172293.250,357.370
-443697.290,-1172315.590,360.510
-443699.470,-1172316.250,360.510
-443699.230,-1172316.450,360.700
-443698.820,-1172316.390,360.770
-443705.460,-1172317.870,358.550
-443705.690,-1172317.300,358.090
-443706.120,-1172316.530,357.510
-443705.970,-1172319.990,360.400
-443705.960,-1172321.010,361.220
-443708.960,-1172320.570,361.100
-443711.480,-1172320.680,361.500
-443715.220,-1172317.240,358.910
-443713.380,-1172320.110,361.080
-443711.650,-1172321.550,362.120
-443711.910,-1172320.890,361.650
-443715.130,-1172319.130,360.590
-443718.650,-1172317.190,358.570
-443715.490,-1172319.820,361.060
-443715.180,-1172319.480,360.740
-443719.270,-1172317.130,358.530
-443719.680,-1172317.210,358.650
-443715.250,-1172326.390,360.740
-443830.620,-1172418.400,348.290
-443755.700,-1172422.560,347.020
-443772.700,-1172425.160,353.720
-443841.180,-1172306.220,355.180
-443841.900,-1172303.140,352.930
-443841.820,-1172302.100,352.200
-443841.720,-1172302.370,352.450
-443839.830,-1172305.830,354.770
-443840.180,-1172303.300,352.980
-443840.090,-1172303.540,353.240
-443839.650,-1172304.660,353.940
-443839.540,-1172304.940,354.110
-443837.460,-1172304.280,353.680
-443837.350,-1172304.580,353.800
-443836.330,-1172302.000,354.370
-443829.280,-1172303.210,354.710
-443826.530,-1172307.820,355.240
-443827.370,-1172304.170,352.630
-443826.750,-1172304.460,352.820
-443824.220,-1172306.920,354.440
-443824.000,-1172307.480,354.780
-443824.020,-1172305.420,353.310
-443820.180,-1172304.260,353.310
-443820.070,-1172304.530,353.510
-443817.470,-1172305.870,354.300
-443817.150,-1172306.670,354.900
-443816.930,-1172307.210,355.280
-443807.970,-1172306.010,352.850
-443801.730,-1172306.980,353.960
-443729.070,-1172293.480,355.210
-443724.890,-1172315.070,355.360
-443725.700,-1172314.990,355.390
-443719.150,-1172329.010,352.750
-443712.110,-1172290.770,355.290
-443707.260,-1172292.740,354.560
-443707.000,-1172292.600,354.560
-443837.650,-1172432.230,374.250
-443839.900,-1172415.420,374.380
-443755.410,-1172437.080,361.430
-443750.320,-1172437.260,361.470
-443743.880,-1172437.960,361.810
-443741.280,-1172437.830,361.480
-443736.960,-1172438.300,361.790
-443838.920,-1172306.550,355.330
-443833.190,-1172304.880,356.240
-443830.270,-1172304.720,355.880
-443830.170,-1172304.990,356.040
-443830.060,-1172305.270,356.230
-443829.950,-1172305.540,356.430
-443829.620,-1172306.370,357.010
-443829.520,-1172306.640,357.200
-443831.120,-1172305.340,356.380
-443829.080,-1172304.790,355.810
-443825.240,-1172308.290,355.470
-443820.120,-1172308.700,356.710
-443818.900,-1172308.660,356.580
-443816.830,-1172307.460,355.480
-443815.160,-1172308.070,358.170
-443815.790,-1172307.610,355.520
-443815.830,-1172307.530,357.770
-443815.490,-1172304.610,355.650
-443815.370,-1172304.900,355.770
-443815.270,-1172305.150,355.970
-443811.950,-1172307.490,357.450
-443811.850,-1172305.360,355.830
-443804.360,-1172308.770,355.540
-443798.380,-1172309.470,359.130
-443798.270,-1172307.720,358.080
-443798.390,-1172308.560,358.560
-443798.280,-1172308.840,358.760
-443798.060,-1172309.400,359.080
-443796.840,-1172312.410,360.920
-443798.190,-1172306.950,357.590
-443798.080,-1172307.210,357.760
-443797.970,-1172307.490,357.910
-443795.240,-1172312.150,360.630
-443794.250,-1172310.770,359.720
-443794.790,-1172310.990,359.930
-443793.600,-1172307.450,357.670
-443792.480,-1172310.230,359.320
-443793.210,-1172310.820,359.710
-443789.190,-1172311.820,360.180
-443790.790,-1172309.110,358.440
-443790.670,-1172309.390,358.620
-443790.620,-1172310.410,359.260
-443789.700,-1172312.660,360.620
-443791.820,-1172309.020,358.510
-443789.290,-1172308.920,358.250
-443788.970,-1172309.720,358.880
-443789.880,-1172309.260,358.530
-443789.430,-1172310.380,359.250
-443788.900,-1172308.640,358.170
-443785.620,-1172310.850,359.340
-443785.160,-1172311.990,359.970
-443784.590,-1172313.380,360.820
-443783.170,-1172313.660,360.890
-443783.290,-1172310.970,359.210
-443783.140,-1172308.150,357.210
-443782.700,-1172309.220,358.040
-443781.020,-1172309.150,357.860
-443780.460,-1172311.630,359.380
-443774.220,-1172314.580,361.530
-443774.260,-1172310.460,358.950
-443772.220,-1172313.300,360.550
-443771.160,-1172311.170,359.120
-443770.010,-1172313.950,360.830
-443768.690,-1172315.200,361.520
-443768.530,-1172313.550,360.480
-443768.200,-1172314.350,361.000
-443769.650,-1172311.760,359.460
-443770.990,-1172309.610,358.210
-443770.540,-1172310.710,358.880
-443768.140,-1172312.250,359.650
-443767.240,-1172314.430,360.980
-443769.440,-1172311.350,359.120
-443766.310,-1172313.570,360.370
-443765.520,-1172315.480,361.620
-443766.980,-1172313.150,360.160
-443766.840,-1172314.240,360.840
-443766.500,-1172315.070,361.340
-443765.730,-1172312.680,359.840
-443765.270,-1172313.780,360.500
-443766.690,-1172312.240,359.570
-443765.550,-1172315.010,361.360
-443765.120,-1172312.040,359.380
-443765.890,-1172310.870,358.630
-443765.430,-1172311.980,359.290
-443767.160,-1172294.240,359.060
-443747.440,-1172314.590,359.770
-443746.770,-1172312.430,358.300
-443745.570,-1172313.440,358.830
-443743.450,-1172313.140,358.520
-443742.950,-1172312.800,358.310
-443740.910,-1172316.460,360.570
-443739.880,-1172318.370,361.590
-443740.680,-1172314.840,359.410
-443739.760,-1172317.080,360.750
-443739.410,-1172317.920,361.260
-443739.050,-1172318.790,361.800
-443740.680,-1172313.300,358.470
-443740.560,-1172313.600,358.670
-443739.300,-1172316.660,360.470
-443738.610,-1172318.330,361.490
-443738.310,-1172317.240,360.790
-443737.510,-1172317.850,361.090
-443737.070,-1172318.920,361.770
-443738.480,-1172314.770,359.210
-443738.230,-1172315.370,359.560
-443738.290,-1172314.100,358.730
-443736.320,-1172318.880,361.640
-443737.950,-1172314.160,358.770
-443737.370,-1172315.550,359.620
-443737.150,-1172316.100,359.930
-443736.760,-1172315.310,359.400
-443735.270,-1172317.880,360.960
-443736.640,-1172313.770,358.410
-443736.180,-1172314.890,359.100
-443735.720,-1172315.990,359.810
-443735.370,-1172316.860,360.320
-443734.360,-1172319.320,361.850
-443735.800,-1172313.780,358.370
-443735.670,-1172314.090,358.530
-443734.290,-1172317.440,360.600
-443734.190,-1172317.690,360.770
-443733.580,-1172318.050,360.920
-443733.670,-1172317.260,360.450
-443733.450,-1172317.790,360.760
-443733.330,-1172318.080,360.950
-443732.990,-1172318.910,361.480
-443734.360,-1172315.570,359.400
-443733.910,-1172316.660,360.080
-443733.580,-1172316.430,359.930
-443732.550,-1172318.780,361.390
-443733.580,-1172314.970,358.960
-443733.010,-1172316.360,359.820
-443732.770,-1172316.930,360.150
-443732.660,-1172317.200,360.340
-443732.200,-1172318.330,361.040
-443732.240,-1172316.050,359.550
-443731.820,-1172315.230,359.000
-443731.270,-1172316.590,359.830
-443730.930,-1172317.410,360.370
-443730.700,-1172317.970,360.730
-443730.360,-1172316.350,359.610
-443730.280,-1172314.540,358.430
-443739.190,-1172290.780,359.050
-443738.970,-1172291.320,359.450
-443738.850,-1172291.610,359.660
-443726.720,-1172318.060,357.660
-443726.400,-1172316.970,356.840
-443726.280,-1172317.250,357.030
-443726.070,-1172317.770,357.410
-443725.400,-1172319.410,358.490
-443726.100,-1172315.750,355.920
-443725.210,-1172317.940,357.400
-443724.640,-1172319.330,358.370
-443735.590,-1172290.970,358.860
-443725.030,-1172316.640,356.490
-443724.920,-1172316.920,356.680
-443724.590,-1172317.730,357.240
-443724.020,-1172319.130,358.180
-443723.690,-1172319.930,358.750
-443723.580,-1172320.190,358.940
-443734.970,-1172291.510,359.230
-443734.760,-1172292.020,359.690
-443734.370,-1172292.060,359.680
-443724.330,-1172316.450,356.290
-443723.120,-1172319.410,358.360
-443722.890,-1172319.980,358.730
-443723.510,-1172316.190,356.050
-443723.290,-1172316.730,356.400
-443723.180,-1172317.010,356.610
-443722.070,-1172315.770,355.710
-443721.450,-1172315.420,357.470
-443726.570,-1172294.570,356.100
-443726.240,-1172294.600,356.190
-443724.140,-1172295.570,356.990
-443723.230,-1172295.970,357.330
-443721.240,-1172294.030,358.040
-443721.200,-1172292.860,357.290
-443721.110,-1172292.580,357.090
-443719.510,-1172291.990,356.520
-443720.300,-1172320.110,358.680
-443720.180,-1172320.410,358.830
-443719.500,-1172317.450,358.640
-443718.620,-1172316.210,357.780
-443718.800,-1172316.840,358.220
-443715.660,-1172316.290,357.990
-443713.360,-1172320.150,360.980
-443709.380,-1172321.840,362.050
-443708.750,-1172321.910,361.990
-443707.860,-1172321.990,362.040
-443707.600,-1172321.220,361.410
-443706.140,-1172321.890,361.850
-443707.410,-1172316.710,357.530
-443717.920,-1172292.340,356.710
-443705.860,-1172316.710,357.430
-443705.660,-1172317.850,358.440
-443705.370,-1172318.580,359.160
-443717.380,-1172290.450,355.490
-443716.010,-1172293.840,357.440
-443715.650,-1172294.710,357.940
-443717.570,-1172290.740,355.630
-443714.280,-1172291.280,355.790
-443713.010,-1172294.410,357.610
-443714.250,-1172292.110,356.210
-443714.850,-1172291.620,355.990
-443715.970,-1172290.980,355.680
-443698.470,-1172315.930,360.530
-443697.250,-1172315.720,360.610
-443705.980,-1172291.550,356.670
-443704.490,-1172296.200,358.390
-443702.320,-1172295.480,358.460
-443703.070,-1172294.220,357.130
-443701.580,-1172295.320,358.510
-443698.810,-1172292.740,357.080
-443821.200,-1172433.290,350.490
-443815.420,-1172433.460,350.160
-443805.740,-1172433.940,350.470
-443743.850,-1172423.160,350.850
-443743.830,-1172423.170,347.530
-443755.680,-1172422.560,347.540
-443773.500,-1172425.330,354.020
-443839.800,-1172305.920,354.910
-443841.760,-1172303.770,353.480
-443842.000,-1172303.550,353.310
-443839.480,-1172304.920,354.150
-443841.820,-1172302.300,352.410
-443839.920,-1172303.610,353.310
-443840.810,-1172302.810,352.730
-443841.480,-1172302.190,352.340
-443838.510,-1172304.150,353.550
-443837.730,-1172303.900,353.280
-443839.670,-1172301.690,351.830
-443833.510,-1172303.330,355.160
-443833.070,-1172302.640,354.670
-443826.690,-1172306.560,354.350
-443824.830,-1172307.740,355.130
-443826.020,-1172306.000,353.910
-443829.170,-1172303.130,354.680
-443826.270,-1172305.330,353.450
-443826.750,-1172304.440,352.860
-443825.370,-1172305.690,353.670
-443824.990,-1172305.250,353.300
-443826.470,-1172303.390,352.080
-443824.250,-1172304.780,352.900
-443820.000,-1172304.190,353.270
-443817.250,-1172306.700,354.980
-443816.370,-1172306.620,354.860
-443817.740,-1172305.380,354.020
-443804.530,-1172308.520,355.360
-443804.840,-1172307.710,354.830
-443804.980,-1172307.110,354.390
-443801.920,-1172306.800,353.860
-443754.400,-1172329.090,355.020
-443730.100,-1172293.070,354.900
-443717.960,-1172329.140,353.040
-443719.100,-1172328.920,352.710
-443707.350,-1172292.700,354.550
-443706.830,-1172292.480,354.490
-443707.070,-1172292.260,354.350
-443707.300,-1172292.050,354.170
-443844.500,-1172399.540,374.420
-443841.280,-1172392.320,374.350
-443769.440,-1172436.510,361.450
-443837.760,-1172366.850,371.040
-443759.500,-1172437.240,361.840
-443747.510,-1172437.420,361.400
-443740.940,-1172438.060,361.820
-443830.750,-1172342.730,370.650
-443832.320,-1172337.810,370.780
-443841.190,-1172306.560,355.440
-443837.960,-1172307.590,356.030
-443839.510,-1172306.670,355.470
-443836.570,-1172305.910,357.300
-443836.790,-1172305.710,357.180
-443837.230,-1172304.370,356.210
-443834.960,-1172304.340,356.010
-443832.820,-1172305.780,356.960
-443834.830,-1172303.950,355.700
-443832.620,-1172304.140,355.770
-443832.840,-1172303.940,355.550
-443829.850,-1172305.570,356.460
-443829.590,-1172306.330,357.000
-443830.770,-1172305.260,356.530
-443828.220,-1172305.180,356.090
-443828.430,-1172304.990,355.930
-443830.060,-1172304.850,356.000
-443830.300,-1172304.620,355.880
-443820.180,-1172307.450,355.790
-443819.750,-1172308.880,356.860
-443820.220,-1172308.460,356.600
-443817.650,-1172309.760,357.360
-443815.800,-1172307.580,355.540
-443814.550,-1172308.720,358.650
-443814.790,-1172308.500,358.530
-443815.880,-1172307.510,357.740
-443811.430,-1172309.010,358.690
-443813.600,-1172307.550,357.660
-443813.860,-1172307.320,357.540
-443815.540,-1172306.240,356.860
-443811.040,-1172308.890,358.730
-443815.330,-1172304.980,355.900
-443815.530,-1172304.800,355.710
-443808.760,-1172308.330,357.840
-443808.040,-1172309.440,358.690
-443805.250,-1172310.260,356.760
-443806.210,-1172307.570,357.090
-443804.300,-1172308.720,355.530
-443796.720,-1172312.150,360.770
-443797.870,-1172311.110,360.170
-443798.380,-1172309.550,359.210
-443798.310,-1172309.060,358.900
-443798.210,-1172308.760,358.720
-443797.850,-1172308.070,358.290
-443798.100,-1172307.850,358.160
-443796.920,-1172308.470,358.500
-443798.090,-1172307.410,357.890
-443797.850,-1172307.240,357.820
-443798.060,-1172307.050,357.630
-443795.770,-1172308.550,358.440
-443794.600,-1172309.110,358.780
-443789.660,-1172312.800,360.680
-443790.820,-1172311.740,360.140
-443792.490,-1172310.220,359.290
-443789.690,-1172312.270,360.390
-443793.960,-1172308.370,358.270
-443789.270,-1172312.270,360.560
-443789.710,-1172311.880,360.170
-443793.470,-1172308.450,358.250
-443789.300,-1172311.800,360.250
-443789.500,-1172311.610,360.000
-443789.440,-1172310.740,359.430
-443792.720,-1172307.760,357.800
-443789.080,-1172310.600,359.520
-443789.490,-1172310.220,359.120
-443789.170,-1172309.990,359.030
-443786.390,-1172312.180,360.140
-443789.010,-1172309.790,358.950
-443786.970,-1172310.700,359.250
-443788.870,-1172308.960,358.470
-443784.590,-1172313.290,360.820
-443784.290,-1172312.710,360.410
-443786.890,-1172310.350,359.050
-443789.220,-1172308.220,357.850
-443789.120,-1172307.920,357.650
-443781.210,-1172313.960,360.990
-443785.660,-1172309.900,358.680
-443783.950,-1172310.440,358.880
-443781.920,-1172310.980,359.090
-443780.450,-1172311.550,359.360
-443779.370,-1172312.160,359.660
-443779.470,-1172310.160,358.470
-443772.580,-1172314.900,361.640
-443775.050,-1172313.170,360.740
-443770.110,-1172313.910,360.820
-443775.340,-1172309.140,358.170
-443768.410,-1172314.380,361.030
-443772.430,-1172310.150,358.650
-443768.640,-1172312.910,360.100
-443765.670,-1172315.380,361.530
-443767.300,-1172313.890,360.640
-443769.640,-1172311.750,359.460
-443765.330,-1172314.490,360.980
-443765.110,-1172314.050,360.740
-443765.340,-1172313.850,360.540
-443765.040,-1172313.150,360.180
-443765.260,-1172312.950,359.980
-443765.480,-1172312.750,359.830
-443768.330,-1172310.150,358.390
-443765.360,-1172312.540,359.710
-443768.410,-1172309.750,358.140
-443764.950,-1172312.080,359.470
-443764.990,-1172311.460,359.020
-443746.170,-1172316.130,360.710
-443746.390,-1172315.930,360.560
-443747.390,-1172314.750,359.870
-443747.620,-1172314.550,359.760
-443745.430,-1172316.020,360.540
-443746.140,-1172315.380,360.200
-443747.310,-1172314.310,359.600
-443748.740,-1172312.990,358.860
-443769.610,-1172293.870,358.970
-443769.020,-1172293.940,359.020
-443743.530,-1172315.630,360.150
-443739.610,-1172318.740,361.840
-443739.860,-1172318.510,361.720
-443740.810,-1172317.640,361.320
-443741.860,-1172316.260,360.490
-443745.810,-1172312.640,358.380
-443737.080,-1172319.030,361.890
-443737.000,-1172318.730,361.670
-443740.760,-1172315.290,359.770
-443740.710,-1172314.860,359.500
-443742.340,-1172313.370,358.650
-443736.210,-1172318.990,361.800
-443740.880,-1172314.310,359.170
-443742.060,-1172313.230,358.550
-443735.270,-1172319.100,361.810
-443736.690,-1172317.390,360.800
-443740.920,-1172312.950,358.260
-443739.110,-1172314.080,358.810
-443733.390,-1172317.770,360.800
-443732.740,-1172317.980,360.870
-443733.690,-1172317.110,360.390
-443734.890,-1172316.000,359.740
-443731.170,-1172318.420,361.070
-443731.400,-1172318.220,360.970
-443732.340,-1172317.350,360.450
-443732.560,-1172317.150,360.330
-443733.150,-1172315.570,359.370
-443733.380,-1172315.360,359.260
-443730.360,-1172318.130,360.890
-443730.580,-1172317.930,360.710
-443730.360,-1172317.300,360.280
-443731.280,-1172316.450,359.800
-443733.630,-1172313.750,358.220
-443731.900,-1172314.890,358.820
-443725.380,-1172319.380,358.560
-443725.860,-1172318.940,358.250
-443726.560,-1172318.290,357.840
-443730.410,-1172314.760,358.660
-443725.650,-1172318.740,358.080
-443730.660,-1172314.140,358.230
-443724.710,-1172319.210,358.300
-443725.870,-1172318.140,357.670
-443726.120,-1172317.490,357.260
-443726.360,-1172317.270,357.100
-443724.280,-1172318.710,357.960
-443725.540,-1172317.220,356.990
-443723.260,-1172318.870,358.010
-443724.800,-1172316.960,356.720
-443725.990,-1172315.870,356.000
-443726.230,-1172315.650,355.890
-443723.780,-1172317.280,356.880
-443721.380,-1172319.060,357.980
-443722.570,-1172317.960,357.280
-443724.400,-1172316.280,356.220
-443724.620,-1172316.080,356.080
-443723.220,-1172316.860,356.540
-443739.330,-1172291.410,359.620
-443738.130,-1172291.670,359.670
-443738.340,-1172291.470,359.530
-443737.130,-1172291.690,359.620
-443734.810,-1172291.520,359.280
-443727.020,-1172294.400,355.940
-443726.200,-1172294.650,356.190
-443723.990,-1172295.600,357.000
-443722.560,-1172296.340,357.570
-443722.810,-1172296.110,357.450
-443720.300,-1172294.110,358.020
-443719.480,-1172291.920,356.580
-443714.220,-1172336.530,360.960
-443714.100,-1172320.550,361.450
-443715.470,-1172319.290,360.530
-443715.300,-1172318.650,360.020
-443718.140,-1172316.040,357.660
-443715.510,-1172317.400,358.970
-443713.320,-1172319.980,360.880
-443710.840,-1172320.440,361.110
-443708.820,-1172320.240,360.740
-443707.350,-1172320.490,360.830
-443705.990,-1172322.150,362.150
-443706.330,-1172320.620,360.840
-443707.260,-1172316.930,357.560
-443707.480,-1172316.730,357.450
-443707.540,-1172317.030,357.650
-443705.420,-1172316.860,357.680
-443705.620,-1172316.670,357.520
-443705.830,-1172316.480,357.280
-443705.950,-1172316.780,357.620
-443706.180,-1172316.570,357.420
-443700.480,-1172316.710,360.580
-443700.060,-1172316.490,360.600
-443699.190,-1172316.270,360.570
-443698.970,-1172316.110,360.410
-443697.350,-1172315.810,360.690
-443718.260,-1172292.570,356.850
-443718.070,-1172292.230,356.690
-443718.090,-1172290.810,355.740
-443712.960,-1172294.690,357.810
-443713.050,-1172294.290,357.570
-443712.640,-1172293.740,357.190
-443703.670,-1172296.100,358.590
-443702.840,-1172295.650,358.500
-443703.600,-1172294.440,357.140
-443701.380,-1172295.200,358.500
-443699.870,-1172294.790,358.590
-443697.420,-1172292.050,359.060
-443838.400,-1172304.610,353.730
-443826.610,-1172304.380,352.860
-443825.900,-1172306.290,354.140
-443825.350,-1172307.760,355.150
-443825.290,-1172305.890,353.840
-443824.950,-1172305.220,353.310
-443748.310,-1172335.230,352.680
-443712.250,-1172290.650,355.300
-443839.550,-1172432.290,374.230
-443827.710,-1172367.050,370.780
-443836.170,-1172337.740,370.730
-443755.380,-1172437.060,361.460
-443833.110,-1172306.400,357.440
-443829.380,-1172305.070,356.150
-443829.730,-1172305.740,356.750
-443820.170,-1172308.630,356.640
-443819.680,-1172309.050,357.040
-443814.980,-1172308.050,358.220
-443814.810,-1172308.510,358.500
-443813.740,-1172307.230,357.380
-443815.410,-1172304.720,355.740
-443813.440,-1172306.080,357.350
-443813.430,-1172307.590,357.810
-443811.740,-1172304.970,355.950
-443811.270,-1172306.240,356.480
-443811.080,-1172308.820,358.890
-443798.340,-1172308.620,358.690
-443798.160,-1172309.110,359.070
-443798.010,-1172310.350,359.600
-443789.870,-1172312.000,360.240
-443784.330,-1172313.010,360.730
-443774.480,-1172314.220,361.440
-443771.010,-1172314.990,361.590
-443769.260,-1172309.520,358.090
-443768.560,-1172313.810,360.750
-443765.100,-1172312.740,359.970
-443765.090,-1172313.350,360.220
-443768.940,-1172293.830,359.170
-443769.540,-1172293.950,359.120
-443767.880,-1172294.230,359.090
-443767.060,-1172294.010,358.770
-443740.540,-1172318.830,362.180
-443740.000,-1172316.440,360.370
-443739.680,-1172317.320,360.930
-443739.500,-1172317.820,361.320
-443740.540,-1172314.240,359.150
-443738.590,-1172318.310,361.500
-443738.950,-1172313.400,358.430
-443736.890,-1172319.090,362.020
-443737.990,-1172315.650,359.890
-443737.830,-1172316.080,360.090
-443737.050,-1172318.230,361.420
-443737.080,-1172318.150,361.190
-443737.900,-1172314.130,358.800
-443737.430,-1172315.450,359.640
-443737.110,-1172316.330,360.170
-443736.310,-1172318.540,361.460
-443735.000,-1172317.800,361.120
-443734.860,-1172318.180,361.210
-443734.100,-1172316.290,359.840
-443733.920,-1172316.780,360.200
-443732.380,-1172317.340,360.530
-443732.960,-1172314.330,358.600
-443732.130,-1172313.930,358.290
-443731.490,-1172315.680,359.290
-443731.030,-1172316.970,360.120
-443730.870,-1172317.410,360.290
-443730.710,-1172317.860,360.660
-443730.530,-1172316.230,359.610
-443726.160,-1172317.180,357.150
-443726.000,-1172317.610,357.400
-443725.350,-1172319.390,358.600
-443726.390,-1172317.300,357.120
-443726.210,-1172315.680,355.940
-443724.680,-1172318.940,358.380
-443724.980,-1172316.600,356.640
-443724.660,-1172317.490,357.160
-443723.920,-1172317.390,356.980
-443723.270,-1172319.190,358.210
-443722.940,-1172320.090,358.850
-443722.520,-1172317.790,357.190
-443721.340,-1172315.590,357.710
-443721.290,-1172315.180,357.690
-443726.220,-1172294.540,356.200
-443720.850,-1172320.090,358.820
-443720.350,-1172316.070,357.940
-443720.360,-1172316.590,358.160
-443720.130,-1172315.630,357.620
-443719.440,-1172316.720,358.230
-443719.270,-1172317.180,358.540
-443718.690,-1172317.580,358.730
-443714.930,-1172319.510,360.610
-443706.690,-1172321.700,361.850
-443706.550,-1172322.080,362.020
-443706.010,-1172322.100,362.360
-443714.470,-1172292.160,356.610
-443705.770,-1172316.640,357.710
-443705.420,-1172318.500,359.070
-443697.720,-1172316.960,360.960
-443697.530,-1172315.490,360.530
-443697.390,-1172315.880,360.720
-443702.690,-1172295.400,358.440
-443838.880,-1172411.700,352.350
-443733.640,-1172397.560,350.390
-443839.760,-1172305.900,354.870
-443840.110,-1172305.610,354.680
-443841.860,-1172303.600,353.460
-443841.820,-1172303.160,353.110
-443824.580,-1172308.090,355.400
-443825.630,-1172307.220,354.810
-443826.650,-1172304.420,352.880
-443824.890,-1172305.390,353.380
-443826.980,-1172303.660,352.340
-443827.660,-1172303.100,352.010
-443819.670,-1172304.490,353.550
-443819.990,-1172304.220,353.450
-443817.690,-1172305.440,354.100
-443804.320,-1172308.370,355.310
-443801.400,-1172307.120,354.170
-443801.740,-1172306.840,353.970
-443725.730,-1172314.860,355.370
-443724.680,-1172315.230,355.530
-443747.520,-1172335.070,352.830
-443745.460,-1172338.630,353.370
-443757.170,-1172328.800,353.500
-443719.230,-1172329.060,352.960
-443717.420,-1172290.420,355.510
-443707.280,-1172292.770,354.640
-443707.600,-1172292.500,354.470
-443706.990,-1172292.440,354.460
-443707.310,-1172292.160,354.320
-443846.370,-1172414.920,374.200
-443768.930,-1172436.710,361.800
-443840.580,-1172307.240,355.920
-443838.330,-1172307.080,355.660
-443836.590,-1172304.520,356.290
-443828.570,-1172305.330,356.250
-443830.210,-1172304.550,355.810
-443829.810,-1172305.590,356.480
-443819.840,-1172308.880,356.880
-443820.190,-1172308.600,356.690
-443814.880,-1172308.450,358.550
-443815.720,-1172306.530,357.250
-443811.860,-1172307.460,357.570
-443815.350,-1172304.580,355.740
-443815.420,-1172305.030,355.980
-443808.580,-1172308.080,357.750
-443808.960,-1172307.770,357.510
-443808.980,-1172308.150,357.760
-443798.260,-1172310.260,359.760
-443798.330,-1172309.670,359.390
-443798.010,-1172309.350,359.140
-443794.960,-1172311.260,360.180
-443797.260,-1172309.340,359.140
-443797.930,-1172308.790,358.880
-443795.320,-1172309.820,359.350
-443797.920,-1172307.650,358.170
-443792.680,-1172312.500,360.820
-443797.930,-1172307.200,357.810
-443791.350,-1172313.130,361.150
-443790.840,-1172312.640,360.780
-443790.960,-1172313.010,360.970
-443796.310,-1172307.230,357.780
-443789.720,-1172312.250,360.390
-443793.320,-1172308.070,358.050
-443789.020,-1172310.770,359.590
-443789.380,-1172310.460,359.280
-443790.690,-1172309.360,358.660
-443789.330,-1172310.990,359.780
-443789.330,-1172309.270,358.540
-443786.970,-1172310.660,359.310
-443787.640,-1172310.100,359.000
-443788.910,-1172309.040,358.540
-443789.320,-1172308.700,358.190
-443788.130,-1172308.980,358.280
-443789.180,-1172308.110,357.790
-443786.290,-1172309.040,358.240
-443774.580,-1172314.180,361.380
-443781.360,-1172308.490,357.580
-443772.430,-1172314.650,361.580
-443771.020,-1172314.890,361.630
-443778.440,-1172309.090,357.730
-443774.270,-1172310.460,358.980
-443770.880,-1172313.900,360.950
-443773.210,-1172311.950,359.850
-443768.690,-1172315.140,361.570
-443770.000,-1172314.040,360.890
-443767.650,-1172315.150,361.480
-443771.670,-1172311.170,359.310
-443772.630,-1172310.360,358.900
-443765.710,-1172315.020,361.360
-443769.650,-1172311.710,359.510
-443766.950,-1172312.780,360.020
-443769.450,-1172311.310,359.180
-443768.390,-1172309.850,358.200
-443769.200,-1172309.720,358.250
-443765.130,-1172311.330,358.970
-443765.160,-1172311.980,359.390
-443746.180,-1172315.410,360.300
-443770.000,-1172294.040,358.750
-443740.840,-1172317.600,361.350
-443742.130,-1172316.510,360.770
-443742.790,-1172315.960,360.420
-443745.710,-1172313.480,359.020
-443745.630,-1172312.970,358.610
-443738.570,-1172318.280,361.530
-443740.760,-1172315.240,359.820
-443742.210,-1172313.470,358.720
-443741.170,-1172313.720,358.830
-443735.260,-1172318.080,361.180
-443740.350,-1172313.750,358.860
-443738.570,-1172314.710,359.250
-443735.520,-1172316.760,360.290
-443735.840,-1172316.490,360.130
-443737.480,-1172315.100,359.370
-443732.530,-1172317.280,360.480
-443736.730,-1172313.720,358.470
-443735.630,-1172314.030,358.600
-443731.470,-1172317.570,360.600
-443733.320,-1172315.420,359.280
-443730.480,-1172317.340,360.390
-443732.390,-1172315.710,359.460
-443730.600,-1172316.040,359.560
-443725.370,-1172319.330,358.590
-443726.350,-1172318.490,358.080
-443730.330,-1172314.650,358.610
-443723.000,-1172319.700,358.620
-443724.410,-1172317.860,357.430
-443721.180,-1172319.330,358.190
-443735.630,-1172290.960,358.930
-443720.440,-1172294.220,358.150
-443720.960,-1172291.800,356.710
-443720.310,-1172291.900,356.680
-443719.490,-1172291.930,356.630
-443714.360,-1172336.490,361.050
-443708.970,-1172321.090,361.480
-443709.950,-1172320.240,360.850
-443708.660,-1172321.900,362.090
-443709.710,-1172321.590,361.990
-443706.400,-1172320.740,360.930
-443705.410,-1172318.480,359.010
-443699.160,-1172316.430,360.730
-443698.540,-1172316.290,360.770
-443716.880,-1172293.120,357.210
-443717.320,-1172291.660,356.350
-443712.990,-1172294.260,357.580
-443713.390,-1172291.730,356.100
-443711.720,-1172292.710,356.580
-443706.590,-1172296.350,358.180
-443712.250,-1172291.450,355.810
-443699.130,-1172294.400,358.600
-443698.280,-1172291.210,358.220
