-443802.620,-1172436.920,350.950
-443802.320,-1172439.090,351.530
-443802.920,-1172439.270,351.360
-443814.310,-1172432.640,349.320
-443814.480,-1172432.980,349.350
-443819.570,-1172433.440,350.360
-443799.370,-1172412.140,353.360
-443733.490,-1172414.340,348.970
-443769.500,-1172414.300,354.040
-443769.790,-1172414.380,354.030
-443769.780,-1172417.450,354.030
-443769.700,-1172418.480,354.070
-443770.300,-1172416.970,353.810
-443773.460,-1172416.260,353.630
-443770.850,-1172422.910,353.780
-443770.710,-1172428.060,347.990
-443774.930,-1172417.210,353.570
-443771.120,-1172428.030,347.940
-443788.920,-1172421.160,350.140
-443784.480,-1172421.220,350.250
-443785.230,-1172418.390,349.900
-443795.060,-1172380.350,351.880
-443795.180,-1172382.210,351.900
-443795.350,-1172384.770,351.910
-443795.480,-1172385.380,351.940
-443795.800,-1172389.490,351.950
-443815.740,-1172375.500,348.280
-443809.050,-1172376.690,348.370
-443797.080,-1172403.330,351.920
-443796.660,-1172397.870,351.910
-443802.570,-1172382.070,348.240
-443802.130,-1172381.400,348.280
-443796.150,-1172393.230,351.880
-443796.010,-1172390.830,351.910
-443730.870,-1172398.360,352.070
-443731.180,-1172398.630,352.070
-443737.460,-1172406.340,350.440
-443754.300,-1172397.070,350.500
-443765.070,-1172386.180,349.190
-443708.140,-1172402.390,352.170
-443707.670,-1172402.840,352.240
-443839.080,-1172322.190,348.970
-443838.090,-1172321.640,349.120
-443838.700,-1172320.100,348.990
-443838.590,-1172318.380,349.030
-443838.720,-1172318.040,348.930
-443838.250,-1172318.080,349.020
-443835.400,-1172322.020,349.370
-443835.880,-1172320.820,349.330
-443837.490,-1172317.960,349.170
-443834.630,-1172323.220,349.570
-443834.740,-1172322.930,349.550
-443834.860,-1172322.630,349.470
-443835.210,-1172321.720,349.440
-443835.700,-1172320.490,349.330
-443836.400,-1172318.700,349.270
-443834.870,-1172321.620,349.440
-443834.960,-1172320.670,349.440
-443835.440,-1172319.460,349.300
-443834.590,-1172320.350,349.480
-443834.820,-1172319.760,349.430
-443834.840,-1172317.620,349.390
-443810.830,-1172318.490,351.230
-443801.820,-1172330.230,351.430
-443730.030,-1172291.550,354.720
-443721.380,-1172329.000,352.600
-443721.340,-1172329.930,352.660
-443721.470,-1172329.630,352.600
-443721.700,-1172329.040,352.570
-443721.490,-1172330.640,352.640
-443721.360,-1172331.690,352.620
-443721.740,-1172330.760,352.550
-443722.080,-1172329.900,352.450
-443722.110,-1172331.090,352.530
-443722.350,-1172330.490,352.490
-443721.930,-1172332.530,352.560
-443722.880,-1172330.160,352.390
-443727.210,-1172319.340,354.630
-443722.440,-1172332.520,352.530
-443722.590,-1172332.760,352.460
-443722.720,-1172332.450,352.420
-443723.330,-1172332.900,352.420
-443723.450,-1172332.600,352.340
-443743.840,-1172335.530,353.160
-443744.900,-1172332.850,353.010
-443744.750,-1172334.030,353.040
-443747.720,-1172326.550,351.180
-443747.850,-1172326.230,351.200
-443744.380,-1172335.930,353.110
-443744.280,-1172338.540,353.200
-443745.270,-1172338.220,353.070
-443746.900,-1172336.010,352.900
-443747.180,-1172336.080,352.900
-443747.170,-1172337.230,352.860
-443747.120,-1172338.530,352.910
-443749.010,-1172336.760,352.680
-443750.690,-1172335.570,352.340
-443750.890,-1172336.120,352.300
-443773.010,-1172322.960,352.080
-443720.030,-1172342.200,352.970
-443719.360,-1172342.800,353.050
-443719.860,-1172341.570,352.970
-443719.980,-1172341.260,352.940
-443719.120,-1172341.420,353.110
-443718.600,-1172335.920,353.150
-443718.720,-1172335.610,353.060
-443719.090,-1172334.690,353.100
-443719.450,-1172333.800,352.970
-443719.570,-1172333.500,352.960
-443720.770,-1172329.110,352.740
-443720.250,-1172332.650,352.850
-443720.370,-1172332.370,352.810
-443720.620,-1172331.740,352.770
-443720.740,-1172331.450,352.750
-443718.740,-1172332.280,353.060
-443721.010,-1172329.900,352.750
-443718.370,-1172335.080,353.170
-443718.080,-1172332.220,353.120
-443718.430,-1172334.190,353.150
-443718.540,-1172333.910,353.120
-443719.150,-1172332.410,352.990
-443719.620,-1172331.230,352.930
-443719.740,-1172330.940,352.850
-443720.220,-1172329.740,352.840
-443720.460,-1172329.140,352.770
-443719.020,-1172329.470,352.960
-443719.130,-1172330.640,352.990
-443719.250,-1172330.340,352.920
-443718.190,-1172329.850,353.060
-443718.310,-1172329.540,353.000
-443718.420,-1172329.260,352.990
-443705.400,-1172291.180,353.890
-443733.850,-1172425.040,361.830
-443733.490,-1172426.720,361.820
-443733.850,-1172425.820,361.800
-443734.110,-1172430.300,361.820
-443733.940,-1172434.910,361.790
-443734.470,-1172435.730,361.780
-443734.570,-1172435.490,361.270
-443734.810,-1172438.190,361.780
-443734.330,-1172438.510,361.870
-443826.270,-1172345.050,371.080
-443826.290,-1172347.120,371.100
-443826.990,-1172347.690,370.690
-443826.530,-1172352.690,371.100
-443827.200,-1172353.040,370.690
-443850.830,-1172428.550,374.700
-443851.140,-1172429.760,374.650
-443851.930,-1172425.350,358.040
-443852.050,-1172425.050,358.030
-443850.790,-1172418.250,374.600
-443847.240,-1172428.130,374.130
-443850.630,-1172417.460,373.770
-443851.570,-1172415.070,373.810
-443850.000,-1172417.280,374.200
-443849.520,-1172416.520,374.220
-443849.640,-1172416.230,374.160
-443849.630,-1172417.320,374.340
-443850.900,-1172414.070,374.710
-443849.440,-1172416.130,374.280
-443850.960,-1172412.250,374.660
-443850.560,-1172412.310,374.680
-443849.400,-1172412.060,374.180
-443849.070,-1172412.030,374.290
-443849.080,-1172411.140,374.310
-443841.440,-1172428.060,374.140
-443850.300,-1172403.070,374.650
-443849.220,-1172404.800,374.160
-443843.980,-1172418.130,374.140
-443844.960,-1172414.630,374.750
-443849.150,-1172403.960,374.140
-443837.050,-1172432.540,374.750
-443837.170,-1172432.230,374.730
-443851.620,-1172395.490,374.000
-443843.120,-1172416.100,377.400
-443842.710,-1172415.080,376.350
-443840.920,-1172417.540,377.450
-443848.830,-1172397.460,374.240
-443840.230,-1172418.460,377.500
-443836.950,-1172426.840,374.220
-443840.780,-1172416.050,377.440
-443836.860,-1172425.210,374.190
-443839.780,-1172417.750,377.390
-443848.750,-1172394.950,374.240
-443848.850,-1172393.910,374.200
-443838.890,-1172416.280,377.540
-443848.410,-1172389.350,374.250
-443848.580,-1172387.190,374.220
-443850.780,-1172381.590,373.390
-443835.890,-1172419.450,377.570
-443836.230,-1172418.580,377.500
-443837.030,-1172415.740,374.150
-443848.460,-1172385.450,374.370
-443836.350,-1172414.210,374.150
-443851.030,-1172377.850,373.450
-443836.450,-1172413.020,374.160
-443835.980,-1172412.090,374.710
-443836.440,-1172410.160,374.140
-443836.560,-1172409.860,374.150
-443836.250,-1172410.030,374.180
-443836.370,-1172409.730,374.160
-443836.190,-1172409.140,374.170
-443836.030,-1172407.470,374.150
-443836.240,-1172406.130,374.120
-443843.840,-1172385.570,374.700
-443843.650,-1172378.250,374.680
-443835.730,-1172398.420,374.300
-443841.590,-1172382.630,377.470
-443835.670,-1172397.730,374.320
-443841.960,-1172380.110,374.180
-443835.780,-1172396.510,374.290
-443840.110,-1172384.820,374.250
-443841.600,-1172379.810,374.210
-443841.810,-1172379.220,377.450
-443839.220,-1172381.850,377.560
-443835.580,-1172390.380,374.350
-443835.250,-1172389.890,374.770
-443835.610,-1172388.990,374.350
-443835.600,-1172387.950,374.330
-443837.380,-1172380.800,377.570
-443836.570,-1172381.700,380.080
-443836.680,-1172381.410,380.070
-443834.670,-1172383.170,377.580
-443834.570,-1172380.700,374.780
-443839.480,-1172366.800,371.140
-443834.010,-1172379.790,373.860
-443834.700,-1172378.030,374.740
-443834.550,-1172374.820,374.760
-443839.770,-1172363.130,370.420
-443834.720,-1172372.240,374.730
-443834.830,-1172371.970,374.760
-443839.480,-1172358.150,371.150
-443830.110,-1172381.920,377.620
-443839.390,-1172357.670,370.440
-443833.540,-1172370.940,373.840
-443839.380,-1172356.100,371.110
-443839.630,-1172355.480,370.400
-443840.340,-1172353.680,370.360
-443840.350,-1172350.210,370.380
-443832.920,-1172367.220,371.120
-443836.610,-1172356.000,370.770
-443838.960,-1172346.020,370.410
-443839.240,-1172346.460,370.440
-443840.280,-1172343.810,370.420
-443839.180,-1172343.500,370.400
-443839.070,-1172341.680,370.360
-443839.200,-1172342.570,371.110
-443839.900,-1172340.780,370.400
-443840.270,-1172338.030,370.370
-443828.040,-1172367.930,359.410
-443840.070,-1172336.320,370.400
-443839.030,-1172337.840,370.430
-443827.490,-1172367.240,371.100
-443838.860,-1172336.360,370.440
-443831.750,-1172354.480,370.610
-443827.330,-1172364.210,370.710
-443829.240,-1172358.870,370.660
-443831.100,-1172354.110,370.840
-443831.170,-1172354.400,370.850
-443826.900,-1172362.710,371.110
-443826.840,-1172363.710,371.110
-443826.850,-1172361.080,371.130
-443827.400,-1172358.500,370.710
-443827.200,-1172358.300,370.700
-443826.840,-1172358.240,371.080
-443756.400,-1172292.310,359.250
-443756.750,-1172291.420,359.090
-443756.910,-1172294.250,359.160
-443757.020,-1172294.730,359.180
-443765.530,-1172293.000,359.140
-443771.310,-1172294.300,359.180
-443773.660,-1172315.070,361.810
-443796.840,-1172312.640,361.030
-443813.110,-1172306.790,357.640
-443826.680,-1172332.530,370.710
-443838.630,-1172331.760,370.400
-443698.660,-1172291.780,356.960
-443701.370,-1172298.100,358.180
-443697.830,-1172316.450,360.830
-443706.270,-1172295.620,359.200
-443709.230,-1172321.990,362.180
-443714.690,-1172318.430,360.450
-443710.700,-1172329.380,361.030
-443711.330,-1172330.670,360.970
-443714.050,-1172327.500,360.810
-443711.890,-1172336.550,361.000
-443714.660,-1172333.680,360.810
-443715.260,-1172332.200,360.740
-443715.670,-1172330.660,360.750
-443799.170,-1172412.230,353.440
-443800.030,-1172413.260,353.150
-443802.030,-1172437.420,351.540
-443807.480,-1172434.080,350.540
-443802.090,-1172439.040,351.600
-443802.830,-1172439.820,351.500
-443817.930,-1172433.670,350.470
-443797.810,-1172409.980,352.000
-443733.430,-1172413.700,348.980
-443770.140,-1172412.390,353.820
-443770.370,-1172412.650,353.880
-443770.280,-1172413.640,353.830
-443769.550,-1172414.250,354.130
-443772.670,-1172412.030,353.680
-443770.290,-1172414.580,353.840
-443770.460,-1172415.430,353.930
-443771.700,-1172416.750,353.750
-443771.480,-1172416.940,353.910
-443770.480,-1172417.780,353.820
-443771.140,-1172420.860,353.880
-443770.770,-1172422.620,353.780
-443770.860,-1172423.000,353.790
-443785.030,-1172424.210,350.230
-443789.480,-1172425.020,347.560
-443785.320,-1172418.410,349.950
-443785.080,-1172418.610,349.950
-443770.730,-1172428.100,348.010
-443770.670,-1172425.420,354.080
-443794.950,-1172379.020,351.920
-443795.150,-1172382.120,351.940
-443795.290,-1172383.990,351.960
-443802.320,-1172381.820,348.260
-443802.430,-1172382.170,348.240
-443796.640,-1172397.870,351.980
-443796.970,-1172401.820,351.950
-443730.990,-1172398.310,352.100
-443733.190,-1172406.130,350.530
-443708.140,-1172402.190,352.190
-443707.900,-1172401.960,352.230
-443706.450,-1172403.190,352.490
-443707.910,-1172401.380,352.240
-443838.300,-1172321.850,349.080
-443838.040,-1172322.070,349.130
-443838.210,-1172321.420,349.070
-443837.970,-1172321.630,349.140
-443838.880,-1172319.930,348.970
-443837.130,-1172321.410,349.190
-443835.420,-1172322.870,349.420
-443835.180,-1172323.070,349.450
-443835.360,-1172321.900,349.390
-443834.850,-1172322.330,349.480
-443834.600,-1172322.550,349.510
-443834.790,-1172322.880,349.500
-443838.780,-1172319.000,348.970
-443836.350,-1172321.070,349.270
-443835.160,-1172321.720,349.430
-443838.590,-1172317.940,349.030
-443837.070,-1172319.220,349.160
-443835.580,-1172320.490,349.350
-443838.640,-1172318.370,348.990
-443834.920,-1172321.540,349.440
-443836.330,-1172318.960,349.250
-443836.270,-1172319.420,349.260
-443835.770,-1172319.850,349.310
-443834.780,-1172320.690,349.460
-443835.540,-1172318.690,349.370
-443836.270,-1172318.590,349.280
-443801.790,-1172328.710,351.450
-443772.800,-1172322.960,352.060
-443770.950,-1172322.930,352.630
-443750.030,-1172338.160,352.520
-443754.750,-1172332.100,354.970
-443747.390,-1172338.310,352.870
-443749.470,-1172336.910,352.640
-443749.210,-1172337.130,352.690
-443747.120,-1172338.530,352.890
-443750.560,-1172335.130,352.350
-443754.790,-1172331.160,354.900
-443747.400,-1172337.390,352.850
-443747.080,-1172337.120,352.910
-443747.020,-1172335.870,352.910
-443745.860,-1172334.280,352.990
-443743.870,-1172335.570,353.190
-443744.730,-1172334.420,353.080
-443744.000,-1172335.040,353.160
-443745.420,-1172333.400,353.030
-443745.560,-1172332.770,352.990
-443744.850,-1172333.040,353.070
-443748.060,-1172326.310,351.160
-443747.810,-1172326.520,351.120
-443747.660,-1172326.180,351.240
-443748.420,-1172323.940,354.660
-443723.290,-1172332.830,352.350
-443723.310,-1172332.230,352.370
-443722.800,-1172332.660,352.470
-443722.930,-1172330.120,352.420
-443721.760,-1172330.630,352.620
-443721.930,-1172330.150,352.590
-443727.620,-1172324.620,352.820
-443721.770,-1172329.050,352.590
-443721.710,-1172340.520,352.720
-443719.640,-1172340.870,352.990
-443720.020,-1172341.940,352.950
-443719.550,-1172342.340,353.030
-443720.440,-1172341.170,352.910
-443718.970,-1172342.410,353.230
-443720.180,-1172340.790,352.890
-443719.210,-1172340.270,353.080
-443720.850,-1172333.410,352.780
-443720.600,-1172333.610,352.810
-443719.890,-1172334.210,352.920
-443718.420,-1172335.450,353.200
-443721.230,-1172332.590,352.730
-443719.520,-1172334.030,353.060
-443719.020,-1172334.450,353.070
-443718.220,-1172336.200,353.440
-443721.200,-1172331.570,352.700
-443720.970,-1172331.760,352.730
-443719.240,-1172333.220,353.030
-443718.510,-1172333.830,353.120
-443718.250,-1172334.040,353.180
-443721.690,-1172332.200,352.630
-443721.470,-1172332.390,352.680
-443721.400,-1172330.590,352.660
-443721.710,-1172331.520,352.610
-443721.480,-1172331.720,352.640
-443721.250,-1172331.920,352.670
-443720.990,-1172332.130,352.750
-443720.250,-1172332.760,352.880
-443719.510,-1172333.370,352.930
-443719.270,-1172333.580,353.020
-443718.270,-1172334.420,353.200
-443720.240,-1172330.820,352.850
-443718.300,-1172332.440,353.130
-443720.760,-1172331.470,352.770
-443721.450,-1172328.910,352.630
-443720.980,-1172329.300,352.710
-443719.720,-1172330.360,352.910
-443720.130,-1172331.150,352.880
-443718.910,-1172332.180,353.020
-443718.410,-1172332.590,353.100
-443720.430,-1172329.130,352.790
-443718.980,-1172329.450,352.940
-443719.240,-1172329.770,352.950
-443718.500,-1172330.390,353.040
-443718.350,-1172329.620,353.030
-443717.350,-1172329.630,353.150
-443826.190,-1172337.150,371.110
-443826.600,-1172336.010,370.710
-443826.150,-1172338.750,371.150
-443826.180,-1172340.550,371.140
-443832.220,-1172337.740,373.270
-443733.770,-1172424.910,361.850
-443838.910,-1172335.250,370.440
-443734.320,-1172424.940,361.680
-443838.810,-1172336.210,370.490
-443839.060,-1172336.870,370.450
-443733.940,-1172427.610,361.830
-443827.280,-1172348.380,370.800
-443734.010,-1172429.410,361.850
-443839.020,-1172340.270,370.470
-443827.060,-1172350.850,370.710
-443733.990,-1172430.210,361.850
-443839.960,-1172340.810,370.410
-443839.000,-1172341.620,370.470
-443826.580,-1172353.500,371.130
-443827.230,-1172354.450,370.710
-443839.300,-1172344.200,370.440
-443840.210,-1172343.880,370.390
-443734.200,-1172435.000,361.840
-443827.350,-1172355.950,370.710
-443734.210,-1172435.440,361.840
-443839.140,-1172346.790,370.500
-443831.210,-1172354.010,370.850
-443827.410,-1172359.200,370.740
-443734.800,-1172438.310,361.850
-443826.720,-1172360.780,371.170
-443827.370,-1172361.000,370.740
-443839.480,-1172351.570,370.450
-443840.280,-1172352.900,370.390
-443827.430,-1172363.800,370.740
-443826.930,-1172364.230,371.130
-443839.450,-1172355.410,370.460
-443826.870,-1172366.600,371.170
-443840.500,-1172357.530,370.410
-443839.520,-1172358.360,370.460
-443839.790,-1172362.230,370.430
-443840.770,-1172365.500,370.430
-443839.320,-1172366.740,371.160
-443834.610,-1172371.890,374.770
-443830.040,-1172381.830,377.650
-443843.760,-1172373.520,374.250
-443851.990,-1172425.410,358.070
-443850.750,-1172421.680,374.610
-443836.890,-1172430.160,374.230
-443849.940,-1172417.060,374.220
-443849.610,-1172416.290,374.180
-443836.670,-1172426.280,374.210
-443849.510,-1172415.420,374.180
-443842.770,-1172421.540,374.140
-443836.950,-1172426.470,374.190
-443840.300,-1172422.330,374.320
-443836.880,-1172425.220,374.220
-443842.770,-1172418.350,377.410
-443849.130,-1172412.480,374.330
-443844.250,-1172416.270,376.940
-443836.700,-1172422.660,374.230
-443836.230,-1172423.050,374.790
-443842.670,-1172417.950,377.510
-443843.620,-1172416.430,376.960
-443840.020,-1172419.470,377.440
-443840.820,-1172417.700,377.450
-443840.820,-1172417.240,377.440
-443840.900,-1172416.190,377.430
-443839.700,-1172417.200,377.420
-443839.640,-1172416.260,377.440
-443850.350,-1172407.650,374.710
-443836.570,-1172417.420,374.190
-443832.040,-1172418.900,377.530
-443850.390,-1172403.380,374.660
-443850.270,-1172403.090,374.720
-443836.470,-1172414.770,374.180
-443836.430,-1172413.150,374.170
-443836.030,-1172412.150,374.730
-443836.300,-1172410.590,374.180
-443836.050,-1172408.630,374.230
-443848.860,-1172397.790,374.260
-443842.570,-1172399.260,374.300
-443836.150,-1172403.810,374.160
-443848.630,-1172392.030,374.240
-443835.560,-1172400.450,374.760
-443848.590,-1172389.410,374.260
-443835.800,-1172396.540,374.320
-443835.790,-1172394.570,374.310
-443850.780,-1172380.830,373.390
-443850.790,-1172380.820,371.380
-443849.570,-1172381.420,373.810
-443844.330,-1172384.910,374.290
-443835.630,-1172388.250,374.350
-443836.530,-1172387.010,374.260
-443841.710,-1172379.350,377.470
-443841.630,-1172378.900,377.480
-443837.350,-1172381.660,377.610
-443836.640,-1172381.430,380.090
-443837.380,-1172380.800,377.590
-443756.220,-1172292.730,359.320
-443756.230,-1172293.140,359.290
-443764.480,-1172291.320,357.300
-443765.650,-1172290.880,358.660
-443765.430,-1172292.910,359.160
-443765.730,-1172293.740,359.180
-443783.800,-1172314.020,361.180
-443808.260,-1172306.780,357.760
-443808.320,-1172307.100,357.790
-443807.310,-1172309.590,358.800
-443814.630,-1172308.840,358.800
-443826.520,-1172334.650,370.720
-443839.000,-1172332.920,370.440
-443698.460,-1172291.510,356.980
-443698.530,-1172291.860,357.000
-443704.220,-1172294.890,358.980
-443706.260,-1172295.640,359.220
-443706.000,-1172295.860,359.240
-443711.170,-1172316.150,360.390
-443713.390,-1172315.860,360.210
-443714.320,-1172316.430,360.250
-443711.330,-1172328.560,360.980
-443712.600,-1172329.670,360.890
-443715.460,-1172328.020,360.760
-443712.680,-1172331.260,360.950
-443715.460,-1172329.700,360.770
-443715.690,-1172331.290,360.770
-443714.940,-1172336.020,360.850
-443714.470,-1172335.660,360.820
-443715.890,-1172333.580,360.730
-443797.260,-1172404.590,351.860
-443798.520,-1172417.550,353.830
-443800.680,-1172410.360,352.850
-443814.420,-1172432.780,349.290
-443733.460,-1172413.710,349.050
-443754.680,-1172407.520,350.490
-443770.100,-1172412.390,353.890
-443770.280,-1172413.370,353.820
-443770.340,-1172414.470,353.840
-443770.680,-1172422.530,353.840
-443773.220,-1172417.610,353.630
-443772.930,-1172418.330,353.640
-443774.640,-1172418.030,353.600
-443776.820,-1172414.850,353.410
-443776.900,-1172419.420,346.940
-443777.300,-1172418.490,354.080
-443785.360,-1172421.230,350.040
-443802.370,-1172380.880,348.220
-443797.020,-1172402.190,351.950
-443812.490,-1172377.440,348.220
-443731.020,-1172398.440,352.030
-443754.560,-1172401.000,350.450
-443768.660,-1172386.970,348.970
-443834.980,-1172322.090,349.440
-443834.610,-1172319.180,349.400
-443801.760,-1172328.910,351.370
-443729.990,-1172291.230,354.720
-443730.150,-1172292.360,354.720
-443730.350,-1172292.380,354.640
-443726.610,-1172318.930,354.720
-443721.990,-1172331.000,352.530
-443722.830,-1172328.950,352.430
-443722.100,-1172332.820,352.610
-443722.880,-1172331.890,352.360
-443723.260,-1172332.770,352.360
-443722.690,-1172332.850,352.560
-443723.540,-1172332.770,352.340
-443727.860,-1172323.370,352.680
-443727.420,-1172324.420,352.720
-443727.640,-1172324.210,352.710
-443727.510,-1172324.530,352.740
-443727.900,-1172324.650,352.640
-443746.810,-1172335.920,352.930
-443747.270,-1172336.710,352.860
-443748.530,-1172335.500,352.760
-443747.450,-1172337.450,352.810
-443749.420,-1172336.840,352.600
-443749.290,-1172337.150,352.640
-443720.160,-1172335.450,352.870
-443721.880,-1172332.700,352.600
-443721.610,-1172329.180,352.640
-443720.370,-1172332.210,352.880
-443719.800,-1172333.580,352.950
-443721.160,-1172331.520,352.670
-443719.740,-1172334.960,352.950
-443719.600,-1172335.300,352.960
-443720.400,-1172334.000,352.850
-443719.970,-1172335.050,352.940
-443719.830,-1172335.370,352.990
-443719.680,-1172335.750,352.950
-443721.430,-1172332.360,352.650
-443721.280,-1172332.720,352.680
-443719.570,-1172331.610,352.910
-443718.460,-1172334.290,353.120
-443718.460,-1172335.040,353.200
-443721.110,-1172329.760,352.650
-443720.560,-1172331.100,352.750
-443720.430,-1172331.430,352.790
-443719.590,-1172333.470,352.950
-443719.450,-1172333.790,353.040
-443718.730,-1172335.540,353.130
-443718.590,-1172335.890,353.120
-443718.430,-1172332.650,353.080
-443719.330,-1172331.010,352.960
-443717.920,-1172330.540,353.140
-443719.170,-1172329.870,352.980
-443718.610,-1172331.230,353.090
-443718.320,-1172331.930,353.110
-443718.180,-1172332.280,353.130
-443718.350,-1172329.490,353.060
-443718.210,-1172329.850,353.090
-443851.530,-1172431.680,374.700
-443851.580,-1172430.080,373.850
-443852.260,-1172425.360,357.960
-443851.250,-1172428.340,373.830
-443852.040,-1172427.520,360.790
-443848.590,-1172431.540,374.150
-443851.010,-1172419.480,373.780
-443850.780,-1172421.460,374.760
-443851.650,-1172415.080,373.720
-443850.910,-1172415.420,373.810
-443850.980,-1172414.020,374.630
-443849.450,-1172414.800,374.350
-443850.840,-1172412.340,374.650
-443849.570,-1172413.300,374.190
-443851.950,-1172407.730,357.830
-443849.440,-1172412.260,374.290
-443851.570,-1172405.280,373.680
-443843.890,-1172419.540,374.140
-443850.120,-1172404.090,374.710
-443844.310,-1172416.900,374.120
-443843.230,-1172418.350,377.500
-443849.020,-1172402.470,374.240
-443848.780,-1172403.140,374.220
-443842.830,-1172418.100,377.500
-443851.560,-1172391.140,373.470
-443839.960,-1172420.250,377.490
-443836.970,-1172426.620,374.240
-443840.830,-1172416.140,377.440
-443848.730,-1172392.970,374.280
-443836.870,-1172425.340,374.230
-443839.600,-1172416.260,377.480
-443836.410,-1172423.670,374.750
-443848.480,-1172388.960,374.350
-443839.440,-1172412.210,374.060
-443848.600,-1172387.300,374.300
-443836.240,-1172417.410,374.770
-443851.110,-1172378.370,373.510
-443848.530,-1172384.030,374.250
-443835.080,-1172419.270,377.450
-443834.980,-1172419.540,377.570
-443849.480,-1172381.440,373.810
-443849.460,-1172374.520,374.800
-443836.120,-1172408.270,374.690
-443835.940,-1172398.620,374.370
-443843.970,-1172378.370,374.730
-443841.770,-1172381.810,377.480
-443841.650,-1172382.150,377.470
-443841.860,-1172380.110,374.250
-443841.650,-1172379.380,377.530
-443835.850,-1172394.920,374.350
-443835.410,-1172390.020,374.760
-443835.290,-1172388.900,374.790
-443837.430,-1172381.790,377.600
-443839.880,-1172366.790,371.090
-443839.680,-1172365.900,370.610
-443834.850,-1172376.610,374.730
-443839.620,-1172362.360,370.600
-443839.660,-1172360.720,370.460
-443835.130,-1172371.340,374.330
-443834.810,-1172372.180,374.780
-443839.660,-1172353.980,370.440
-443840.680,-1172350.150,370.320
-443839.490,-1172353.300,371.040
-443833.710,-1172367.140,371.090
-443839.170,-1172348.250,371.120
-443839.990,-1172342.830,370.400
-443840.300,-1172337.870,370.370
-443827.490,-1172363.120,370.770
-443827.210,-1172353.050,370.690
-443832.700,-1172337.770,370.570
-443826.420,-1172350.100,371.130
-443826.940,-1172346.110,370.710
-443826.060,-1172335.190,371.190
-443826.800,-1172339.450,370.710
-443826.210,-1172340.980,371.140
-443770.960,-1172428.570,361.710
-443734.910,-1172436.710,361.300
-443734.150,-1172430.320,361.830
-443734.690,-1172431.470,361.470
-443734.110,-1172429.400,361.810
-443734.310,-1172424.710,361.670
-443712.280,-1172398.970,360.620
-443839.870,-1172332.260,370.380
-443839.560,-1172330.520,370.290
-443839.070,-1172332.910,370.410
-443835.300,-1172330.000,370.960
-443789.910,-1172314.770,361.400
-443789.670,-1172316.470,361.540
-443774.820,-1172290.760,358.590
-443766.020,-1172293.530,358.780
-443765.690,-1172290.640,358.590
-443756.980,-1172294.520,359.250
-443756.850,-1172294.820,359.320
-443756.640,-1172290.570,359.080
-443741.430,-1172322.060,361.990
-443741.400,-1172317.240,361.090
-443724.620,-1172293.320,356.700
-443724.420,-1172293.060,356.720
-443714.640,-1172335.780,360.730
-443715.900,-1172333.590,360.760
-443713.850,-1172333.980,360.800
-443715.550,-1172330.620,360.770
-443712.550,-1172335.350,360.900
-443715.580,-1172328.470,360.800
-443712.730,-1172335.390,360.940
-443715.430,-1172327.390,360.800
-443714.850,-1172328.790,360.760
-443711.430,-1172335.320,361.040
-443714.080,-1172330.100,360.760
-443710.490,-1172330.830,361.010
-443710.510,-1172327.110,361.000
-443706.440,-1172325.800,360.860
-443700.320,-1172317.230,360.800
-443698.150,-1172318.670,361.510
-443706.050,-1172295.790,359.220
-443706.370,-1172295.780,359.190
-443705.980,-1172293.410,356.930
-443705.850,-1172293.730,356.940
-443851.460,-1172430.170,351.380
-443850.970,-1172422.740,351.360
-443818.790,-1172437.390,351.070
-443818.380,-1172436.330,350.850
-443813.080,-1172439.410,351.410
-443808.790,-1172438.910,351.300
-443802.210,-1172435.820,351.530
-443802.420,-1172435.180,351.310
-443802.660,-1172434.620,350.530
-443799.970,-1172413.230,353.190
-443798.540,-1172413.110,353.670
-443798.890,-1172412.370,353.500
-443797.300,-1172404.870,351.900
-443797.300,-1172404.450,351.900
-443797.510,-1172407.780,351.920
-443797.600,-1172408.530,351.970
-443797.840,-1172410.120,352.000
-443785.470,-1172423.870,350.130
-443785.490,-1172423.340,350.040
-443733.430,-1172413.900,348.980
-443733.580,-1172414.380,348.940
-443754.720,-1172407.350,350.180
-443770.690,-1172411.210,349.540
-443770.380,-1172413.550,353.770
-443771.250,-1172413.330,353.730
-443770.550,-1172418.450,353.750
-443775.720,-1172415.030,353.510
-443772.850,-1172418.410,353.640
-443770.760,-1172421.650,353.750
-443775.870,-1172423.710,353.520
-443785.240,-1172418.330,349.910
-443784.720,-1172419.270,350.280
-443794.690,-1172378.220,351.880
-443795.090,-1172381.440,351.890
-443795.140,-1172382.140,351.920
-443795.210,-1172382.550,351.930
-443795.440,-1172384.970,351.950
-443795.590,-1172386.170,351.930
-443802.030,-1172381.600,348.280
-443808.180,-1172376.060,348.200
-443802.250,-1172381.940,348.260
-443808.190,-1172376.580,348.460
-443802.440,-1172382.140,348.260
-443807.020,-1172378.440,348.350
-443815.560,-1172375.500,348.280
-443796.370,-1172395.180,351.910
-443796.490,-1172396.320,351.940
-443840.400,-1172358.420,354.340
-443796.790,-1172400.270,351.960
-443735.920,-1172397.800,350.470
-443754.160,-1172398.100,350.460
-443839.450,-1172330.980,354.370
-443839.150,-1172322.440,349.010
-443839.200,-1172321.860,348.910
-443838.170,-1172321.940,349.070
-443838.830,-1172320.360,348.960
-443839.060,-1172320.150,348.870
-443835.350,-1172323.130,349.440
-443837.140,-1172321.510,349.180
-443838.920,-1172319.890,348.930
-443835.370,-1172322.690,349.400
-443835.010,-1172322.410,349.440
-443835.540,-1172321.930,349.360
-443836.560,-1172321.010,349.200
-443835.640,-1172320.690,349.350
-443835.890,-1172320.460,349.290
-443838.770,-1172317.850,348.940
-443838.810,-1172317.300,348.890
-443834.820,-1172319.860,349.410
-443834.730,-1172319.590,349.440
-443834.660,-1172319.310,349.490
-443801.710,-1172328.760,351.420
-443749.360,-1172337.260,352.620
-443750.160,-1172336.530,352.570
-443749.050,-1172336.890,352.630
-443750.600,-1172335.470,352.320
-443747.160,-1172337.500,352.900
-443749.050,-1172335.780,352.660
-443748.890,-1172335.590,352.690
-443749.150,-1172335.360,352.630
-443745.200,-1172338.360,353.050
-443744.420,-1172338.200,353.130
-443743.850,-1172337.550,353.170
-443745.810,-1172334.450,352.970
-443746.330,-1172333.970,352.910
-443744.160,-1172335.700,353.130
-443745.760,-1172334.240,352.980
-443744.710,-1172333.800,353.040
-443730.240,-1172292.310,354.590
-443721.460,-1172329.150,352.640
-443727.570,-1172323.530,352.700
-443721.960,-1172329.090,352.530
-443727.410,-1172324.430,352.730
-443727.660,-1172324.190,352.680
-443727.610,-1172324.650,352.690
-443721.540,-1172330.740,352.630
-443722.070,-1172330.260,352.530
-443721.970,-1172330.910,352.520
-443722.220,-1172330.680,352.490
-443723.030,-1172329.940,352.360
-443721.640,-1172331.630,352.640
-443722.940,-1172330.440,352.390
-443722.290,-1172331.370,352.490
-443722.830,-1172330.880,352.440
-443722.030,-1172332.020,352.530
-443722.550,-1172331.540,352.460
-443722.000,-1172332.510,352.560
-443722.260,-1172332.630,352.530
-443722.530,-1172332.390,352.470
-443722.300,-1172333.080,352.530
-443722.580,-1172332.830,352.480
-443718.290,-1172335.910,353.150
-443718.830,-1172335.420,353.080
-443720.720,-1172333.680,352.830
-443720.950,-1172333.470,352.690
-443719.650,-1172335.030,352.950
-443719.900,-1172334.800,352.900
-443718.590,-1172334.770,353.130
-443718.860,-1172334.520,353.070
-443719.140,-1172334.270,353.050
-443719.650,-1172333.800,352.970
-443719.910,-1172333.560,352.900
-443721.530,-1172332.070,352.670
-443719.110,-1172334.690,353.040
-443719.930,-1172333.950,352.940
-443720.180,-1172333.710,352.860
-443721.260,-1172332.730,352.700
-443719.310,-1172333.350,352.980
-443720.370,-1172332.380,352.830
-443721.180,-1172331.630,352.710
-443718.950,-1172334.100,353.060
-443720.310,-1172332.850,352.850
-443720.570,-1172332.610,352.800
-443721.350,-1172331.900,352.680
-443718.080,-1172332.990,353.150
-443718.360,-1172332.730,353.100
-443721.260,-1172330.070,352.680
-443718.860,-1172332.690,353.010
-443721.200,-1172330.530,352.670
-443720.750,-1172331.470,352.730
-443718.540,-1172331.820,353.060
-443719.320,-1172331.110,352.960
-443719.040,-1172330.960,352.970
-443719.880,-1172330.190,352.850
-443718.450,-1172330.120,352.980
-443717.890,-1172331.170,353.130
-443719.460,-1172329.720,352.850
-443719.720,-1172329.480,352.840
-443718.240,-1172329.280,353.030
-443718.370,-1172329.590,352.990
-443851.500,-1172427.750,371.050
-443851.820,-1172427.450,361.050
-443851.010,-1172428.180,374.670
-443851.240,-1172426.880,371.010
-443852.020,-1172425.230,357.870
-443851.210,-1172425.100,373.750
-443842.140,-1172430.520,374.120
-443850.920,-1172421.420,373.870
-443850.050,-1172419.130,374.190
-443850.480,-1172418.750,374.660
-443837.710,-1172430.340,374.170
-443849.660,-1172418.540,374.300
-443836.940,-1172430.160,374.200
-443845.440,-1172421.830,374.610
-443845.540,-1172421.420,374.720
-443836.920,-1172427.480,374.170
-443849.600,-1172415.520,374.190
-443836.820,-1172426.100,374.160
-443850.880,-1172412.970,371.020
-443836.400,-1172425.740,374.750
-443836.800,-1172425.390,374.270
-443843.470,-1172418.620,377.330
-443850.640,-1172412.290,374.560
-443851.470,-1172411.550,373.660
-443849.710,-1172412.120,374.100
-443851.290,-1172410.730,373.740
-443842.820,-1172417.770,377.400
-443846.240,-1172414.750,374.120
-443842.980,-1172418.070,377.440
-443836.270,-1172422.990,374.750
-443836.670,-1172422.640,374.220
-443849.500,-1172411.310,374.120
-443849.420,-1172409.280,374.110
-443844.900,-1172412.930,374.060
-443839.600,-1172417.060,377.370
-443840.700,-1172416.080,377.460
-443839.500,-1172416.350,377.440
-443841.200,-1172414.840,374.140
-443849.230,-1172406.270,374.080
-443849.200,-1172406.080,374.100
-443836.490,-1172417.540,374.170
-443849.220,-1172405.620,374.120
-443845.190,-1172407.120,374.120
-443848.810,-1172403.180,374.210
-443848.890,-1172402.610,374.180
-443851.530,-1172399.810,374.100
-443831.060,-1172418.390,377.530
-443849.180,-1172400.620,374.100
-443848.740,-1172397.340,374.260
-443848.760,-1172394.990,374.210
-443835.880,-1172402.600,374.250
-443848.590,-1172390.000,374.240
-443848.620,-1172389.540,374.210
-443836.060,-1172398.560,374.280
-443841.550,-1172392.790,374.670
-443835.850,-1172395.870,374.290
-443835.390,-1172395.400,374.790
-443849.760,-1172381.500,373.760
-443850.730,-1172380.630,373.360
-443851.060,-1172378.990,363.350
-443851.110,-1172378.120,373.510
-443835.760,-1172391.110,374.280
-443835.670,-1172388.740,374.300
-443840.090,-1172384.780,374.300
-443841.840,-1172382.810,374.260
-443835.600,-1172387.860,374.330
-443841.510,-1172382.570,377.490
-443841.610,-1172381.930,377.500
-443841.640,-1172379.890,374.250
-443841.820,-1172378.390,374.180
-443837.340,-1172381.930,377.590
-443837.440,-1172380.690,377.550
-443834.020,-1172379.810,373.830
-443835.230,-1172378.730,374.270
-443835.090,-1172373.140,374.280
-443839.690,-1172366.780,370.970
-443839.620,-1172365.520,370.470
-443769.110,-1172428.100,361.360
-443839.780,-1172363.120,370.400
-443839.520,-1172360.510,370.490
-443839.680,-1172359.600,370.420
-443840.390,-1172357.590,370.390
-443840.270,-1172356.890,365.590
-443827.390,-1172367.230,371.090
-443839.580,-1172355.270,370.380
-443827.500,-1172365.740,370.700
-443827.450,-1172364.780,370.710
-443840.200,-1172352.210,370.370
-443826.880,-1172364.220,371.140
-443826.870,-1172363.780,371.140
-443827.530,-1172363.180,370.680
-443833.440,-1172357.260,370.550
-443827.370,-1172361.170,370.710
-443839.210,-1172348.980,370.600
-443839.020,-1172348.250,371.130
-443826.650,-1172358.930,371.150
-443827.310,-1172358.330,370.680
-443839.250,-1172347.150,370.440
-443840.040,-1172346.440,370.390
-443839.190,-1172346.830,370.520
-443839.290,-1172345.400,370.450
-443839.380,-1172344.950,370.410
-443741.280,-1172433.870,361.320
-443734.490,-1172438.220,361.810
-443839.120,-1172343.380,370.460
-443734.460,-1172435.730,361.790
-443827.090,-1172350.620,370.660
-443839.900,-1172339.030,370.380
-443839.090,-1172337.550,370.410
-443734.270,-1172432.320,361.920
-443826.390,-1172347.630,371.120
-443838.860,-1172336.350,370.580
-443836.460,-1172337.970,370.640
-443832.820,-1172340.160,370.510
-443733.910,-1172429.950,361.840
-443826.290,-1172344.510,371.090
-443832.890,-1172338.170,370.520
-443826.880,-1172342.720,370.670
-443733.910,-1172425.620,361.770
-443826.730,-1172340.570,370.690
-443831.240,-1172336.490,370.550
-443826.790,-1172340.050,370.670
-443733.750,-1172423.210,361.780
-443826.700,-1172337.060,370.650
-443826.620,-1172336.680,370.680
-443826.600,-1172333.290,370.680
-443825.920,-1172332.580,371.160
-443826.580,-1172332.460,370.680
-443783.890,-1172313.940,361.210
-443748.470,-1172325.300,356.830
-443766.000,-1172293.520,358.750
-443765.940,-1172293.040,358.720
-443765.500,-1172292.960,359.140
-443765.800,-1172290.670,358.530
-443756.660,-1172292.120,359.140
-443715.200,-1172336.040,360.780
-443716.280,-1172335.040,360.700
-443713.960,-1172335.240,360.760
-443713.540,-1172336.000,360.870
-443716.230,-1172334.340,360.670
-443715.450,-1172331.440,360.780
-443715.140,-1172332.120,360.760
-443714.530,-1172331.840,360.770
-443715.140,-1172330.290,360.720
-443714.000,-1172329.840,360.820
-443712.810,-1172331.470,360.890
-443715.310,-1172327.850,360.730
-443714.040,-1172327.790,360.830
-443719.230,-1172318.630,359.080
-443705.910,-1172295.900,359.230
-443705.390,-1172294.510,357.000
-443705.700,-1172293.530,356.930
-443704.430,-1172291.490,356.830
-443698.900,-1172294.440,358.610
-443698.520,-1172291.790,357.200
-443698.710,-1172291.620,356.970
-443821.240,-1172438.770,351.360
-443819.540,-1172440.270,351.380
-443802.560,-1172439.650,351.530
-443802.010,-1172438.920,351.490
-443801.000,-1172423.820,347.670
-443797.340,-1172406.130,351.920
-443799.120,-1172412.200,353.460
-443797.900,-1172413.660,353.860
-443800.720,-1172410.390,352.930
-443807.500,-1172403.690,348.080
-443770.910,-1172414.960,353.770
-443771.530,-1172414.540,353.770
-443770.540,-1172417.870,353.770
-443771.510,-1172417.070,353.800
-443772.410,-1172417.110,353.690
-443772.830,-1172418.420,353.660
-443775.150,-1172419.230,353.580
-443788.970,-1172421.130,350.200
-443795.800,-1172388.470,352.000
-443796.170,-1172392.120,351.990
-443802.280,-1172381.810,348.240
-443796.910,-1172400.860,351.950
-443809.290,-1172376.680,348.270
-443812.510,-1172376.790,348.310
-443815.730,-1172375.370,348.350
-443731.190,-1172398.480,352.070
-443733.210,-1172397.430,350.650
-443754.510,-1172401.020,350.540
-443708.270,-1172402.470,352.200
-443707.990,-1172401.930,352.140
-443707.910,-1172401.620,352.250
-443707.300,-1172403.300,352.370
-443707.160,-1172401.720,352.360
-443838.690,-1172319.060,349.040
-443838.580,-1172317.970,349.010
-443836.470,-1172321.310,349.380
-443835.790,-1172318.340,349.270
-443801.380,-1172325.660,351.460
-443802.200,-1172330.450,351.600
-443807.770,-1172317.580,352.190
-443730.010,-1172291.300,354.770
-443730.160,-1172292.460,354.700
-443721.790,-1172329.050,352.570
-443722.040,-1172329.130,352.490
-443722.590,-1172329.100,352.510
-443722.900,-1172330.310,352.420
-443747.830,-1172326.270,351.200
-443748.130,-1172326.400,351.070
-443745.620,-1172333.290,352.860
-443744.240,-1172338.370,353.150
-443745.600,-1172338.000,353.040
-443746.130,-1172336.550,352.860
-443747.080,-1172336.140,352.860
-443747.300,-1172337.190,352.890
-443748.640,-1172335.490,352.750
-443749.460,-1172336.750,352.640
-443749.320,-1172337.120,352.760
-443750.290,-1172336.580,352.630
-443750.800,-1172336.130,352.240
-443759.900,-1172311.320,354.720
-443721.490,-1172340.150,352.740
-443721.360,-1172340.520,352.760
-443721.120,-1172341.180,352.750
-443721.840,-1172339.910,352.600
-443722.240,-1172340.010,352.540
-443722.100,-1172340.380,352.650
-443719.320,-1172340.110,353.100
-443719.920,-1172339.070,352.900
-443719.780,-1172339.460,352.920
-443719.850,-1172340.760,352.980
-443720.140,-1172340.840,352.910
-443719.520,-1172342.540,353.000
-443720.210,-1172341.840,353.020
-443721.130,-1172330.850,352.770
-443721.660,-1172330.160,352.550
-443721.530,-1172330.530,352.590
-443719.370,-1172338.760,353.010
-443721.080,-1172328.720,352.790
-443720.320,-1172330.790,352.830
-443718.390,-1172336.070,353.240
-443720.570,-1172331.080,352.770
-443720.430,-1172331.440,352.820
-443718.280,-1172334.060,353.160
-443718.150,-1172334.410,353.240
-443720.280,-1172329.400,352.790
-443719.650,-1172331.120,352.870
-443719.390,-1172331.830,352.960
-443718.490,-1172334.290,353.140
-443719.110,-1172330.470,352.970
-443718.990,-1172330.810,353.000
-443718.600,-1172331.860,353.020
-443718.440,-1172329.680,352.990
-443718.300,-1172330.070,353.080
-443718.050,-1172330.740,353.050
-443719.120,-1172329.340,353.050
-443717.370,-1172329.500,353.180
-443851.020,-1172418.220,373.850
-443851.540,-1172414.880,373.770
-443850.870,-1172414.130,374.740
-443849.610,-1172417.390,374.320
-443850.870,-1172411.510,374.720
-443850.610,-1172412.190,374.720
-443850.490,-1172412.500,374.710
-443849.300,-1172414.250,374.280
-443849.130,-1172412.500,374.250
-443849.360,-1172408.430,374.060
-443849.300,-1172406.470,374.190
-443843.240,-1172418.030,377.430
-443842.630,-1172417.850,377.450
-443840.750,-1172422.740,374.100
-443848.870,-1172401.560,374.160
-443848.740,-1172399.070,374.540
-443836.920,-1172425.420,374.210
-443836.230,-1172427.230,374.750
-443839.570,-1172417.660,377.470
-443839.500,-1172416.220,377.340
-443836.230,-1172423.020,374.760
-443837.470,-1172419.120,377.580
-443839.460,-1172412.180,374.050
-443835.890,-1172419.440,377.580
-443848.710,-1172385.940,374.300
-443835.970,-1172418.420,377.580
-443850.660,-1172380.800,371.370
-443834.930,-1172419.440,377.600
-443847.760,-1172385.480,374.460
-443847.330,-1172384.940,374.460
-443836.170,-1172412.540,374.760
-443836.330,-1172410.720,374.150
-443851.130,-1172373.440,373.450
-443841.710,-1172392.520,374.300
-443841.350,-1172392.910,374.850
-443835.760,-1172400.460,374.760
-443835.030,-1172402.330,368.230
-443834.640,-1172401.620,357.050
-443835.840,-1172397.890,374.340
-443840.880,-1172382.980,380.600
-443841.570,-1172380.540,377.550
-443839.140,-1172381.750,377.580
-443834.840,-1172384.610,377.560
-443835.270,-1172378.960,374.320
-443834.120,-1172379.630,373.800
-443840.690,-1172362.370,370.440
-443840.510,-1172359.100,370.400
-443840.360,-1172356.840,370.340
-443833.860,-1172373.290,362.690
-443833.820,-1172371.880,359.880
-443839.520,-1172357.040,370.400
-443839.480,-1172352.020,370.390
-443840.140,-1172347.910,370.390
-443837.100,-1172355.910,370.580
-443839.220,-1172348.060,371.110
-443839.360,-1172345.050,370.420
-443838.880,-1172336.330,370.330
-443827.320,-1172364.230,370.680
-443827.530,-1172358.650,370.700
-443827.260,-1172359.360,370.750
-443827.450,-1172356.660,370.650
-443827.120,-1172350.390,370.650
-443826.590,-1172336.010,370.660
-443734.610,-1172435.650,361.860
-443734.170,-1172435.460,361.810
-443733.870,-1172427.260,361.820
-443733.790,-1172424.770,361.850
-443838.960,-1172332.870,370.450
-443773.650,-1172314.980,361.760
-443766.070,-1172293.590,358.790
-443766.050,-1172292.080,358.640
-443765.600,-1172291.650,359.200
-443765.680,-1172290.890,358.640
-443756.970,-1172294.950,359.170
-443739.420,-1172296.680,359.690
-443714.530,-1172335.930,360.810
-443715.680,-1172330.550,360.760
-443714.550,-1172333.650,360.860
-443712.300,-1172335.050,360.910
-443711.810,-1172336.400,360.990
-443714.990,-1172328.900,360.800
-443714.020,-1172329.780,360.830
-443714.300,-1172328.000,360.780
-443714.060,-1172327.790,360.860
-443701.470,-1172297.730,358.160
-443850.720,-1172301.600,349.390
-443821.930,-1172434.060,350.560
-443814.460,-1172432.920,349.370
-443814.360,-1172432.620,349.370
-443835.560,-1172408.810,351.480
-443835.230,-1172408.440,354.190
-443835.140,-1172408.340,354.200
-443835.470,-1172407.350,348.590
-443802.200,-1172435.130,351.550
-443835.510,-1172406.570,348.620
-443835.330,-1172405.900,351.450
-443798.350,-1172420.590,353.870
-443806.620,-1172408.970,348.170
-443797.510,-1172407.180,351.990
-443800.900,-1172407.290,348.430
-443797.870,-1172413.540,353.930
-443798.480,-1172413.040,353.740
-443733.330,-1172414.350,349.060
-443754.750,-1172407.390,350.580
-443770.150,-1172412.840,353.810
-443769.780,-1172414.350,354.020
-443770.440,-1172414.720,353.810
-443771.150,-1172415.230,353.780
-443770.370,-1172416.780,353.830
-443773.900,-1172414.510,353.610
-443770.500,-1172417.950,353.810
-443776.080,-1172416.120,353.530
-443772.830,-1172419.250,353.660
-443775.780,-1172419.390,353.560
-443777.430,-1172420.860,354.100
-443785.470,-1172418.560,349.980
-443785.420,-1172420.360,350.050
-443791.170,-1172417.890,349.920
-443834.870,-1172390.730,354.260
-443802.330,-1172382.040,348.270
-443807.220,-1172378.680,348.400
-443795.900,-1172390.770,351.980
-443814.820,-1172375.720,348.280
-443796.490,-1172396.740,352.010
-443797.150,-1172402.680,351.920
-443731.010,-1172398.510,352.110
-443733.320,-1172397.830,350.560
-443744.550,-1172390.140,349.300
-443733.920,-1172401.350,350.500
-443708.240,-1172402.490,352.190
-443708.130,-1172402.100,352.180
-443707.910,-1172401.630,352.190
-443838.020,-1172322.130,349.120
-443837.220,-1172321.770,349.220
-443838.420,-1172320.780,349.080
-443834.900,-1172323.120,349.440
-443835.200,-1172322.880,349.450
-443834.850,-1172322.640,349.490
-443836.700,-1172321.120,349.140
-443834.870,-1172322.170,349.460
-443838.810,-1172318.940,348.980
-443835.580,-1172320.450,349.350
-443838.610,-1172317.960,349.020
-443837.710,-1172318.230,349.120
-443834.420,-1172320.590,349.540
-443730.040,-1172291.470,354.760
-443721.540,-1172329.190,352.620
-443721.590,-1172330.370,352.650
-443721.860,-1172330.140,352.620
-443721.700,-1172330.900,352.610
-443721.980,-1172330.660,352.590
-443722.260,-1172330.420,352.490
-443721.950,-1172331.220,352.590
-443722.240,-1172330.970,352.540
-443721.690,-1172331.960,352.600
-443722.040,-1172333.000,352.640
-443722.380,-1172340.220,352.600
-443722.500,-1172340.550,352.550
-443745.640,-1172326.060,351.290
-443745.870,-1172326.490,351.240
-443747.760,-1172325.990,351.100
-443747.930,-1172326.520,351.090
-443745.140,-1172336.650,353.110
-443746.590,-1172336.800,352.980
-443749.310,-1172335.400,352.660
-443754.610,-1172331.600,355.040
-443747.090,-1172338.520,352.970
-443747.390,-1172338.270,352.870
-443749.720,-1172336.960,352.630
-443719.460,-1172341.020,353.080
-443719.450,-1172341.650,353.110
-443720.210,-1172341.560,352.960
-443721.350,-1172340.590,352.780
-443721.920,-1172340.110,352.640
-443722.200,-1172339.870,352.570
-443719.130,-1172340.220,353.110
-443720.010,-1172339.480,352.970
-443719.650,-1172336.740,353.050
-443718.550,-1172335.960,353.190
-443718.840,-1172335.720,353.140
-443719.710,-1172334.980,352.990
-443719.050,-1172336.110,353.110
-443719.630,-1172335.620,353.030
-443719.920,-1172335.360,353.000
-443718.820,-1172334.390,353.100
-443719.110,-1172334.150,353.040
-443719.670,-1172333.680,352.960
-443721.380,-1172332.220,352.690
-443718.760,-1172335.110,353.160
-443719.890,-1172334.150,352.980
-443721.620,-1172332.680,352.660
-443720.240,-1172332.670,352.870
-443720.520,-1172332.430,352.820
-443721.070,-1172331.970,352.770
-443721.370,-1172331.710,352.700
-443718.660,-1172332.200,353.080
-443721.280,-1172330.630,352.690
-443719.330,-1172329.970,352.940
-443718.700,-1172331.070,353.050
-443718.980,-1172330.840,353.010
-443719.860,-1172330.090,352.840
-443721.000,-1172329.120,352.690
-443718.350,-1172330.260,353.060
-443852.100,-1172429.350,373.820
-443851.580,-1172430.050,373.850
-443844.200,-1172427.720,374.160
-443845.040,-1172427.010,374.150
-443839.630,-1172432.000,374.250
-443845.700,-1172423.200,374.150
-443836.400,-1172429.120,374.600
-443849.610,-1172417.320,374.320
-443849.900,-1172417.070,374.240
-443849.670,-1172416.200,374.210
-443849.560,-1172414.080,374.190
-443850.710,-1172412.250,374.690
-443842.960,-1172418.030,377.450
-443850.860,-1172411.450,374.680
-443842.690,-1172417.980,377.520
-443849.650,-1172411.760,374.160
-443840.090,-1172419.320,377.430
-443839.730,-1172418.920,377.540
-443840.270,-1172418.480,377.550
-443840.910,-1172417.450,377.510
-443849.430,-1172409.290,374.140
-443841.170,-1172416.460,377.460
-443837.310,-1172418.880,377.500
-443849.320,-1172407.540,374.150
-443849.260,-1172406.220,374.190
-443850.200,-1172405.440,374.740
-443849.230,-1172405.580,374.190
-443849.290,-1172405.160,374.150
-443837.030,-1172415.700,374.180
-443849.180,-1172404.910,374.180
-443850.110,-1172404.150,374.730
-443837.060,-1172413.200,374.140
-443837.680,-1172412.290,374.150
-443850.230,-1172398.850,375.030
-443836.230,-1172409.900,374.200
-443836.330,-1172408.630,374.200
-443845.320,-1172399.570,374.450
-443837.400,-1172403.890,374.180
-443848.840,-1172393.770,374.250
-443835.330,-1172401.830,371.100
-443835.210,-1172401.420,357.070
-443835.220,-1172398.600,357.060
-443841.530,-1172392.780,374.770
-443835.910,-1172396.590,374.320
-443848.460,-1172384.870,375.730
-443847.350,-1172385.080,374.430
-443834.660,-1172394.580,357.010
-443835.060,-1172393.430,357.030
-443840.020,-1172383.770,377.490
-443840.870,-1172381.850,377.680
-443841.670,-1172379.470,377.590
-443837.430,-1172381.700,377.600
-443834.830,-1172383.360,377.600
-443836.610,-1172381.470,379.950
-443834.890,-1172380.450,374.800
-443834.760,-1172379.270,374.770
-443835.230,-1172378.500,374.350
-443834.600,-1172377.920,374.660
-443834.300,-1172375.410,365.450
-443834.050,-1172373.820,359.890
-443835.090,-1172372.030,374.300
-443834.360,-1172372.330,362.710
-443834.240,-1172372.110,362.660
-443833.940,-1172371.930,368.410
-443840.650,-1172362.400,370.440
-443840.560,-1172357.450,370.400
-443840.470,-1172356.610,370.420
-443826.970,-1172365.350,371.160
-443827.310,-1172364.420,370.770
-443827.350,-1172362.190,370.740
-443734.330,-1172438.230,361.730
-443829.270,-1172358.780,370.720
-443827.440,-1172359.740,370.740
-443826.710,-1172359.060,371.170
-443827.310,-1172356.980,370.710
-443826.550,-1172357.080,371.130
-443827.460,-1172354.420,370.680
-443840.110,-1172343.710,370.420
-443840.080,-1172340.700,370.450
-443827.120,-1172350.790,370.690
-443826.880,-1172348.280,370.720
-443827.180,-1172348.040,370.710
-443827.080,-1172347.590,370.680
-443733.960,-1172423.870,361.810
-443839.990,-1172334.180,370.450
-443826.820,-1172345.500,370.680
-443826.710,-1172340.970,370.720
-443826.770,-1172335.240,370.680
-443826.100,-1172336.180,371.150
-443839.030,-1172332.670,370.420
-443796.960,-1172312.620,361.060
-443765.940,-1172292.000,358.680
-443757.090,-1172294.670,359.190
-443756.510,-1172293.950,358.970
-443722.280,-1172296.490,357.840
-443714.390,-1172335.810,360.840
-443712.390,-1172335.330,360.900
-443711.400,-1172336.710,361.030
-443711.490,-1172335.200,360.990
-443715.190,-1172330.360,360.800
-443714.870,-1172328.830,360.760
-443711.230,-1172328.540,361.010
-443714.370,-1172317.010,360.390
