-443850.340,-1172391.770,374.390
-443850.750,-1172386.140,374.410
-443835.610,-1172398.720,374.380
-443835.780,-1172396.510,374.740
-443770.720,-1172430.790,354.260
-443746.530,-1172333.320,352.320
-443835.320,-1172389.500,374.490
-443850.380,-1172373.070,373.950
-443710.090,-1172325.980,360.790
-443776.850,-1172413.710,347.840
-443770.880,-1172430.720,354.370
-443770.550,-1172432.740,351.010
-443840.290,-1172341.860,354.300
-443840.320,-1172347.940,348.730
-443840.330,-1172347.960,354.330
-443840.690,-1172349.950,354.280
-443840.420,-1172352.950,354.300
-443840.640,-1172356.500,354.350
-443711.950,-1172399.710,354.060
-443851.590,-1172427.180,355.310
-443836.530,-1172412.530,374.580
-443840.920,-1172365.570,362.690
-443839.800,-1172357.620,370.960
-443840.360,-1172347.980,362.700
-443840.160,-1172345.530,362.720
-443840.390,-1172339.210,368.270
-443840.040,-1172335.030,362.680
-443840.050,-1172335.030,365.500
-443826.530,-1172338.520,371.010
-443852.370,-1172430.570,350.940
-443851.660,-1172417.170,351.340
-443850.960,-1172408.990,352.780
-443777.450,-1172417.680,352.830
-443770.590,-1172433.150,350.910
-443839.680,-1172341.910,348.830
-443839.920,-1172341.680,348.730
-443840.010,-1172342.080,354.320
-443840.100,-1172356.560,354.370
-443840.710,-1172362.280,354.310
-443840.610,-1172364.290,354.340
-443746.580,-1172333.050,352.290
-443836.300,-1172416.180,374.530
-443851.520,-1172399.810,371.460
-443844.580,-1172392.360,374.560
-443851.160,-1172378.390,359.420
-443770.780,-1172431.320,357.960
-443840.530,-1172366.020,365.590
-443840.630,-1172363.790,362.700
-443840.600,-1172357.760,359.840
-443839.990,-1172347.900,362.820
-443839.790,-1172343.570,357.170
-443839.990,-1172342.100,359.910
-443734.730,-1172437.670,361.630
-443840.050,-1172335.270,370.050
-443839.560,-1172335.180,365.640
-443839.790,-1172334.970,365.500
-443839.540,-1172335.190,362.870
-443741.260,-1172321.370,358.980
-443761.540,-1172291.910,357.010
-443835.360,-1172424.380,352.240
-443834.190,-1172390.860,369.260
-443834.070,-1172386.510,366.490
-443850.350,-1172373.250,373.550
-443834.110,-1172386.520,366.560
-443826.700,-1172366.630,367.360
