-443851.430,-1172420.500,352.390
-443770.450,-1172430.610,354.570
-443851.310,-1172375.950,372.560
-443801.520,-1172414.090,350.960
-443827.710,-1172437.360,343.560
-443852.250,-1172426.810,349.680
-443840.010,-1172336.660,348.700
-443840.270,-1172341.840,348.670
-443840.280,-1172341.840,351.460
-443840.580,-1172347.270,351.480
-443840.240,-1172349.670,348.760
-443840.120,-1172350.000,348.760
-443840.680,-1172349.920,348.660
-443840.610,-1172356.520,348.740
-443840.890,-1172360.280,351.490
-443841.040,-1172362.100,354.280
-443840.870,-1172363.890,348.730
-443840.910,-1172363.820,351.560
-443840.770,-1172364.180,351.570
-443841.100,-1172365.000,354.280
-443840.210,-1172332.750,348.640
-443840.080,-1172333.110,348.650
-443839.950,-1172333.430,348.670
-443839.950,-1172333.480,351.480
-443839.950,-1172331.840,354.310
-443851.920,-1172422.180,360.820
-443851.430,-1172411.510,372.080
-443840.880,-1172365.610,357.140
-443840.920,-1172363.870,357.140
-443840.940,-1172363.830,359.930
-443841.000,-1172363.750,365.510
-443840.760,-1172361.750,357.160
-443840.840,-1172354.830,368.290
-443840.620,-1172353.890,362.730
-443840.680,-1172352.290,357.060
-443840.540,-1172352.650,357.060
-443840.590,-1172352.600,362.670
-443840.450,-1172352.950,362.680
-443840.730,-1172352.270,365.480
-443840.730,-1172349.900,359.850
-443840.750,-1172349.900,362.620
-443840.360,-1172347.970,359.890
-443840.070,-1172345.840,368.410
-443840.130,-1172345.560,357.110
-443840.450,-1172343.090,362.670
-443840.300,-1172341.900,359.850
-443840.310,-1172341.900,362.660
-443840.340,-1172341.890,368.310
-443840.090,-1172338.270,357.100
-443840.140,-1172334.690,357.050
-443840.030,-1172335.000,357.110
-443840.030,-1172335.020,359.860
-443839.910,-1172335.330,359.910
-443770.660,-1172431.300,358.050
-443839.970,-1172331.940,365.520
-443840.080,-1172333.240,359.830
-443852.100,-1172430.420,351.270
-443851.970,-1172426.920,355.130
-443851.940,-1172425.690,351.220
-443851.560,-1172420.430,352.400
-443851.490,-1172420.060,352.820
-443801.820,-1172417.050,350.020
-443801.360,-1172414.140,351.020
-443770.770,-1172429.100,347.430
-443770.510,-1172429.730,350.900
-443770.440,-1172430.820,351.010
-443770.500,-1172431.170,354.640
-443851.350,-1172380.080,354.840
-443839.700,-1172333.940,351.540
-443839.590,-1172335.140,354.460
-443839.600,-1172335.130,351.620
-443839.870,-1172336.840,348.760
-443840.090,-1172341.160,354.270
-443840.010,-1172342.080,351.530
-443839.970,-1172342.120,348.710
-443839.850,-1172345.720,348.800
-443840.320,-1172347.980,353.990
-443840.310,-1172347.980,348.370
-443840.330,-1172349.930,348.670
-443840.070,-1172350.710,351.710
-443840.290,-1172350.510,351.550
-443840.440,-1172353.070,348.640
-443840.350,-1172356.340,354.320
-443840.070,-1172356.590,351.610
-443840.050,-1172356.610,348.780
-443840.320,-1172356.370,348.730
-443840.590,-1172357.760,351.440
-443840.660,-1172362.320,348.700
-443840.560,-1172363.850,351.570
-443840.550,-1172363.860,348.730
-443840.360,-1172364.510,351.610
-443840.630,-1172364.270,351.550
-443840.840,-1172364.090,348.630
-443839.780,-1172333.290,348.680
-443839.850,-1172332.720,348.600
-443839.590,-1172332.100,351.550
-443839.560,-1172332.130,354.360
-443839.810,-1172331.900,354.300
-443730.810,-1172296.680,352.170
-443749.460,-1172313.520,352.350
-443707.000,-1172291.300,352.980
-443851.910,-1172429.180,361.340
-443851.520,-1172413.820,356.890
-443835.950,-1172405.050,374.500
-443835.660,-1172397.020,374.560
-443851.490,-1172381.930,370.750
-443840.750,-1172364.160,368.330
-443840.830,-1172364.090,356.960
-443840.660,-1172363.760,365.520
-443840.590,-1172363.820,357.140
-443840.770,-1172363.130,365.410
-443840.650,-1172358.200,365.300
-443840.630,-1172357.730,368.090
-443840.530,-1172356.660,365.460
-443840.140,-1172356.530,362.760
-443840.370,-1172356.320,362.710
-443840.130,-1172356.540,359.990
-443840.520,-1172355.820,362.660
-443840.480,-1172353.040,362.550
-443840.470,-1172353.040,357.020
-443840.350,-1172351.030,368.310
-443840.070,-1172349.170,368.390
-443840.270,-1172347.110,357.070
-443839.960,-1172346.500,359.980
-443840.190,-1172345.930,368.350
-443839.890,-1172345.690,357.200
-443840.000,-1172342.090,357.120
-443839.880,-1172341.730,357.140
-443840.110,-1172339.720,365.260
-443839.770,-1172338.190,357.120
-443840.140,-1172337.140,370.000
-443840.010,-1172336.720,359.680
-443840.000,-1172336.730,356.830
-443839.580,-1172335.160,360.070
-443839.800,-1172334.960,359.900
-443839.910,-1172331.810,365.130
-443775.190,-1172291.990,358.300
-443761.730,-1172293.840,356.190
-443761.710,-1172293.340,356.350
-443761.470,-1172292.390,358.730
-443742.850,-1172296.390,356.300
-443721.380,-1172292.110,355.640
-443834.550,-1172397.130,355.170
-443834.820,-1172398.090,366.470
-443834.530,-1172393.750,372.100
-443833.900,-1172376.440,371.970
-443833.760,-1172376.820,372.040
-443734.570,-1172433.410,361.760
-443835.480,-1172412.460,357.020
-443833.660,-1172376.250,368.430
