-443826.480,-1172435.180,350.770
-443826.710,-1172434.600,350.700
-443826.550,-1172435.600,350.870
-443826.550,-1172436.360,351.000
-443826.650,-1172437.060,351.130
-443826.540,-1172438.500,351.370
-443826.680,-1172439.090,351.520
-443796.760,-1172414.720,354.220
-443794.530,-1172412.650,353.510
-443788.590,-1172424.090,350.210
-443792.160,-1172410.310,352.730
-443791.660,-1172377.560,351.510
-443825.620,-1172352.750,347.300
-443795.520,-1172395.830,351.870
-443762.120,-1172405.020,349.470
-443789.510,-1172378.200,351.360
-443710.700,-1172403.150,352.170
-443710.450,-1172403.290,352.160
-443710.570,-1172403.000,352.170
-443708.240,-1172403.210,348.270
-443807.370,-1172305.180,352.550
-443750.350,-1172437.600,361.820
-443850.650,-1172432.110,374.750
-443850.600,-1172429.120,374.740
-443848.030,-1172431.710,374.170
-443845.930,-1172427.640,374.770
-443849.180,-1172417.400,374.320
-443849.410,-1172416.800,374.310
-443848.560,-1172417.390,374.190
-443847.630,-1172418.740,374.220
-443848.620,-1172414.880,374.200
-443847.890,-1172415.880,374.300
-443845.060,-1172416.390,374.120
-443848.650,-1172406.260,374.220
-443851.790,-1172398.260,373.770
-443848.800,-1172404.860,374.280
-443849.980,-1172401.860,374.690
-443843.790,-1172415.380,374.850
-443838.320,-1172416.800,374.200
-443833.900,-1172419.470,377.540
-443831.290,-1172420.590,377.780
-443831.020,-1172419.400,377.600
-443830.100,-1172419.780,377.550
-443840.150,-1172377.410,374.660
-443838.010,-1172381.770,377.550
-443834.310,-1172375.420,374.720
-443757.050,-1172295.750,359.300
-443765.730,-1172291.540,358.630
-443803.670,-1172311.530,357.680
-443809.990,-1172309.310,358.810
-443812.550,-1172306.230,357.370
-443706.770,-1172318.630,360.400
-443707.620,-1172316.530,360.130
-443706.800,-1172316.880,360.160
-443717.220,-1172294.810,358.170
-443712.290,-1172317.910,360.410
-443712.650,-1172317.020,360.290
-443713.010,-1172316.120,360.210
-443716.660,-1172316.600,357.820
-443717.640,-1172318.610,358.400
-443717.420,-1172318.090,358.250
-443796.260,-1172414.190,354.140
-443820.940,-1172437.770,351.220
-443794.680,-1172412.640,353.570
-443792.740,-1172410.880,352.940
-443825.430,-1172352.590,347.260
-443812.650,-1172375.630,348.280
-443814.260,-1172375.420,348.330
-443734.460,-1172397.940,350.540
-443711.980,-1172403.490,352.400
-443810.590,-1172319.420,351.430
-443838.790,-1172366.370,370.780
-443845.780,-1172427.750,374.790
-443847.360,-1172418.760,374.270
-443849.370,-1172416.500,374.330
-443849.120,-1172416.700,374.190
-443849.020,-1172413.070,374.350
-443851.670,-1172398.510,373.870
-443841.310,-1172406.890,374.720
-443851.540,-1172391.660,373.650
-443719.280,-1172294.590,358.270
-443721.220,-1172293.500,357.830
-443778.740,-1172312.840,359.990
-443803.180,-1172311.450,357.620
-443805.690,-1172311.390,357.730
-443813.000,-1172306.640,357.700
-443701.230,-1172298.210,358.260
-443706.700,-1172316.840,360.210
-443707.490,-1172322.130,362.240
-443717.820,-1172317.260,358.530
-443717.990,-1172318.900,358.550
-443708.370,-1172327.420,360.980
-443709.680,-1172336.890,361.040
-443795.370,-1172413.450,353.720
-443820.360,-1172433.460,350.540
-443761.030,-1172396.640,349.690
-443756.090,-1172312.160,354.320
-443758.110,-1172321.340,354.450
-443701.870,-1172291.230,354.140
-443849.220,-1172416.800,374.120
-443848.860,-1172417.790,374.230
-443848.520,-1172417.350,374.160
-443845.060,-1172416.320,374.150
-443845.930,-1172406.570,374.220
-443848.490,-1172398.140,374.240
-443848.780,-1172384.720,375.770
-443847.780,-1172384.780,374.370
-443840.290,-1172381.710,377.500
-443839.870,-1172378.090,374.210
-443834.890,-1172389.970,373.840
-443834.710,-1172373.880,374.740
-443781.600,-1172314.150,361.070
-443739.860,-1172319.000,361.980
-443718.510,-1172319.850,358.760
-443718.000,-1172318.800,358.370
-443717.700,-1172318.460,358.290
-443717.100,-1172317.700,358.060
-443716.700,-1172316.540,357.810
-443707.710,-1172329.030,360.900
-443705.590,-1172331.080,360.780
-443707.460,-1172322.150,362.090
-443708.380,-1172316.390,360.060
-443851.080,-1172423.830,354.180
-443826.680,-1172438.770,351.430
-443850.720,-1172416.840,348.500
-443826.640,-1172437.000,351.100
-443826.440,-1172435.050,350.720
-443817.240,-1172433.480,350.450
-443795.980,-1172413.940,353.920
-443795.600,-1172413.520,353.800
-443794.950,-1172409.200,351.630
-443794.170,-1172410.310,352.690
-443788.650,-1172423.970,350.130
-443788.610,-1172421.060,350.040
-443772.060,-1172411.050,349.670
-443793.390,-1172411.480,353.100
-443711.520,-1172403.310,352.250
-443708.370,-1172403.300,347.980
-443833.910,-1172302.410,351.400
-443796.300,-1172330.820,349.490
-443782.170,-1172308.480,353.820
-443743.260,-1172336.080,353.240
-443760.290,-1172311.420,354.720
-443758.560,-1172311.550,354.570
-443850.680,-1172432.080,374.730
-443847.990,-1172431.710,374.160
-443845.790,-1172427.720,374.800
-443850.970,-1172416.630,357.030
-443844.550,-1172421.700,374.860
-443839.210,-1172418.880,377.460
-443842.290,-1172414.680,376.320
-443839.000,-1172415.310,374.330
-443838.640,-1172414.980,374.100
-443848.340,-1172394.860,374.170
-443849.930,-1172387.940,374.880
-443830.770,-1172360.710,370.570
-443830.360,-1172342.700,370.580
-443711.080,-1172319.280,360.550
-443826.590,-1172439.170,351.480
-443807.860,-1172434.010,350.550
-443802.380,-1172436.020,350.720
-443794.640,-1172412.690,353.530
-443795.060,-1172409.170,351.710
-443796.030,-1172413.980,354.010
-443792.110,-1172410.350,352.750
-443793.520,-1172411.670,353.170
-443793.970,-1172412.070,353.350
-443710.600,-1172403.220,352.260
-443799.050,-1172324.330,351.460
-443800.860,-1172324.080,351.480
-443850.850,-1172428.420,374.710
-443850.590,-1172429.090,374.760
-443848.860,-1172417.100,374.280
-443848.750,-1172417.030,374.150
-443848.600,-1172417.430,374.360
-443842.300,-1172432.480,374.750
-443842.120,-1172432.340,374.740
-443840.980,-1172430.260,374.150
-443844.310,-1172421.260,374.940
-443844.930,-1172416.380,374.060
-443848.800,-1172403.500,374.280
-443848.380,-1172394.640,374.250
-443837.600,-1172418.770,377.550
-443838.770,-1172415.680,374.230
-443834.020,-1172376.130,371.090
-443838.350,-1172345.170,370.720
-443770.390,-1172435.760,361.330
-443825.450,-1172331.870,359.820
-443812.910,-1172306.460,357.540
-443718.070,-1172319.260,358.550
-443717.720,-1172318.630,358.390
-443716.600,-1172316.520,357.840
-443707.980,-1172337.360,361.070
-443704.590,-1172330.600,360.640
-443706.940,-1172316.490,360.140
-443706.800,-1172316.850,360.150
-443826.660,-1172434.500,350.700
-443811.680,-1172438.230,351.260
-443810.240,-1172436.420,350.920
-443794.260,-1172412.320,353.450
-443794.060,-1172412.100,353.380
-443792.110,-1172410.540,352.720
-443792.810,-1172411.010,352.980
-443825.600,-1172352.580,347.370
-443826.640,-1172365.340,347.580
-443711.520,-1172403.420,352.340
-443710.570,-1172402.970,352.140
-443708.370,-1172403.380,348.350
-443743.390,-1172336.010,353.310
-443848.140,-1172431.490,374.190
-443842.190,-1172432.390,374.780
-443845.440,-1172428.290,374.180
-443847.260,-1172418.610,374.140
-443849.410,-1172416.820,374.330
-443844.380,-1172421.340,374.830
-443845.750,-1172415.010,374.250
-443848.760,-1172404.960,374.180
-443848.340,-1172394.640,374.250
-443848.510,-1172384.450,374.520
-443848.220,-1172384.370,374.400
-443843.230,-1172385.110,374.720
-443834.820,-1172387.290,373.910
-443837.100,-1172379.910,374.490
-443834.300,-1172376.120,371.210
-443839.020,-1172366.880,371.170
-443830.280,-1172342.670,370.580
-443774.850,-1172293.030,358.800
-443719.150,-1172320.480,359.110
-443718.550,-1172320.010,358.870
-443715.490,-1172321.330,362.210
-443717.610,-1172318.300,358.320
-443712.440,-1172316.070,360.250
-443706.760,-1172316.790,360.170
