-443801.240,-1172408.410,348.210
-443801.530,-1172408.430,348.240
-443793.080,-1172424.120,352.870
-443792.290,-1172416.430,352.700
-443826.880,-1172366.490,347.740
-443753.670,-1172397.020,346.810
-443769.150,-1172399.720,349.730
-443789.060,-1172399.040,351.050
-443764.130,-1172322.600,352.670
-443763.860,-1172322.150,352.540
-443770.180,-1172427.460,361.600
-443770.360,-1172428.790,361.820
-443825.960,-1172335.700,368.190
-443825.980,-1172347.950,368.120
-443826.200,-1172347.370,368.150
-443826.380,-1172351.350,359.690
-443826.080,-1172351.410,359.720
-443850.230,-1172419.700,374.130
-443849.980,-1172415.340,374.730
-443840.390,-1172428.250,374.810
-443848.060,-1172407.750,374.240
-443849.810,-1172401.160,374.160
-443851.640,-1172389.490,374.260
-443836.490,-1172428.030,373.840
-443849.670,-1172392.610,374.750
-443834.260,-1172396.530,370.790
-443835.020,-1172390.480,373.880
-443838.890,-1172363.800,370.730
-443838.870,-1172361.070,370.680
-443826.240,-1172357.770,361.990
-443721.310,-1172295.560,357.780
-443735.790,-1172294.980,357.750
-443736.400,-1172295.450,358.170
-443736.760,-1172294.550,358.340
-443737.110,-1172293.660,358.710
-443736.280,-1172295.730,357.980
-443737.590,-1172295.330,358.900
-443737.710,-1172295.010,359.020
-443738.070,-1172294.120,359.250
-443738.670,-1172294.600,359.650
-443739.000,-1172296.780,359.640
-443730.590,-1172321.540,360.960
-443731.080,-1172321.100,361.280
-443732.090,-1172320.060,361.920
-443738.580,-1172323.430,359.750
-443738.930,-1172322.550,360.060
-443739.050,-1172322.260,360.210
-443738.760,-1172323.950,359.800
-443739.010,-1172323.330,360.010
-443739.130,-1172323.020,360.140
-443739.250,-1172322.730,360.240
-443739.720,-1172321.540,360.650
-443739.590,-1172322.800,360.400
-443740.150,-1172322.060,360.830
-443741.400,-1172319.970,361.930
-443752.320,-1172293.560,358.480
-443752.430,-1172294.430,358.340
-443752.400,-1172295.390,358.150
-443752.630,-1172294.810,358.330
-443765.450,-1172291.110,358.600
-443779.800,-1172315.740,360.280
-443780.040,-1172315.120,360.570
-443785.530,-1172319.450,357.780
-443784.990,-1172319.800,357.560
-443786.730,-1172318.710,358.700
-443787.330,-1172317.190,359.160
-443785.850,-1172320.000,357.900
-443786.550,-1172318.200,358.520
-443786.680,-1172317.880,358.720
-443787.290,-1172318.240,359.070
-443788.710,-1172315.550,359.980
-443802.020,-1172313.000,356.670
-443801.880,-1172312.280,356.490
-443805.970,-1172310.580,358.100
-443806.390,-1172311.640,359.380
-443812.430,-1172306.540,357.330
-443828.240,-1172307.560,356.980
-443837.930,-1172330.950,370.700
-443838.240,-1172330.870,371.110
-443699.700,-1172299.240,357.390
-443700.790,-1172296.550,357.390
-443704.340,-1172327.680,360.690
-443704.380,-1172328.560,360.640
-443704.910,-1172332.740,360.730
-443704.890,-1172333.740,360.720
-443705.200,-1172335.500,360.630
-443705.350,-1172337.820,360.590
-443705.470,-1172337.510,360.650
-443718.600,-1172318.760,358.890
-443796.090,-1172416.600,353.830
-443796.400,-1172417.730,354.230
-443826.940,-1172440.670,351.560
-443801.480,-1172408.440,348.280
-443794.190,-1172413.050,353.460
-443769.660,-1172421.270,353.840
-443793.400,-1172413.270,353.340
-443825.630,-1172335.810,354.310
-443825.690,-1172335.760,351.380
-443834.020,-1172395.470,353.880
-443789.070,-1172399.210,351.010
-443779.290,-1172317.830,351.890
-443763.860,-1172322.100,352.510
-443743.150,-1172336.180,353.250
-443756.820,-1172322.490,354.220
-443756.520,-1172319.630,354.200
-443764.620,-1172311.880,355.170
-443825.840,-1172335.640,368.190
-443825.780,-1172335.690,359.780
-443825.830,-1172335.650,356.970
-443825.580,-1172335.860,356.990
-443826.040,-1172347.920,368.170
-443838.500,-1172339.750,371.150
-443826.350,-1172357.640,362.010
-443830.720,-1172354.430,370.890
-443826.370,-1172358.120,364.810
-443826.400,-1172358.100,362.030
-443838.650,-1172353.580,370.770
-443826.560,-1172365.490,356.940
-443770.120,-1172427.530,361.560
-443770.500,-1172429.730,361.860
-443845.720,-1172428.270,374.760
-443849.860,-1172406.180,374.320
-443850.050,-1172400.290,375.040
-443849.900,-1172394.900,375.040
-443851.450,-1172382.710,374.380
-443849.330,-1172383.110,374.760
-443848.800,-1172375.630,374.320
-443738.080,-1172292.620,359.480
-443737.590,-1172293.030,359.120
-443736.410,-1172294.600,358.240
-443738.420,-1172293.410,359.630
-443736.260,-1172295.210,358.130
-443738.090,-1172294.640,359.300
-443736.840,-1172295.680,358.430
-443736.730,-1172296.380,358.270
-443736.480,-1172296.590,358.100
-443738.630,-1172295.270,359.600
-443738.400,-1172295.470,359.430
-443738.840,-1172296.560,359.630
-443739.070,-1172296.810,359.750
-443752.020,-1172290.940,358.950
-443752.080,-1172291.270,358.920
-443752.310,-1172294.280,358.360
-443752.740,-1172294.730,358.370
-443752.560,-1172295.170,358.310
-443762.410,-1172290.980,357.150
-443762.480,-1172291.350,357.250
-443731.050,-1172320.230,361.330
-443732.090,-1172320.000,361.940
-443730.970,-1172321.350,361.180
-443730.720,-1172321.550,361.060
-443740.730,-1172320.460,361.440
-443739.530,-1172321.470,360.600
-443739.370,-1172322.020,360.440
-443739.130,-1172322.220,360.280
-443738.900,-1172322.410,360.110
-443739.790,-1172322.380,360.620
-443739.530,-1172322.590,360.460
-443739.270,-1172322.810,360.300
-443739.040,-1172323.000,360.130
-443738.810,-1172323.200,359.980
-443738.550,-1172323.420,359.790
-443738.290,-1172323.630,359.610
-443738.980,-1172323.660,359.970
-443738.720,-1172323.870,359.810
-443737.930,-1172324.920,359.230
-443779.920,-1172315.360,360.540
-443779.430,-1172315.770,360.210
-443788.010,-1172316.420,359.740
-443787.770,-1172316.630,359.590
-443788.820,-1172315.080,360.390
-443788.290,-1172316.790,359.870
-443786.840,-1172318.010,358.830
-443786.580,-1172318.230,358.650
-443786.330,-1172318.440,358.500
-443786.100,-1172318.640,358.340
-443787.440,-1172318.060,359.280
-443787.190,-1172318.280,359.110
-443786.200,-1172319.590,358.300
-443785.950,-1172319.800,358.160
-443785.700,-1172320.010,357.990
-443801.680,-1172312.360,356.460
-443802.940,-1172312.220,357.300
-443802.700,-1172312.420,357.180
-443802.210,-1172312.840,356.830
-443700.480,-1172298.840,357.950
-443700.240,-1172299.040,357.800
-443717.330,-1172317.680,358.260
-443718.710,-1172318.290,359.030
-443718.670,-1172319.200,358.910
-443704.930,-1172333.910,360.460
-443705.310,-1172337.430,360.590
-443827.050,-1172440.750,351.280
-443851.530,-1172415.110,348.490
-443743.210,-1172336.480,353.320
-443851.540,-1172419.170,359.860
-443852.350,-1172400.300,374.030
-443836.370,-1172428.250,373.830
-443849.180,-1172379.510,374.220
-443839.290,-1172365.820,370.960
-443830.460,-1172343.560,370.620
-443770.170,-1172426.630,361.520
-443752.810,-1172294.680,358.380
-443752.660,-1172295.040,358.280
-443752.470,-1172295.480,358.060
-443752.520,-1172294.730,358.050
-443739.630,-1172322.700,360.420
-443739.460,-1172323.130,360.230
-443740.260,-1172320.840,360.890
-443740.070,-1172321.300,360.670
-443739.920,-1172321.640,360.580
-443739.420,-1172322.860,360.130
-443739.570,-1172321.620,360.520
-443739.390,-1172322.060,360.280
-443739.210,-1172322.480,360.130
-443751.960,-1172291.150,358.690
-443738.920,-1172322.530,359.870
-443738.730,-1172322.970,359.660
-443737.880,-1172325.000,358.870
-443736.960,-1172325.950,358.400
-443736.810,-1172326.300,358.360
-443737.240,-1172324.680,358.660
-443736.510,-1172325.460,358.300
-443731.690,-1172320.130,361.590
-443730.450,-1172319.160,361.050
-443739.020,-1172296.400,359.300
-443738.520,-1172295.860,359.260
-443738.180,-1172296.690,358.940
-443738.240,-1172294.700,359.150
-443737.760,-1172295.870,358.780
-443737.820,-1172292.980,359.270
-443736.610,-1172297.040,357.920
-443736.860,-1172294.100,358.380
-443736.220,-1172295.640,357.930
-443718.830,-1172319.080,358.890
-443718.730,-1172318.730,358.620
-443850.920,-1172418.350,348.510
-443796.370,-1172419.590,354.030
-443796.220,-1172416.590,353.980
-443792.830,-1172424.070,352.660
-443802.800,-1172318.230,350.950
-443743.370,-1172336.430,353.250
-443742.910,-1172334.960,353.220
-443756.580,-1172319.730,354.200
-443850.810,-1172407.140,357.760
-443848.740,-1172408.600,374.200
-443849.910,-1172381.930,371.090
-443840.090,-1172377.880,374.680
-443839.240,-1172363.030,371.100
-443830.580,-1172354.600,370.650
-443838.540,-1172338.580,371.060
-443828.240,-1172307.560,356.950
-443808.060,-1172307.170,357.610
-443801.750,-1172312.470,356.490
-443785.150,-1172320.650,357.490
-443785.830,-1172320.030,357.940
-443784.990,-1172319.790,357.510
-443785.310,-1172319.500,357.720
-443785.660,-1172319.180,357.960
-443788.340,-1172316.730,359.860
-443788.230,-1172316.010,359.800
-443779.310,-1172315.690,360.060
-443779.670,-1172315.360,360.320
-443780.350,-1172314.740,360.790
-443779.530,-1172316.020,360.160
-443736.780,-1172325.960,358.320
-443737.480,-1172325.310,358.780
-443737.830,-1172324.990,359.020
-443738.190,-1172324.660,359.300
-443737.730,-1172324.600,359.010
-443738.430,-1172323.960,359.520
-443739.490,-1172323.000,360.260
-443737.850,-1172324.140,359.120
-443738.220,-1172323.810,359.410
-443738.540,-1172323.510,359.620
-443738.910,-1172323.170,359.910
-443739.280,-1172322.830,360.150
-443739.980,-1172322.190,360.670
-443740.320,-1172321.880,360.850
-443739.650,-1172321.840,360.460
-443740.020,-1172321.500,360.750
-443740.030,-1172320.980,360.860
-443731.490,-1172320.670,361.420
-443752.380,-1172295.090,358.110
-443752.710,-1172294.790,358.250
-443752.570,-1172294.370,358.420
-443752.100,-1172292.780,358.480
-443752.100,-1172291.210,358.840
-443737.790,-1172296.860,358.790
-443736.650,-1172296.660,358.110
-443737.910,-1172294.550,359.040
-443735.890,-1172296.410,357.670
-443737.780,-1172293.540,359.000
-443738.120,-1172293.230,359.230
-443737.830,-1172292.800,359.170
-443705.470,-1172337.300,360.580
-443705.410,-1172335.740,360.670
-443705.180,-1172333.470,360.660
-443718.060,-1172317.850,358.500
-443704.390,-1172327.640,360.620
-443826.730,-1172440.580,351.330
-443801.530,-1172408.200,348.220
-443791.820,-1172411.890,346.810
-443792.870,-1172424.020,352.790
-443834.520,-1172399.350,353.920
-443834.580,-1172393.430,354.110
-443833.410,-1172372.890,353.940
-443833.580,-1172371.530,354.040
-443826.830,-1172365.310,351.330
-443826.700,-1172365.630,351.320
-443826.500,-1172365.460,351.320
-443825.600,-1172335.820,351.350
-443823.780,-1172309.910,355.170
-443802.350,-1172316.400,350.940
-443802.540,-1172317.300,350.980
-443802.740,-1172317.380,351.080
-443743.230,-1172336.510,353.080
-443748.480,-1172322.910,355.250
-443763.830,-1172322.280,352.470
-443718.270,-1172337.360,353.170
-443706.230,-1172324.060,355.360
-443704.780,-1172327.970,352.750
-443847.870,-1172417.960,374.310
-443847.700,-1172417.800,374.140
-443848.790,-1172409.580,374.200
-443848.650,-1172409.940,374.240
-443849.780,-1172389.360,374.830
-443836.310,-1172424.050,373.980
-443836.360,-1172421.960,373.910
-443835.550,-1172408.070,373.810
-443836.070,-1172401.940,374.910
-443835.300,-1172402.230,374.650
-443835.300,-1172400.060,374.660
-443834.690,-1172398.390,362.460
-443834.340,-1172397.800,365.280
-443838.730,-1172361.140,370.730
-443838.720,-1172356.390,370.740
-443838.630,-1172351.900,370.840
-443827.000,-1172364.290,365.460
-443830.740,-1172354.500,370.820
-443830.640,-1172354.780,370.650
-443826.800,-1172357.680,367.630
-443826.650,-1172358.040,364.810
-443826.740,-1172357.760,362.020
-443826.610,-1172358.100,362.030
-443826.170,-1172357.680,361.950
-443830.400,-1172343.620,370.760
-443826.470,-1172351.390,359.730
-443825.910,-1172346.310,368.200
-443825.630,-1172335.790,356.930
-443734.240,-1172435.260,361.100
-443825.730,-1172333.320,356.950
-443824.940,-1172309.510,355.980
-443808.010,-1172307.360,357.600
-443785.580,-1172319.500,357.880
-443762.490,-1172290.980,357.010
-443752.780,-1172294.780,358.430
-443752.440,-1172295.700,358.070
-443752.310,-1172293.650,358.410
-443752.100,-1172292.840,358.530
-443740.850,-1172320.530,361.390
-443740.190,-1172320.840,361.030
-443740.080,-1172321.130,360.930
-443739.860,-1172321.720,360.710
-443739.420,-1172322.920,360.300
-443739.310,-1172323.240,360.170
-443739.200,-1172323.520,360.030
-443738.940,-1172323.190,359.930
-443738.820,-1172323.510,359.860
-443739.490,-1172321.700,360.470
-443739.370,-1172322.010,360.360
-443737.940,-1172324.130,359.340
-443737.840,-1172324.410,359.170
-443737.610,-1172325.030,359.000
-443737.500,-1172325.340,358.900
-443737.370,-1172325.680,358.790
-443736.890,-1172326.180,358.410
-443737.790,-1172323.730,359.220
-443737.670,-1172324.060,359.120
-443736.710,-1172325.420,358.390
-443731.810,-1172319.880,361.820
-443731.690,-1172320.200,361.690
-443731.580,-1172320.500,361.580
-443731.460,-1172320.830,361.480
-443731.270,-1172320.380,361.350
-443730.540,-1172321.000,360.960
-443739.070,-1172296.550,359.690
-443738.680,-1172293.230,359.680
-443738.190,-1172292.750,359.510
-443737.990,-1172293.310,359.210
-443737.050,-1172293.820,358.590
-443736.470,-1172295.380,358.100
-443737.660,-1172293.030,359.170
-443737.560,-1172293.290,358.950
-443735.880,-1172294.890,357.800
-443718.840,-1172318.350,358.980
-443718.730,-1172318.650,358.890
-443705.300,-1172335.600,360.710
-443705.050,-1172333.650,360.630
-443704.500,-1172329.530,360.520
-443701.670,-1172296.140,358.110
-443699.190,-1172299.700,357.020
-443700.740,-1172296.540,357.510
-443699.730,-1172299.250,357.410
-443827.050,-1172440.850,351.570
-443826.880,-1172440.700,351.460
-443801.600,-1172408.430,348.280
-443801.280,-1172408.290,348.110
-443801.510,-1172408.100,348.220
-443792.700,-1172424.300,352.600
-443792.930,-1172424.120,352.820
-443794.050,-1172420.960,353.260
-443792.320,-1172416.460,352.670
-443834.740,-1172393.180,354.220
-443826.130,-1172335.790,351.460
-443826.300,-1172342.710,354.250
-443826.280,-1172342.730,348.620
-443833.870,-1172372.000,354.200
-443833.360,-1172372.840,353.920
-443788.950,-1172399.140,350.890
-443824.090,-1172310.310,355.370
-443823.750,-1172309.900,355.150
-443823.750,-1172308.780,355.270
-443802.700,-1172317.350,351.040
-443802.460,-1172317.030,350.950
-443748.690,-1172323.470,355.360
-443756.620,-1172319.790,354.160
-443756.870,-1172322.470,354.170
-443743.140,-1172336.210,353.230
-443765.260,-1172317.170,355.230
-443743.380,-1172336.440,353.250
-443779.070,-1172317.870,351.870
-443718.240,-1172337.330,352.590
-443704.670,-1172328.100,352.880
-443706.120,-1172324.090,355.400
-443706.380,-1172323.860,355.440
-443850.510,-1172426.420,374.210
-443836.380,-1172430.100,373.990
-443836.340,-1172428.060,374.210
-443847.740,-1172417.810,374.200
-443848.670,-1172408.520,374.200
-443838.780,-1172416.290,374.260
-443835.940,-1172415.580,374.670
-443849.550,-1172394.990,374.290
-443849.780,-1172393.000,374.810
-443849.730,-1172391.160,374.800
-443834.260,-1172397.950,365.260
-443834.930,-1172393.020,362.650
-443834.630,-1172392.840,362.620
-443849.310,-1172377.300,374.840
-443849.250,-1172376.240,374.810
-443851.150,-1172373.950,373.930
-443842.820,-1172378.530,374.660
-443770.480,-1172429.690,361.850
-443770.070,-1172424.750,361.680
-443834.010,-1172371.410,357.030
-443838.760,-1172358.930,370.770
-443838.670,-1172356.200,370.720
-443830.910,-1172361.480,370.810
-443838.610,-1172355.180,370.720
-443827.130,-1172364.570,365.500
-443826.680,-1172358.080,362.010
-443826.450,-1172358.270,364.680
-443826.700,-1172358.060,364.800
-443826.530,-1172357.630,361.970
-443826.800,-1172353.660,359.840
-443826.480,-1172351.320,359.770
-443826.550,-1172346.790,368.240
-443835.130,-1172338.700,370.610
-443838.070,-1172334.830,370.690
-443829.970,-1172336.580,370.640
-443825.970,-1172335.600,359.800
-443825.970,-1172335.590,368.200
-443826.140,-1172335.770,357.030
-443826.140,-1172335.770,359.860
-443838.360,-1172333.700,371.110
-443838.110,-1172330.580,371.040
-443825.740,-1172333.290,356.930
-443828.020,-1172307.600,356.740
-443806.470,-1172310.240,358.400
-443785.180,-1172320.640,357.560
-443785.430,-1172320.430,357.700
-443786.250,-1172319.150,358.370
-443786.720,-1172318.760,358.680
-443785.660,-1172319.020,358.000
-443785.900,-1172318.830,358.140
-443788.460,-1172316.680,359.960
-443788.930,-1172316.290,360.380
-443787.890,-1172316.500,359.620
-443788.110,-1172316.310,359.790
-443779.210,-1172315.730,360.030
-443779.680,-1172315.330,360.370
-443780.150,-1172314.930,360.720
-443780.390,-1172314.740,360.900
-443779.390,-1172314.820,360.230
-443737.040,-1172326.130,358.560
-443737.500,-1172325.230,358.890
-443737.740,-1172325.030,359.060
-443737.980,-1172324.820,359.210
-443736.500,-1172325.500,358.280
-443736.750,-1172325.290,358.460
-443737.000,-1172325.080,358.610
-443737.700,-1172324.480,359.080
-443738.140,-1172324.120,359.400
-443738.380,-1172323.910,359.550
-443738.630,-1172323.700,359.740
-443738.850,-1172323.510,359.910
-443739.080,-1172323.310,360.060
-443739.330,-1172323.110,360.220
-443739.570,-1172322.900,360.380
-443739.260,-1172322.530,360.260
-443739.300,-1172321.830,360.390
-443739.520,-1172321.640,360.550
-443739.970,-1172321.260,360.890
-443740.670,-1172320.670,361.370
-443730.850,-1172321.270,361.100
-443732.000,-1172320.290,361.840
-443731.570,-1172320.120,361.630
-443731.800,-1172319.920,361.790
-443731.220,-1172319.300,361.450
-443752.450,-1172295.170,358.200
-443752.660,-1172294.990,358.390
-443751.950,-1172291.450,358.750
-443752.180,-1172291.250,358.960
-443738.840,-1172296.610,359.620
-443737.800,-1172296.920,358.870
-443743.240,-1172291.690,360.640
-443737.170,-1172296.900,358.470
-443736.300,-1172296.860,357.940
-443736.530,-1172296.660,358.090
-443736.760,-1172296.460,358.270
-443736.930,-1172295.670,358.460
-443737.890,-1172294.850,359.120
-443738.100,-1172294.670,359.280
-443736.120,-1172295.740,357.920
-443736.350,-1172295.550,358.080
-443737.620,-1172293.930,359.000
-443736.210,-1172294.490,358.040
-443737.150,-1172293.680,358.700
-443737.850,-1172293.080,359.220
-443705.370,-1172336.930,360.580
-443705.060,-1172333.800,360.550
-443718.700,-1172319.210,358.870
-443718.620,-1172318.660,358.860
-443718.070,-1172317.900,358.610
-443704.450,-1172329.560,360.480
-443699.880,-1172299.200,357.550
