-443802.060,-1172324.610,349.590
-443801.920,-1172324.970,349.610
-443743.550,-1172291.440,359.570
-443743.430,-1172291.150,359.360
-443714.920,-1172317.050,358.890
-443837.340,-1172305.220,355.200
-443837.270,-1172304.800,354.400
-443837.170,-1172303.960,354.280
-443801.790,-1172324.720,349.550
-443849.940,-1172370.650,374.320
-443837.350,-1172305.660,355.480
-443722.230,-1172317.300,357.080
-443743.400,-1172291.330,359.480
-443734.290,-1172437.060,348.190
-443707.510,-1172399.810,350.930
-443707.470,-1172399.300,351.000
