-443827.750,-1172305.610,353.730
-443827.640,-1172304.970,353.400
-443827.450,-1172303.750,352.450
-443710.170,-1172291.200,355.430
-443841.220,-1172400.880,374.790
-443838.730,-1172366.510,370.840
-443719.150,-1172291.030,355.970
-443729.930,-1172316.370,359.650
-443742.930,-1172290.780,359.610
-443738.100,-1172314.770,359.200
-443740.320,-1172315.370,359.820
-443740.330,-1172316.160,360.300
-443740.470,-1172317.440,361.150
-443740.590,-1172317.140,361.050
-443745.120,-1172313.610,358.930
-443768.790,-1172293.940,359.080
-443783.760,-1172313.660,361.020
-443784.810,-1172311.000,359.380
-443785.740,-1172312.310,360.240
-443788.340,-1172308.670,358.000
-443788.940,-1172313.070,360.960
-443806.150,-1172311.070,357.510
-443810.390,-1172306.570,356.740
-443808.940,-1172309.360,358.730
-443810.270,-1172306.010,356.290
-443810.320,-1172307.630,357.440
-443810.670,-1172309.150,359.020
-443827.570,-1172306.040,356.660
-443830.540,-1172305.390,356.520
-443832.450,-1172306.470,357.360
-443832.340,-1172305.970,357.040
-443832.470,-1172305.650,356.800
-443712.560,-1172294.210,357.370
-443705.960,-1172317.190,358.010
-443827.940,-1172307.450,355.230
-443824.000,-1172308.040,355.330
-443827.640,-1172304.450,353.000
-443823.370,-1172307.710,355.010
-443805.820,-1172307.380,354.780
-443805.730,-1172306.980,354.410
-443804.270,-1172307.660,354.860
-443730.420,-1172292.840,355.080
-443710.330,-1172291.200,355.570
-443710.330,-1172290.660,355.270
-443754.280,-1172437.060,361.490
-443840.380,-1172427.660,374.840
-443718.890,-1172291.250,356.150
-443741.130,-1172291.150,359.750
-443742.730,-1172290.760,359.580
-443748.460,-1172290.810,359.180
-443740.150,-1172314.870,359.500
-443736.780,-1172318.510,361.600
-443740.140,-1172317.810,361.480
-443740.320,-1172317.960,361.480
-443784.830,-1172310.790,359.350
-443788.660,-1172308.590,358.250
-443788.640,-1172309.570,358.790
-443788.750,-1172312.030,360.340
-443807.280,-1172307.610,357.270
-443810.300,-1172305.980,356.320
-443810.320,-1172306.500,356.730
-443806.830,-1172309.460,358.670
-443812.190,-1172306.880,357.120
-443828.170,-1172306.320,357.000
-443830.320,-1172305.430,356.550
-443834.140,-1172304.160,355.960
-443832.380,-1172305.660,356.850
-443832.150,-1172304.880,356.280
-443832.510,-1172306.380,357.410
-443710.420,-1172292.180,356.170
-443712.560,-1172294.300,357.630
-443705.230,-1172316.720,357.680
-443706.920,-1172320.210,360.650
-443717.060,-1172316.590,358.050
-443715.890,-1172318.880,360.310
-443823.500,-1172307.780,354.960
-443848.010,-1172417.590,374.090
-443763.880,-1172436.980,361.770
-443824.570,-1172308.660,355.640
-443812.850,-1172308.860,358.600
-443812.890,-1172307.560,357.580
-443810.220,-1172306.890,356.870
-443796.370,-1172312.430,360.870
-443788.740,-1172312.060,360.260
-443784.830,-1172310.720,359.160
-443785.030,-1172310.890,359.240
-443765.650,-1172314.750,361.120
-443765.430,-1172315.280,361.510
-443740.810,-1172318.670,361.860
-443740.410,-1172316.090,360.200
-443740.280,-1172316.390,360.340
-443740.170,-1172316.660,360.520
-443740.220,-1172314.900,359.420
-443734.020,-1172315.340,359.230
-443734.700,-1172313.530,358.150
-443734.010,-1172315.200,359.170
-443742.900,-1172290.960,359.600
-443733.350,-1172314.040,358.350
-443733.010,-1172314.880,358.890
-443731.400,-1172318.800,361.290
-443730.740,-1172318.440,361.030
-443730.440,-1172294.300,356.300
-443721.080,-1172293.160,357.450
-443719.160,-1172291.050,355.960
-443710.280,-1172321.530,361.870
-443718.510,-1172293.290,357.290
-443706.260,-1172317.760,358.370
-443713.790,-1172291.390,355.840
-443713.320,-1172292.540,356.470
-443712.640,-1172294.230,357.510
-443838.860,-1172366.570,370.810
-443838.140,-1172366.850,371.050
-443832.380,-1172304.350,355.890
-443810.780,-1172309.120,358.810
-443810.530,-1172308.270,357.990
-443802.710,-1172311.110,357.170
-443788.960,-1172313.430,361.180
-443788.730,-1172311.390,359.830
-443786.910,-1172312.580,360.480
-443788.800,-1172310.850,359.560
-443788.570,-1172309.670,358.740
-443788.530,-1172308.850,358.220
-443788.420,-1172308.560,358.060
-443780.140,-1172313.370,360.540
-443779.600,-1172313.100,360.260
-443774.830,-1172293.130,358.810
-443740.300,-1172317.090,360.830
-443740.470,-1172316.410,360.450
-443744.750,-1172312.480,358.300
-443740.370,-1172316.010,360.150
-443731.210,-1172318.920,361.320
-443737.520,-1172297.680,358.790
-443743.370,-1172291.350,360.310
-443742.810,-1172290.970,359.680
-443721.040,-1172293.420,357.690
-443718.460,-1172293.320,357.360
-443712.630,-1172294.260,357.500
-443713.390,-1172292.490,356.510
-443713.660,-1172291.390,355.790
-443734.060,-1172423.830,347.030
-443831.820,-1172302.670,354.760
-443828.040,-1172307.620,355.300
-443804.340,-1172307.630,354.760
-443710.240,-1172290.870,355.250
-443840.420,-1172427.700,374.840
-443831.550,-1172304.310,355.600
-443832.460,-1172306.070,357.490
-443810.780,-1172308.310,358.050
-443740.720,-1172318.350,361.770
-443740.510,-1172317.120,361.020
-443740.390,-1172316.630,360.710
-443740.020,-1172314.360,359.050
-443740.010,-1172313.900,358.920
-443732.560,-1172319.440,361.940
-443720.690,-1172320.530,359.070
-443705.820,-1172337.610,361.120
-443712.170,-1172321.430,362.130
-443713.430,-1172292.850,356.720
-443711.600,-1172291.630,355.930
-443824.060,-1172308.110,355.360
-443804.180,-1172307.760,354.890
-443838.080,-1172366.570,370.820
-443830.610,-1172353.750,370.700
-443834.110,-1172304.230,355.910
-443810.520,-1172309.110,358.670
-443810.330,-1172307.600,357.540
-443810.370,-1172306.600,356.770
-443807.900,-1172308.220,357.710
-443785.650,-1172312.350,360.260
-443788.630,-1172309.860,358.920
-443784.810,-1172311.040,359.450
-443740.360,-1172316.100,360.270
-443720.960,-1172291.340,356.370
