-443745.540,-1172423.060,354.370
-443745.930,-1172423.210,350.840
-443754.650,-1172422.730,350.840
-443758.290,-1172422.300,347.370
-443735.510,-1172397.950,347.800
-443791.330,-1172307.750,354.620
-443766.720,-1172310.180,350.880
-443837.490,-1172370.640,373.780
-443828.860,-1172382.530,374.040
-443831.450,-1172355.930,371.220
-443833.570,-1172330.350,370.010
-443747.670,-1172312.840,355.700
-443708.620,-1172316.890,358.260
-443804.120,-1172434.120,348.010
-443745.310,-1172423.210,354.490
-443745.560,-1172422.980,354.380
-443750.920,-1172423.030,350.890
-443754.680,-1172422.600,350.790
-443755.840,-1172422.420,353.720
-443757.800,-1172422.410,354.110
-443757.310,-1172422.850,347.740
-443766.450,-1172422.140,354.410
-443767.650,-1172421.830,353.740
-443768.750,-1172422.100,350.940
-443815.570,-1172304.760,349.140
-443791.280,-1172307.720,354.630
-443771.800,-1172309.790,351.940
-443746.340,-1172312.580,355.190
-443746.690,-1172312.750,352.330
-443747.710,-1172312.680,355.660
-443720.970,-1172315.600,355.710
-443811.490,-1172311.270,358.440
