-443773.090,-1172321.820,355.350
-443841.520,-1172393.500,374.680
-443791.280,-1172424.360,346.680
-443794.260,-1172424.610,352.560
-443773.050,-1172321.790,355.460
-443773.250,-1172318.920,358.140
-443837.300,-1172308.470,355.730
-443783.650,-1172320.180,357.220
-443771.610,-1172321.690,355.790
-443769.780,-1172322.050,355.600
-443773.250,-1172318.890,358.130
-443744.290,-1172321.440,357.940
-443830.190,-1172421.880,354.100
-443829.700,-1172421.480,348.540
-443735.580,-1172437.670,350.810
-443740.150,-1172437.250,354.420
-443748.770,-1172436.970,354.330
-443748.750,-1172436.970,350.870
-443753.310,-1172436.840,354.270
-443753.970,-1172436.750,354.360
-443754.770,-1172436.710,354.340
-443754.960,-1172436.720,354.350
-443761.100,-1172436.340,354.400
-443763.370,-1172436.370,354.300
-443774.260,-1172425.320,353.030
-443775.970,-1172425.370,352.950
-443776.970,-1172425.230,353.040
-443791.210,-1172424.490,346.640
-443699.300,-1172345.950,352.730
-443697.610,-1172346.210,352.770
-443806.510,-1172317.150,352.300
-443769.910,-1172321.990,355.310
-443771.690,-1172321.730,355.260
-443718.060,-1172299.700,351.960
-443841.280,-1172432.610,363.360
-443830.290,-1172421.790,373.790
-443829.810,-1172421.380,368.310
-443769.180,-1172436.820,360.740
-443756.040,-1172437.340,360.670
-443751.580,-1172437.470,360.890
-443741.780,-1172437.090,356.820
-443739.310,-1172438.010,360.890
-443775.270,-1172319.360,357.620
-443774.240,-1172316.900,359.710
-443713.950,-1172336.840,360.730
-443795.040,-1172424.540,352.420
-443791.260,-1172424.480,346.610
-443791.500,-1172424.290,346.790
-443735.210,-1172437.520,354.370
-443744.440,-1172437.030,354.450
-443748.620,-1172436.910,350.880
-443748.650,-1172436.890,354.290
-443751.510,-1172436.640,354.490
-443755.280,-1172436.510,354.490
-443774.000,-1172425.310,353.320
-443761.050,-1172436.310,354.370
-443708.350,-1172337.270,352.300
-443834.950,-1172421.630,374.130
-443830.260,-1172421.740,373.650
-443843.670,-1172378.710,374.340
-443735.670,-1172438.200,361.110
-443836.460,-1172330.630,370.890
-443748.650,-1172320.840,358.180
-443744.000,-1172321.420,358.070
