-443826.800,-1172438.780,351.510
-443796.250,-1172414.300,354.090
-443795.740,-1172413.810,353.900
-443793.950,-1172412.210,353.330
-443793.480,-1172411.570,353.160
-443791.920,-1172409.990,351.270
-443756.930,-1172311.490,354.420
-443770.580,-1172434.170,361.790
-443825.950,-1172339.380,371.130
-443850.700,-1172428.300,374.710
-443848.800,-1172416.800,374.160
-443843.970,-1172407.120,374.720
-443841.040,-1172407.210,374.110
-443835.320,-1172397.690,374.750
-443834.780,-1172390.040,373.880
-443834.550,-1172379.310,374.750
-443828.440,-1172381.630,377.560
-443838.670,-1172338.730,371.180
-443721.550,-1172295.890,357.850
-443735.980,-1172297.470,357.860
-443764.300,-1172294.030,357.200
-443706.690,-1172317.910,360.310
-443796.490,-1172414.500,354.190
-443794.540,-1172415.210,353.420
-443795.020,-1172413.130,353.750
-443796.930,-1172408.570,351.900
-443793.500,-1172391.420,351.680
-443789.950,-1172388.140,351.300
-443790.800,-1172390.800,351.350
-443763.220,-1172311.020,355.060
-443838.090,-1172337.690,370.710
-443838.640,-1172338.740,371.170
-443830.460,-1172353.760,370.680
-443770.380,-1172426.810,361.850
-443849.880,-1172411.130,374.190
-443829.890,-1172419.730,377.600
-443849.430,-1172392.580,374.310
-443706.760,-1172317.880,360.330
-443705.610,-1172330.990,360.800
-443795.850,-1172413.840,353.840
-443826.760,-1172438.730,351.380
-443793.510,-1172414.150,352.960
-443795.410,-1172388.740,351.870
-443760.950,-1172322.020,354.630
-443762.640,-1172321.940,354.790
-443849.350,-1172416.430,374.130
-443848.970,-1172417.480,374.170
-443849.050,-1172415.900,374.180
-443852.210,-1172400.700,373.950
-443838.650,-1172338.760,371.130
-443770.500,-1172435.600,361.210
-443706.090,-1172334.590,360.810
-443712.970,-1172315.880,360.090
-443850.890,-1172420.240,348.530
-443796.510,-1172414.510,354.110
-443796.240,-1172414.220,354.040
-443794.380,-1172399.020,351.680
-443756.980,-1172311.530,354.370
-443842.820,-1172432.480,374.730
-443848.660,-1172406.120,374.090
-443836.800,-1172410.000,374.090
-443848.560,-1172371.890,374.260
-443830.300,-1172336.280,370.860
-443704.890,-1172330.410,360.690
-443795.420,-1172417.300,353.740
-443776.950,-1172416.010,353.520
-443790.750,-1172390.780,351.360
-443742.980,-1172333.130,353.210
-443762.690,-1172322.010,354.780
-443836.830,-1172430.910,374.230
-443835.810,-1172407.400,374.750
-443826.650,-1172360.870,362.600
-443717.230,-1172317.790,358.180
-443709.280,-1172332.490,361.000
-443697.770,-1172292.250,359.280
-443826.630,-1172437.860,351.300
-443796.160,-1172414.140,354.090
-443777.130,-1172421.590,353.520
-443788.600,-1172421.100,350.140
-443834.550,-1172386.560,354.230
-443826.420,-1172356.740,349.230
-443791.020,-1172379.930,351.510
-443761.450,-1172317.430,354.760
-443697.330,-1172299.690,350.270
-443844.640,-1172428.110,374.160
-443847.960,-1172418.690,374.380
-443841.520,-1172417.760,377.450
-443840.360,-1172417.910,377.490
-443843.980,-1172413.340,374.130
-443848.660,-1172406.050,374.140
-443845.490,-1172406.510,374.170
-443848.690,-1172403.570,374.230
-443835.340,-1172409.000,365.460
-443835.810,-1172407.410,374.780
-443835.480,-1172404.280,374.590
-443847.650,-1172384.840,374.390
-443840.120,-1172377.450,374.730
-443826.590,-1172354.380,362.610
-443826.270,-1172340.290,364.870
-443826.270,-1172340.290,367.650
-443808.180,-1172307.990,357.710
-443730.280,-1172318.590,360.890
-443708.420,-1172327.380,360.980
