-443772.420,-1172411.540,353.970
-443698.290,-1172346.240,352.660
-443838.370,-1172313.650,351.860
-443839.420,-1172303.340,351.880
-443835.530,-1172312.300,353.140
-443833.250,-1172313.840,352.210
-443833.020,-1172309.800,355.230
-443827.630,-1172312.080,353.940
-443827.630,-1172312.080,353.830
-443826.210,-1172311.810,354.210
-443824.230,-1172313.700,352.930
-443824.800,-1172310.480,355.260
-443820.480,-1172312.740,355.350
-443816.790,-1172315.160,353.890
-443815.710,-1172316.120,353.210
-443815.830,-1172315.830,353.350
-443815.360,-1172316.180,353.290
-443815.200,-1172315.380,353.800
-443814.370,-1172314.680,354.440
-443811.100,-1172316.490,353.350
-443811.090,-1172314.700,354.640
-443809.930,-1172316.710,353.100
-443809.630,-1172315.720,354.040
-443808.790,-1172316.950,353.160
-443807.960,-1172316.930,353.200
-443808.510,-1172314.720,354.910
-443808.730,-1172314.130,355.290
-443808.160,-1172314.010,355.300
-443806.720,-1172316.850,353.460
-443805.800,-1172316.160,353.920
-443722.830,-1172299.330,355.070
-443722.960,-1172299.010,355.380
-443722.530,-1172299.030,355.430
-443723.650,-1172299.270,355.020
-443723.770,-1172298.970,355.250
-443724.190,-1172298.800,355.540
-443724.680,-1172299.000,355.150
-443725.470,-1172299.190,354.830
-443725.590,-1172298.880,355.250
-443725.650,-1172299.320,354.860
-443725.770,-1172299.010,355.150
-443726.240,-1172298.960,355.030
-443727.140,-1172298.730,355.150
-443727.930,-1172298.700,355.030
-443728.050,-1172298.380,355.400
-443728.830,-1172298.530,355.150
-443729.460,-1172298.080,355.500
-443729.700,-1172298.240,355.370
-443730.130,-1172298.230,355.270
-443730.350,-1172298.340,355.190
-443730.470,-1172298.030,355.530
-443775.860,-1172321.190,355.340
-443773.480,-1172321.760,355.410
-443770.220,-1172321.980,355.360
-443720.800,-1172327.150,354.640
-443720.240,-1172326.830,354.820
-443712.850,-1172300.180,353.600
-443708.660,-1172300.350,354.970
-443707.750,-1172299.900,355.370
-443708.010,-1172300.230,355.090
-443708.140,-1172299.910,355.470
-443707.280,-1172300.110,355.270
-443706.050,-1172300.150,355.280
-443705.540,-1172300.370,355.100
-443704.650,-1172300.730,354.900
-443840.320,-1172414.860,374.820
-443847.940,-1172370.510,374.630
-443845.690,-1172370.620,374.520
-443844.380,-1172370.700,374.650
-443840.630,-1172370.700,374.360
-443722.560,-1172297.350,357.010
-443722.670,-1172297.060,357.260
-443722.820,-1172297.680,356.640
-443722.930,-1172297.410,356.920
-443723.050,-1172297.100,357.180
-443723.170,-1172296.800,357.430
-443722.640,-1172298.750,355.670
-443722.990,-1172297.870,356.420
-443723.230,-1172297.270,357.040
-443723.360,-1172296.960,357.310
-443723.560,-1172297.500,356.680
-443723.680,-1172297.200,356.960
-443723.400,-1172298.780,355.620
-443723.640,-1172298.170,356.120
-443723.750,-1172297.890,356.380
-443723.880,-1172297.580,356.720
-443724.970,-1172294.860,357.540
-443724.120,-1172298.090,356.190
-443724.370,-1172297.470,356.650
-443724.300,-1172298.510,355.730
-443724.660,-1172297.620,356.620
-443725.010,-1172296.740,357.350
-443725.290,-1172297.480,356.510
-443725.400,-1172297.210,356.790
-443725.510,-1172296.930,357.090
-443725.830,-1172298.300,355.710
-443726.060,-1172297.710,356.190
-443726.420,-1172296.810,357.030
-443726.550,-1172296.490,357.320
-443726.600,-1172298.050,355.960
-443726.840,-1172297.450,356.370
-443727.080,-1172296.850,357.010
-443727.200,-1172296.540,357.280
-443726.020,-1172298.390,355.670
-443726.260,-1172297.790,356.280
-443726.600,-1172296.930,356.990
-443726.730,-1172296.610,357.230
-443727.610,-1172297.560,356.180
-443727.730,-1172297.260,356.450
-443727.960,-1172296.670,356.900
-443728.080,-1172296.380,357.260
-443727.120,-1172297.640,356.210
-443727.370,-1172297.020,356.740
-443727.490,-1172296.720,357.040
-443727.600,-1172296.450,357.330
-443727.640,-1172298.190,355.620
-443727.760,-1172297.890,355.900
-443727.880,-1172297.590,356.230
-443728.000,-1172297.290,356.490
-443728.120,-1172297.000,356.790
-443728.230,-1172296.730,356.960
-443728.340,-1172296.440,357.310
-443728.470,-1172298.050,355.630
-443728.600,-1172297.740,355.970
-443728.830,-1172297.150,356.590
-443728.960,-1172296.840,356.750
-443729.080,-1172296.530,357.110
-443729.200,-1172296.230,357.430
-443728.300,-1172297.770,355.910
-443728.540,-1172297.150,356.400
-443728.650,-1172296.880,356.680
-443728.770,-1172296.580,357.020
-443728.880,-1172296.290,357.270
-443729.120,-1172297.290,356.250
-443729.230,-1172297.000,356.540
-443729.350,-1172296.710,356.820
-443729.460,-1172296.430,357.180
-443729.590,-1172296.110,357.430
-443729.060,-1172297.960,355.660
-443729.180,-1172297.650,355.950
-443729.430,-1172297.030,356.510
-443729.550,-1172296.730,356.790
-443729.670,-1172296.420,357.090
-443729.820,-1172297.950,355.630
-443729.940,-1172297.640,355.990
-443730.170,-1172297.060,356.510
-443729.690,-1172297.500,355.950
-443729.810,-1172297.190,356.370
-443729.940,-1172296.870,356.550
-443730.050,-1172296.590,356.940
-443730.290,-1172296.000,357.440
-443730.240,-1172297.940,355.560
-443730.470,-1172297.350,356.140
-443733.560,-1172293.650,358.850
-443733.750,-1172294.880,357.780
-443734.220,-1172293.690,358.720
-443733.930,-1172295.560,357.210
-443734.980,-1172292.930,359.310
-443734.130,-1172295.820,356.940
-443734.710,-1172294.350,358.150
-443734.250,-1172296.930,356.030
-443735.080,-1172294.850,357.620
-443734.550,-1172297.020,355.930
-443734.920,-1172296.090,356.650
-443735.380,-1172294.940,357.740
-443735.990,-1172293.420,358.660
-443735.300,-1172296.210,356.420
-443735.290,-1172296.950,355.890
-443740.780,-1172292.350,359.120
-443742.210,-1172292.590,358.800
-443742.220,-1172293.340,358.210
-443742.690,-1172292.170,359.100
-443742.660,-1172293.220,358.260
-443742.910,-1172292.590,358.700
-443742.930,-1172294.130,357.390
-443734.180,-1172321.910,360.640
-443748.670,-1172291.440,359.260
-443741.810,-1172325.960,358.680
-443745.230,-1172318.270,360.260
-443748.480,-1172320.590,358.120
-443748.950,-1172320.670,358.290
-443770.140,-1172316.890,360.420
-443770.260,-1172316.600,360.630
-443770.380,-1172316.300,360.900
-443770.490,-1172316.010,361.200
-443770.170,-1172315.820,361.450
-443770.280,-1172317.660,359.520
-443770.630,-1172316.760,360.420
-443770.860,-1172316.160,361.020
-443770.980,-1172315.860,361.390
-443770.310,-1172318.880,358.320
-443770.540,-1172318.280,358.910
-443770.660,-1172317.970,359.200
-443771.590,-1172315.600,361.540
-443770.500,-1172319.320,358.010
-443770.610,-1172319.040,358.270
-443770.720,-1172318.740,358.580
-443770.850,-1172318.420,358.800
-443770.960,-1172318.130,359.100
-443771.430,-1172316.940,360.340
-443770.440,-1172320.500,356.880
-443770.550,-1172320.220,357.170
-443772.170,-1172316.080,360.820
-443772.280,-1172315.790,361.230
-443770.810,-1172320.450,356.930
-443770.920,-1172320.180,357.260
-443771.040,-1172319.870,357.450
-443771.380,-1172318.990,358.150
-443771.840,-1172317.820,359.300
-443772.190,-1172316.940,360.060
-443772.300,-1172316.650,360.490
-443772.420,-1172316.340,360.640
-443772.540,-1172316.040,361.000
-443772.650,-1172315.760,361.330
-443772.760,-1172315.470,361.530
-443770.800,-1172321.650,355.850
-443770.920,-1172321.360,356.120
-443771.150,-1172320.770,356.350
-443771.390,-1172320.160,357.120
-443771.970,-1172318.660,358.560
-443772.320,-1172317.780,359.340
-443772.540,-1172317.210,359.760
-443772.650,-1172316.920,360.060
-443772.880,-1172316.340,360.640
-443772.990,-1172316.050,360.970
-443773.120,-1172315.740,361.180
-443771.110,-1172321.590,355.950
-443771.580,-1172320.390,357.010
-443771.920,-1172319.500,357.720
-443772.150,-1172318.930,358.120
-443772.270,-1172318.610,358.530
-443772.400,-1172318.290,358.770
-443772.620,-1172317.720,359.490
-443772.860,-1172317.110,359.920
-443773.080,-1172316.540,360.490
-443773.200,-1172316.240,360.740
-443773.310,-1172315.950,360.970
-443773.420,-1172315.670,361.350
-443771.810,-1172320.890,356.410
-443772.170,-1172319.970,357.150
-443772.860,-1172318.190,358.760
-443772.980,-1172317.910,358.950
-443773.450,-1172316.690,360.150
-443773.570,-1172316.390,360.580
-443773.910,-1172315.510,361.310
-443772.060,-1172321.240,356.160
-443772.180,-1172320.930,356.540
-443772.530,-1172320.030,357.260
-443772.880,-1172319.150,357.970
-443773.000,-1172318.850,358.200
-443773.120,-1172318.530,358.580
-443773.690,-1172317.060,359.920
-443773.930,-1172316.450,360.480
-443774.040,-1172316.170,360.770
-443774.160,-1172315.870,360.980
-443772.510,-1172321.400,355.870
-443773.200,-1172319.650,357.420
-443773.660,-1172318.460,358.600
-443774.370,-1172316.640,360.200
-443774.710,-1172315.780,360.970
-443773.340,-1172320.100,357.060
-443773.450,-1172319.820,357.260
-443773.560,-1172319.530,357.640
-443774.140,-1172318.050,358.870
-443774.600,-1172316.870,360.020
-443774.720,-1172316.570,360.220
-443774.840,-1172316.260,360.410
-443773.430,-1172320.930,356.240
-443773.790,-1172320.020,357.160
-443773.900,-1172319.740,357.230
-443774.360,-1172318.560,358.400
-443774.580,-1172317.980,359.280
-443774.930,-1172317.090,359.550
-443775.040,-1172316.800,360.050
-443773.700,-1172321.180,356.090
-443773.820,-1172320.890,356.320
-443774.410,-1172319.360,357.760
-443774.640,-1172318.770,358.210
-443774.750,-1172318.480,358.500
-443775.330,-1172317.020,359.870
-443775.550,-1172316.440,360.300
-443774.480,-1172320.370,356.660
-443775.180,-1172318.590,358.270
-443775.300,-1172318.290,358.530
-443775.530,-1172317.690,359.160
-443774.360,-1172321.270,355.890
-443774.470,-1172320.990,356.130
-443774.580,-1172320.710,356.450
-443775.400,-1172318.600,358.310
-443775.640,-1172318.000,358.820
-443775.760,-1172317.690,359.140
-443775.210,-1172320.010,356.920
-443775.320,-1172319.740,357.280
-443775.560,-1172319.890,357.010
-443775.780,-1172319.320,357.560
-443774.970,-1172320.630,356.640
-443775.580,-1172321.150,355.830
-443775.920,-1172320.270,356.780
-443776.140,-1172319.700,357.220
-443775.990,-1172320.880,355.970
-443776.110,-1172320.570,356.270
-443783.590,-1172319.800,357.420
-443804.170,-1172312.040,357.300
-443805.510,-1172311.760,357.440
-443805.790,-1172311.980,357.150
-443807.160,-1172311.560,357.350
-443809.350,-1172310.080,358.380
-443808.150,-1172312.270,356.880
-443808.730,-1172310.790,357.930
-443809.430,-1172312.340,356.610
-443809.190,-1172312.240,356.730
-443809.650,-1172311.080,357.670
-443810.040,-1172311.570,357.190
-443810.420,-1172313.690,355.570
-443813.400,-1172310.570,357.600
-443814.020,-1172310.280,357.790
-443814.690,-1172311.850,356.520
-443814.980,-1172310.170,357.800
-443834.200,-1172308.550,355.910
-443832.810,-1172309.060,355.690
-443836.120,-1172307.520,356.500
-443828.180,-1172330.850,371.020
-443837.460,-1172307.330,356.680
-443836.510,-1172308.940,355.440
-443830.000,-1172330.770,371.050
-443829.540,-1172330.880,371.020
-443831.880,-1172330.750,370.990
-443831.580,-1172330.730,371.010
-443830.360,-1172330.890,370.760
-443834.440,-1172330.690,371.000
-443834.140,-1172330.730,370.950
-443833.640,-1172330.730,371.030
-443832.700,-1172330.780,370.870
-443834.850,-1172330.630,371.030
-443703.100,-1172298.710,356.360
-443705.120,-1172299.550,356.400
-443705.120,-1172299.550,356.030
-443705.840,-1172297.740,357.940
-443705.790,-1172299.750,355.780
-443706.270,-1172298.540,356.920
-443706.390,-1172298.230,357.410
-443706.510,-1172297.950,357.540
-443705.340,-1172299.840,355.780
-443705.460,-1172299.530,356.070
-443705.580,-1172299.240,356.330
-443705.930,-1172298.360,357.210
-443706.040,-1172298.080,357.590
-443707.030,-1172298.960,356.610
-443707.390,-1172298.040,357.420
-443707.500,-1172297.760,357.940
-443707.630,-1172297.450,358.020
-443706.530,-1172298.930,356.750
-443706.900,-1172298.010,357.560
-443707.460,-1172298.790,356.730
-443707.590,-1172298.470,356.980
-443707.820,-1172297.890,357.530
-443708.110,-1172299.000,356.390
-443708.230,-1172298.710,356.580
-443708.840,-1172297.190,358.080
-443707.880,-1172298.620,356.850
-443708.000,-1172298.310,357.120
-443708.130,-1172298.000,357.170
-443709.070,-1172298.410,356.880
-443708.370,-1172299.320,356.040
-443708.730,-1172298.430,356.900
-443708.840,-1172298.150,357.220
-443708.970,-1172297.840,357.620
-443709.080,-1172297.550,357.810
-443709.010,-1172299.460,355.840
-443709.140,-1172299.150,356.010
-443709.250,-1172298.860,356.330
-443713.710,-1172321.890,361.920
-443718.660,-1172323.270,357.520
-443772.330,-1172411.480,353.870
-443697.590,-1172346.180,352.960
-443839.770,-1172313.260,352.090
-443839.940,-1172313.610,351.820
-443838.210,-1172313.640,351.910
-443835.390,-1172312.240,353.080
-443837.140,-1172309.800,354.800
-443831.200,-1172312.400,353.520
-443827.560,-1172312.060,353.930
-443824.500,-1172313.730,352.910
-443824.060,-1172313.550,353.070
-443824.110,-1172311.710,354.450
-443816.760,-1172315.020,353.990
-443816.850,-1172314.500,354.390
-443815.420,-1172315.320,353.820
-443811.570,-1172315.980,353.810
-443811.320,-1172316.190,353.530
-443811.080,-1172316.390,353.350
-443810.560,-1172316.400,353.400
-443810.320,-1172316.600,353.190
-443810.080,-1172316.800,353.100
-443809.590,-1172316.760,353.130
-443808.110,-1172316.970,353.170
-443809.550,-1172315.750,354.030
-443808.600,-1172316.000,353.870
-443807.390,-1172317.020,353.160
-443806.380,-1172316.290,354.200
-443805.950,-1172316.210,353.790
-443806.590,-1172315.180,354.680
-443803.930,-1172317.430,353.150
-443804.290,-1172316.150,354.160
-443802.240,-1172315.310,354.990
-443723.010,-1172299.020,355.360
-443722.790,-1172299.200,355.180
-443722.580,-1172298.850,355.560
-443723.350,-1172299.210,355.130
-443724.310,-1172298.800,355.400
-443724.060,-1172299.010,355.240
-443723.820,-1172299.210,355.070
-443725.180,-1172298.870,355.290
-443724.930,-1172299.070,355.120
-443724.910,-1172298.620,355.510
-443724.670,-1172298.830,355.330
-443724.170,-1172299.240,354.970
-443725.730,-1172298.790,355.300
-443725.500,-1172298.990,355.120
-443725.680,-1172299.290,354.840
-443728.310,-1172298.440,355.340
-443728.060,-1172298.650,355.140
-443727.820,-1172298.850,354.980
-443728.830,-1172298.380,355.300
-443729.360,-1172298.200,355.410
-443728.870,-1172298.610,355.100
-443729.730,-1172298.310,355.310
-443729.490,-1172298.510,355.120
-443730.620,-1172297.970,355.550
-443730.370,-1172298.190,355.350
-443730.520,-1172298.510,354.970
-443754.900,-1172337.600,351.970
-443773.560,-1172321.820,355.390
-443725.530,-1172325.900,355.100
-443721.020,-1172326.550,355.010
-443708.650,-1172300.310,354.990
-443708.310,-1172300.040,355.280
-443708.080,-1172300.240,355.090
-443707.720,-1172299.960,355.360
-443707.480,-1172300.160,355.180
-443707.220,-1172300.370,355.030
-443707.950,-1172299.760,355.580
-443706.530,-1172300.570,354.920
-443706.220,-1172300.430,355.110
-443706.230,-1172300.020,355.530
-443705.990,-1172300.220,355.350
-443705.730,-1172300.440,355.180
-443705.490,-1172300.630,355.010
-443705.650,-1172300.040,355.550
-443705.390,-1172300.260,355.370
-443705.150,-1172300.450,355.140
-443704.910,-1172300.660,354.970
-443705.150,-1172300.110,355.550
-443841.710,-1172370.610,374.420
-443847.840,-1172370.490,374.430
-443722.570,-1172297.000,357.330
-443724.070,-1172296.750,357.400
-443723.820,-1172296.970,357.250
-443723.560,-1172297.180,357.070
-443723.310,-1172297.390,356.880
-443723.200,-1172296.990,357.270
-443722.950,-1172297.200,357.090
-443724.330,-1172297.000,357.110
-443723.830,-1172297.420,356.780
-443723.090,-1172298.030,356.290
-443722.080,-1172298.870,355.700
-443725.260,-1172296.610,357.360
-443724.310,-1172297.410,356.720
-443723.820,-1172297.810,356.370
-443723.080,-1172298.430,355.890
-443722.830,-1172298.640,355.730
-443725.690,-1172296.780,357.180
-443725.450,-1172296.990,357.040
-443725.210,-1172297.180,356.860
-443724.470,-1172297.800,356.350
-443723.980,-1172298.210,356.030
-443726.800,-1172296.330,357.540
-443726.550,-1172296.540,357.320
-443726.310,-1172296.740,357.170
-443726.070,-1172296.940,357.010
-443725.580,-1172297.350,356.660
-443724.840,-1172297.960,356.170
-443724.330,-1172298.390,355.810
-443726.790,-1172296.740,357.090
-443726.290,-1172297.150,356.770
-443725.300,-1172297.980,356.080
-443727.620,-1172296.360,357.360
-443727.380,-1172296.560,357.180
-443726.890,-1172296.970,356.870
-443726.140,-1172297.590,356.320
-443725.670,-1172297.990,356.010
-443725.430,-1172298.190,355.840
-443725.160,-1172298.410,355.660
-443728.340,-1172296.230,357.470
-443728.110,-1172296.420,357.280
-443727.850,-1172296.640,357.100
-443727.610,-1172296.840,356.920
-443726.410,-1172297.840,356.120
-443725.920,-1172298.250,355.760
-443728.420,-1172296.550,357.140
-443728.170,-1172296.760,357.000
-443727.930,-1172296.970,356.790
-443727.680,-1172297.170,356.640
-443729.350,-1172296.230,357.370
-443729.120,-1172296.420,357.150
-443728.630,-1172296.830,356.840
-443728.140,-1172297.240,356.490
-443727.900,-1172297.440,356.340
-443727.640,-1172297.650,356.140
-443727.140,-1172298.070,355.790
-443733.750,-1172292.930,359.370
-443730.100,-1172295.980,357.520
-443729.610,-1172296.390,357.150
-443729.120,-1172296.790,356.810
-443728.870,-1172297.010,356.640
-443728.600,-1172297.230,356.450
-443728.110,-1172297.640,356.100
-443727.870,-1172297.830,355.940
-443727.400,-1172298.230,355.600
-443730.240,-1172296.420,357.090
-443730.000,-1172296.620,356.900
-443729.740,-1172296.840,356.740
-443729.510,-1172297.030,356.550
-443729.260,-1172297.240,356.360
-443728.540,-1172297.840,355.880
-443734.930,-1172292.920,359.260
-443733.930,-1172293.760,358.660
-443730.260,-1172296.820,356.710
-443730.020,-1172297.020,356.510
-443729.780,-1172297.210,356.370
-443729.530,-1172297.420,356.180
-443729.290,-1172297.620,356.000
-443729.050,-1172297.820,355.870
-443730.290,-1172297.170,356.300
-443729.780,-1172297.600,355.960
-443730.360,-1172297.370,356.120
-443729.840,-1172297.800,355.780
-443729.590,-1172298.010,355.620
-443730.460,-1172297.700,355.800
-443730.240,-1172297.890,355.630
-443736.840,-1172292.380,359.520
-443735.850,-1172293.210,358.910
-443733.910,-1172294.830,357.800
-443735.990,-1172293.500,358.650
-443735.000,-1172294.320,358.110
-443734.270,-1172294.930,357.680
-443733.790,-1172295.330,357.360
-443733.950,-1172295.660,357.040
-443735.350,-1172294.890,357.540
-443734.390,-1172295.690,357.010
-443735.270,-1172296.040,356.610
-443735.030,-1172296.230,356.480
-443734.290,-1172296.850,356.050
-443735.380,-1172296.900,355.870
-443741.880,-1172292.080,359.270
-443742.530,-1172292.020,359.310
-443743.070,-1172292.100,359.320
-443742.810,-1172292.320,359.020
-443742.320,-1172292.730,358.670
-443743.020,-1172292.470,358.980
-443742.770,-1172292.680,358.730
-443742.820,-1172293.240,358.220
-443743.120,-1172295.750,356.130
-443743.160,-1172296.100,355.820
-443722.600,-1172321.300,358.770
-443722.560,-1172323.430,357.140
-443723.800,-1172322.390,357.770
-443734.070,-1172320.780,361.330
-443743.530,-1172318.520,360.130
-443742.550,-1172321.610,357.890
-443745.320,-1172321.230,358.010
-443741.570,-1172324.680,359.400
-443746.660,-1172321.010,358.210
-443747.030,-1172321.110,358.030
-443748.100,-1172320.730,358.280
-443747.830,-1172320.960,357.980
-443741.740,-1172326.090,358.290
-443749.270,-1172320.760,358.210
-443749.850,-1172320.730,358.200
-443770.190,-1172315.710,361.640
-443771.150,-1172315.950,361.210
-443770.910,-1172316.150,361.040
-443770.670,-1172316.360,360.870
-443770.430,-1172316.550,360.710
-443770.180,-1172316.770,360.510
-443770.980,-1172315.650,361.540
-443770.730,-1172315.860,361.350
-443770.480,-1172316.070,361.200
-443772.420,-1172315.390,361.630
-443770.480,-1172317.020,360.250
-443772.820,-1172315.380,361.500
-443772.580,-1172315.580,361.220
-443772.340,-1172315.790,361.210
-443772.090,-1172316.000,361.020
-443771.590,-1172316.420,360.740
-443771.340,-1172316.630,360.440
-443771.100,-1172316.840,360.400
-443770.850,-1172317.040,360.250
-443770.620,-1172317.240,359.980
-443770.390,-1172317.430,359.810
-443773.360,-1172315.480,361.490
-443773.120,-1172315.680,361.150
-443772.630,-1172316.090,360.920
-443772.400,-1172316.290,360.750
-443772.150,-1172316.490,360.540
-443771.910,-1172316.700,360.380
-443771.430,-1172317.100,360.040
-443770.670,-1172317.740,359.540
-443773.540,-1172316.220,360.730
-443772.830,-1172316.830,360.210
-443772.570,-1172317.040,359.990
-443772.340,-1172317.230,359.830
-443772.110,-1172317.430,359.660
-443771.870,-1172317.630,359.500
-443771.630,-1172317.840,359.320
-443771.160,-1172318.240,358.990
-443770.920,-1172318.440,358.830
-443773.330,-1172315.900,361.070
-443773.100,-1172316.100,360.850
-443772.870,-1172316.300,360.700
-443772.630,-1172316.500,360.520
-443772.140,-1172316.910,360.200
-443770.930,-1172317.930,359.310
-443774.450,-1172315.820,361.020
-443774.210,-1172316.010,360.840
-443773.980,-1172316.210,360.670
-443773.730,-1172316.420,360.470
-443773.480,-1172316.630,360.150
-443772.740,-1172317.250,359.730
-443772.270,-1172317.660,359.410
-443772.010,-1172317.870,359.200
-443771.290,-1172318.480,358.690
-443770.580,-1172319.080,358.220
-443774.290,-1172315.590,361.300
-443774.050,-1172315.790,361.080
-443773.800,-1172316.000,360.920
-443775.110,-1172315.910,360.940
-443774.850,-1172316.130,360.740
-443774.600,-1172316.350,360.500
-443774.110,-1172316.760,360.240
-443773.850,-1172316.980,359.970
-443773.610,-1172317.180,359.790
-443772.420,-1172318.190,358.910
-443771.910,-1172318.610,358.580
-443771.670,-1172318.820,358.400
-443771.430,-1172319.020,358.260
-443771.170,-1172319.240,358.060
-443773.070,-1172318.690,358.400
-443772.820,-1172318.900,358.210
-443771.350,-1172320.140,357.240
-443771.100,-1172320.350,357.080
-443775.040,-1172316.460,360.410
-443774.810,-1172316.660,360.230
-443774.320,-1172317.070,359.850
-443773.080,-1172318.120,358.930
-443772.830,-1172318.330,358.750
-443772.360,-1172318.730,358.420
-443772.120,-1172318.930,358.260
-443771.390,-1172319.550,357.780
-443771.140,-1172319.760,357.600
-443770.890,-1172319.970,357.440
-443770.400,-1172320.380,357.120
-443775.400,-1172317.100,359.720
-443774.200,-1172318.120,358.900
-443773.730,-1172318.510,358.560
-443773.000,-1172319.140,357.960
-443772.750,-1172319.340,357.790
-443772.510,-1172319.550,357.630
-443772.270,-1172319.750,357.470
-443771.520,-1172320.380,356.960
-443775.250,-1172316.850,360.020
-443775.010,-1172317.050,359.870
-443773.560,-1172318.270,358.870
-443775.750,-1172317.420,359.410
-443775.510,-1172317.620,359.230
-443775.280,-1172317.820,359.050
-443775.020,-1172318.040,358.890
-443774.540,-1172318.440,358.570
-443774.300,-1172318.640,358.380
-443773.350,-1172319.450,357.630
-443772.630,-1172320.060,357.190
-443772.130,-1172320.480,356.830
-443771.660,-1172320.870,356.520
-443771.410,-1172321.080,356.350
-443770.920,-1172321.500,356.040
-443770.660,-1172321.720,355.830
-443775.730,-1172317.920,358.880
-443775.250,-1172318.330,358.560
-443774.010,-1172319.380,357.640
-443773.520,-1172319.790,357.290
-443772.090,-1172320.990,356.330
-443771.860,-1172321.190,356.160
-443775.550,-1172318.640,358.260
-443774.570,-1172319.460,357.520
-443773.580,-1172320.290,356.830
-443773.080,-1172320.720,356.520
-443772.130,-1172321.520,355.880
-443775.580,-1172319.020,357.880
-443774.830,-1172319.650,357.340
-443774.110,-1172320.270,356.760
-443773.620,-1172320.680,356.500
-443773.370,-1172320.890,356.320
-443772.640,-1172321.510,355.810
-443775.980,-1172319.310,357.570
-443775.750,-1172319.510,357.420
-443775.230,-1172319.940,357.050
-443774.260,-1172320.760,356.370
-443773.780,-1172321.170,356.060
-443773.520,-1172321.390,355.880
-443776.260,-1172319.550,357.300
-443776.000,-1172319.770,357.140
-443774.540,-1172321.000,356.110
-443774.310,-1172321.190,355.940
-443774.080,-1172321.390,355.800
-443773.820,-1172321.610,355.570
-443775.700,-1172320.510,356.430
-443776.270,-1172320.390,356.470
-443776.030,-1172320.590,356.270
-443775.550,-1172321.000,355.910
-443775.970,-1172321.240,355.660
-443794.510,-1172314.280,360.370
-443804.180,-1172312.240,357.180
-443806.100,-1172312.040,357.160
-443805.590,-1172312.020,357.260
-443809.450,-1172310.040,358.410
-443807.380,-1172311.400,357.610
-443807.140,-1172311.600,357.380
-443809.670,-1172311.030,357.590
-443808.700,-1172311.860,357.020
-443809.110,-1172313.520,355.740
-443811.180,-1172311.280,357.470
-443809.190,-1172312.420,356.540
-443810.750,-1172313.590,355.600
-443813.150,-1172310.540,357.670
-443811.200,-1172312.190,356.790
-443809.770,-1172313.410,355.770
-443812.950,-1172310.260,357.990
-443812.710,-1172310.470,357.760
-443815.520,-1172312.930,355.660
-443816.120,-1172311.680,356.580
-443818.810,-1172312.440,355.750
-443817.330,-1172312.370,355.930
-443827.770,-1172309.570,355.750
-443828.470,-1172308.550,356.450
-443828.920,-1172309.430,355.690
-443834.070,-1172308.460,356.060
-443832.770,-1172309.060,355.710
-443836.020,-1172308.300,355.970
-443835.710,-1172308.140,356.140
-443836.690,-1172308.560,355.740
-443830.490,-1172330.790,370.960
-443829.880,-1172330.800,370.920
-443829.140,-1172330.870,370.870
-443832.320,-1172330.710,371.020
-443831.610,-1172330.740,370.940
-443835.780,-1172330.560,371.040
-443834.420,-1172330.680,370.910
-443836.800,-1172330.620,370.870
-443703.260,-1172298.560,356.400
-443706.120,-1172297.460,358.190
-443705.870,-1172297.670,357.990
-443705.650,-1172297.850,357.840
-443707.540,-1172297.210,358.280
-443707.280,-1172297.430,358.110
-443707.030,-1172297.640,357.910
-443706.790,-1172297.840,357.730
-443706.550,-1172298.040,357.550
-443706.290,-1172298.260,357.320
-443706.040,-1172298.460,357.160
-443705.790,-1172298.670,356.930
-443705.520,-1172298.890,356.730
-443705.270,-1172299.100,356.570
-443706.880,-1172297.240,358.310
-443705.870,-1172298.080,357.500
-443705.630,-1172298.280,357.310
-443708.100,-1172297.240,358.210
-443707.860,-1172297.430,358.030
-443707.610,-1172297.640,357.850
-443707.370,-1172297.840,357.650
-443707.130,-1172298.040,357.470
-443706.880,-1172298.250,357.280
-443706.630,-1172298.460,357.090
-443706.130,-1172298.870,356.710
-443705.890,-1172299.070,356.520
-443705.640,-1172299.280,356.330
-443705.140,-1172299.700,355.960
-443708.080,-1172297.670,357.740
-443707.600,-1172298.080,357.400
-443707.350,-1172298.280,357.230
-443706.620,-1172298.890,356.650
-443706.370,-1172299.100,356.460
-443706.140,-1172299.290,356.290
-443705.890,-1172299.500,356.090
-443705.640,-1172299.700,355.910
-443705.380,-1172299.920,355.730
-443709.090,-1172297.180,358.130
-443708.850,-1172297.380,357.950
-443708.590,-1172297.600,357.800
-443708.350,-1172297.790,357.570
-443707.850,-1172298.210,357.210
-443707.590,-1172298.430,356.970
-443707.100,-1172298.840,356.670
-443706.360,-1172299.450,356.090
-443706.130,-1172299.650,355.910
-443705.880,-1172299.850,355.740
-443708.940,-1172297.770,357.580
-443708.470,-1172298.160,357.230
-443707.990,-1172298.560,356.860
-443707.230,-1172299.190,356.320
-443708.450,-1172298.580,356.790
-443708.200,-1172298.790,356.570
-443707.960,-1172298.990,356.400
-443709.010,-1172298.510,356.770
-443708.520,-1172298.920,356.420
-443708.280,-1172299.120,356.210
-443708.030,-1172299.330,356.020
-443707.760,-1172299.550,355.820
-443709.280,-1172299.240,355.990
-443709.050,-1172299.430,355.820
-443708.790,-1172299.640,355.630
-443709.440,-1172298.530,356.650
-443709.200,-1172298.730,356.470
-443719.630,-1172324.270,356.770
-443772.000,-1172411.640,354.080
-443833.300,-1172313.770,352.280
-443832.020,-1172310.610,354.600
-443826.790,-1172313.510,352.920
-443824.210,-1172313.640,352.990
-443814.000,-1172314.510,354.660
-443813.280,-1172314.900,354.310
-443808.470,-1172314.930,354.670
-443806.380,-1172315.200,354.760
-443804.920,-1172315.590,354.540
-443804.180,-1172317.400,353.310
-443722.580,-1172299.350,355.190
-443723.780,-1172299.220,355.200
-443724.750,-1172299.010,355.380
-443726.130,-1172298.920,355.150
-443730.930,-1172298.900,354.900
-443725.340,-1172325.960,355.100
-443836.930,-1172330.640,371.150
-443832.230,-1172307.330,356.970
-443832.820,-1172307.250,357.180
-443825.830,-1172309.570,355.900
-443820.560,-1172312.810,355.430
-443818.590,-1172311.350,356.550
-443815.730,-1172311.580,356.560
-443814.780,-1172310.160,357.900
-443810.880,-1172313.700,355.530
-443810.090,-1172309.780,358.610
-443809.120,-1172312.150,356.790
-443809.420,-1172310.010,358.500
-443807.350,-1172311.600,357.400
-443808.450,-1172310.120,358.490
-443775.510,-1172320.830,356.210
-443775.600,-1172317.260,359.540
-443775.390,-1172317.780,359.030
-443775.390,-1172318.770,358.300
-443773.550,-1172320.180,356.810
-443773.360,-1172320.660,356.520
-443774.530,-1172318.510,358.570
-443774.080,-1172319.590,357.540
-443773.640,-1172317.990,359.210
-443773.160,-1172317.810,359.320
-443771.770,-1172318.420,358.690
-443772.540,-1172315.290,361.920
-443743.850,-1172321.310,358.170
-443741.850,-1172326.100,358.340
-443742.880,-1172293.910,357.860
-443742.770,-1172293.300,358.300
-443742.520,-1172293.330,358.080
-443742.100,-1172292.190,359.190
-443741.370,-1172292.110,359.330
-443741.170,-1172292.600,358.920
-443736.820,-1172292.330,359.490
-443737.160,-1172292.710,359.170
-443735.570,-1172296.560,356.070
-443735.000,-1172296.060,356.530
-443734.630,-1172296.960,355.930
-443735.660,-1172293.320,358.960
-443735.070,-1172294.730,357.900
-443735.160,-1172293.770,358.500
-443734.250,-1172294.240,358.310
-443730.380,-1172297.400,356.050
-443730.180,-1172297.870,355.730
-443730.150,-1172296.110,357.300
-443729.970,-1172296.540,357.000
-443729.680,-1172297.230,356.120
-443730.240,-1172296.520,357.160
-443730.210,-1172296.590,356.960
-443730.030,-1172297.030,356.670
-443729.820,-1172297.550,356.230
-443729.580,-1172298.120,355.660
-443729.140,-1172296.680,356.870
-443727.640,-1172296.980,356.690
-443727.460,-1172297.430,356.380
-443727.020,-1172298.480,355.490
-443727.750,-1172298.220,355.640
-443728.170,-1172297.710,356.130
-443725.970,-1172298.260,355.950
-443727.200,-1172296.340,357.500
-443726.550,-1172297.910,356.020
-443726.960,-1172297.420,356.620
-443725.630,-1172296.890,357.270
-443725.160,-1172298.020,356.190
-443724.970,-1172298.490,355.820
-443725.560,-1172298.400,355.750
-443724.470,-1172297.550,356.800
-443723.960,-1172297.870,356.410
-443723.760,-1172297.030,357.350
-443723.560,-1172297.530,356.870
-443722.920,-1172299.070,355.530
-443722.860,-1172296.890,357.490
-443841.870,-1172313.110,352.030
-443839.660,-1172313.460,351.940
-443839.980,-1172313.170,352.150
-443839.380,-1172313.290,352.100
-443831.630,-1172310.400,354.780
-443826.150,-1172311.840,354.190
-443819.180,-1172315.790,353.200
-443818.490,-1172315.900,353.160
-443817.380,-1172314.510,354.280
-443815.290,-1172316.070,353.180
-443811.340,-1172316.040,353.580
-443810.060,-1172316.660,353.220
-443807.490,-1172317.030,353.180
-443807.250,-1172316.770,353.360
-443805.210,-1172317.210,353.260
-443808.180,-1172314.070,355.370
-443774.420,-1172321.710,355.470
-443755.050,-1172337.790,352.180
-443721.940,-1172299.090,355.440
-443722.850,-1172299.130,355.270
-443723.210,-1172298.790,355.560
-443722.580,-1172298.980,355.380
-443723.690,-1172298.990,355.280
-443725.580,-1172299.220,354.860
-443725.220,-1172299.000,355.170
-443725.850,-1172299.360,354.830
-443726.170,-1172299.060,355.040
-443726.510,-1172298.750,355.250
-443726.840,-1172298.440,355.510
-443727.290,-1172298.820,355.100
-443727.660,-1172298.480,355.360
-443727.030,-1172298.700,355.190
-443728.040,-1172298.720,355.070
-443728.770,-1172298.550,355.210
-443729.800,-1172298.460,355.140
-443730.150,-1172298.140,355.380
-443734.330,-1172297.860,355.170
-443725.660,-1172326.030,355.110
-443721.050,-1172326.700,354.870
-443708.930,-1172300.100,355.190
-443709.280,-1172299.780,355.470
-443708.200,-1172300.350,354.940
-443708.580,-1172300.000,355.260
-443708.960,-1172299.650,355.570
-443707.800,-1172300.310,355.130
-443708.170,-1172299.970,355.440
-443707.420,-1172300.220,355.160
-443707.820,-1172299.860,355.530
-443706.240,-1172300.580,354.900
-443705.910,-1172300.480,355.140
-443706.280,-1172300.130,355.470
-443705.140,-1172300.680,354.900
-443705.530,-1172300.320,355.290
-443705.880,-1172299.990,355.560
-443705.190,-1172300.070,355.570
-443846.530,-1172428.290,374.840
-443846.490,-1172370.560,374.430
-443834.900,-1172330.710,370.870
-443833.080,-1172330.820,370.870
-443833.770,-1172330.670,371.000
-443830.510,-1172330.790,370.980
-443836.550,-1172308.500,355.830
-443833.700,-1172308.970,355.710
-443814.700,-1172311.850,356.440
-443815.270,-1172311.920,356.460
-443814.970,-1172310.220,357.760
-443812.690,-1172310.410,357.810
-443809.860,-1172310.950,357.650
-443807.160,-1172313.870,355.640
-443809.110,-1172312.100,356.860
-443806.370,-1172312.650,356.650
-443809.280,-1172310.000,358.480
-443808.900,-1172310.830,357.850
-443806.300,-1172313.680,355.870
-443810.270,-1172310.070,358.360
-443803.960,-1172314.250,355.590
-443808.210,-1172310.380,358.230
-443782.590,-1172320.050,357.450
-443776.380,-1172321.300,355.630
-443776.100,-1172321.030,355.880
-443776.420,-1172320.740,356.070
-443775.480,-1172320.740,356.220
-443775.010,-1172321.590,355.520
-443776.060,-1172320.640,356.290
-443774.480,-1172321.260,355.870
-443775.530,-1172320.300,356.700
-443772.890,-1172321.540,355.760
-443773.580,-1172320.910,356.280
-443774.980,-1172319.640,357.340
-443775.670,-1172319.010,357.870
-443774.300,-1172320.790,356.330
-443774.650,-1172320.470,356.560
-443775.370,-1172319.810,357.180
-443773.080,-1172320.760,356.420
-443773.820,-1172320.090,356.990
-443773.270,-1172319.640,357.470
-443774.400,-1172318.610,358.400
-443775.110,-1172317.960,359.030
-443775.770,-1172317.360,359.430
-443771.950,-1172321.370,356.030
-443772.680,-1172320.710,356.570
-443773.380,-1172320.070,357.070
-443773.720,-1172319.760,357.350
-443774.060,-1172319.450,357.590
-443775.180,-1172318.430,358.620
-443771.510,-1172320.860,356.570
-443772.210,-1172320.220,357.050
-443772.540,-1172319.920,357.300
-443773.270,-1172319.260,357.830
-443774.340,-1172318.280,358.730
-443775.420,-1172317.290,359.560
-443771.170,-1172321.550,355.920
-443771.880,-1172320.900,356.470
-443770.140,-1172321.710,355.890
-443770.840,-1172321.080,356.400
-443771.180,-1172320.770,356.620
-443772.220,-1172319.820,357.440
-443772.540,-1172319.530,357.600
-443772.910,-1172319.200,357.890
-443773.610,-1172318.560,358.500
-443775.020,-1172317.270,359.580
-443775.380,-1172316.940,359.870
-443770.790,-1172320.360,357.050
-443771.130,-1172320.050,357.320
-443771.840,-1172319.400,357.810
-443774.690,-1172316.800,360.060
-443775.040,-1172316.480,360.340
-443775.390,-1172316.170,360.620
-443771.360,-1172320.340,357.050
-443771.690,-1172320.050,357.260
-443772.040,-1172319.720,357.500
-443773.090,-1172318.760,358.320
-443773.450,-1172318.440,358.620
-443773.780,-1172318.140,358.850
-443774.840,-1172317.170,359.720
-443775.190,-1172316.860,360.010
-443775.550,-1172316.520,360.280
-443770.520,-1172320.230,357.230
-443772.260,-1172318.650,358.470
-443772.960,-1172318.000,359.010
-443773.660,-1172317.360,359.560
-443774.040,-1172317.010,359.910
-443774.430,-1172316.660,360.230
-443774.780,-1172316.340,360.500
-443775.140,-1172316.010,360.820
-443771.510,-1172318.920,358.300
-443771.880,-1172318.580,358.570
-443772.600,-1172317.930,359.140
-443773.660,-1172316.970,359.960
-443774.010,-1172316.650,360.270
-443774.380,-1172316.310,360.550
-443774.770,-1172315.960,360.890
-443770.430,-1172319.180,358.180
-443771.120,-1172318.560,358.670
-443771.810,-1172317.930,359.200
-443772.150,-1172317.610,359.450
-443772.490,-1172317.310,359.710
-443772.850,-1172316.980,359.990
-443773.580,-1172316.310,360.610
-443773.950,-1172315.980,360.900
-443774.290,-1172315.670,361.200
-443770.660,-1172319.460,357.910
-443771.030,-1172319.120,358.200
-443771.740,-1172318.480,358.750
-443772.090,-1172318.150,358.980
-443772.440,-1172317.840,359.260
-443773.880,-1172316.520,360.410
-443774.250,-1172316.180,360.760
-443770.560,-1172318.730,358.590
-443770.910,-1172318.410,358.840
-443771.620,-1172317.770,359.360
-443771.950,-1172317.460,359.620
-443772.290,-1172317.160,359.850
-443772.640,-1172316.830,360.150
-443773.000,-1172316.510,360.450
-443773.360,-1172316.180,360.750
-443773.710,-1172315.860,361.060
-443774.060,-1172315.540,361.320
-443770.700,-1172318.160,359.110
-443771.050,-1172317.840,359.360
-443772.120,-1172316.860,360.180
-443772.840,-1172316.210,360.710
-443773.210,-1172315.860,361.080
-443773.550,-1172315.550,361.360
-443770.670,-1172317.820,359.460
-443771.360,-1172317.190,359.990
-443772.420,-1172316.230,360.800
-443773.150,-1172315.570,361.420
-443770.240,-1172317.030,360.270
-443770.620,-1172316.690,360.550
-443771.310,-1172316.060,361.070
-443771.660,-1172315.740,361.360
-443770.780,-1172317.070,360.140
-443771.510,-1172316.400,360.710
-443772.250,-1172315.730,361.300
-443770.460,-1172316.250,360.950
-443770.810,-1172315.930,361.250
-443771.140,-1172315.630,361.510
-443770.430,-1172315.940,361.320
-443750.110,-1172320.720,358.150
-443748.900,-1172320.910,357.910
-443749.350,-1172320.900,358.050
-443748.000,-1172320.830,358.240
-443746.650,-1172320.970,358.220
-443745.790,-1172321.270,357.990
-443742.860,-1172321.590,358.030
-443745.330,-1172318.120,360.270
-443725.550,-1172321.720,358.130
-443721.140,-1172324.780,356.200
-443742.910,-1172294.010,357.570
-443743.060,-1172293.500,357.970
-443742.860,-1172293.260,358.260
-443742.510,-1172292.150,359.170
-443741.600,-1172292.090,359.270
-443734.640,-1172297.000,355.940
-443734.170,-1172296.880,356.040
-443735.200,-1172295.930,356.680
-443734.070,-1172296.260,356.640
-443734.910,-1172294.630,357.870
-443730.530,-1172297.790,355.720
-443730.200,-1172297.770,355.710
-443729.120,-1172297.730,355.880
-443729.480,-1172297.400,356.190
-443729.850,-1172297.050,356.480
-443729.470,-1172297.910,355.740
-443729.820,-1172297.590,356.010
-443730.180,-1172297.250,356.330
-443733.870,-1172293.850,358.750
-443734.470,-1172293.290,359.050
-443728.390,-1172297.800,355.960
-443729.420,-1172296.850,356.770
-443729.780,-1172296.520,357.050
-443730.150,-1172296.170,357.360
-443727.750,-1172298.030,355.700
-443728.110,-1172297.700,355.980
-443728.810,-1172297.050,356.560
-443729.190,-1172296.700,356.880
-443726.610,-1172298.270,355.610
-443727.340,-1172297.590,356.190
-443727.690,-1172297.270,356.460
-443728.030,-1172296.950,356.690
-443728.390,-1172296.620,357.030
-443727.540,-1172297.800,356.020
-443727.890,-1172297.480,356.300
-443728.600,-1172296.810,356.880
-443729.320,-1172296.150,357.480
-443725.690,-1172298.160,355.830
-443726.080,-1172297.800,356.170
-443727.100,-1172296.860,356.940
-443727.450,-1172296.530,357.160
-443725.920,-1172298.360,355.670
-443726.290,-1172298.020,355.980
-443728.060,-1172296.380,357.320
-443724.360,-1172298.370,355.790
-443724.730,-1172298.030,356.060
-443725.420,-1172297.390,356.600
-443726.490,-1172296.400,357.410
-443724.990,-1172298.300,355.870
-443725.320,-1172297.990,356.100
-443726.030,-1172297.340,356.650
-443726.750,-1172296.680,357.190
-443727.130,-1172296.320,357.520
-443723.550,-1172298.480,355.830
-443723.930,-1172298.130,356.100
-443724.630,-1172297.480,356.660
-443725.310,-1172296.860,357.140
-443723.050,-1172298.060,356.320
-443723.410,-1172297.730,356.560
-443723.760,-1172297.410,356.850
-443724.350,-1172297.340,356.750
-443725.080,-1172296.670,357.310
-443722.590,-1172297.380,357.010
-443722.960,-1172297.040,357.260
-443717.830,-1172325.110,356.340
-443713.650,-1172321.910,361.930
-443709.570,-1172299.510,355.610
-443709.340,-1172299.300,355.920
-443708.190,-1172299.520,355.820
-443708.960,-1172298.800,356.460
-443709.330,-1172298.460,356.790
-443708.930,-1172299.270,356.020
-443709.280,-1172298.950,356.350
-443708.040,-1172299.240,356.110
-443708.440,-1172298.870,356.480
-443708.790,-1172298.540,356.790
-443709.140,-1172298.220,357.080
-443708.080,-1172298.890,356.460
-443708.430,-1172298.560,356.760
-443708.770,-1172298.240,357.050
-443707.730,-1172298.280,357.140
-443708.120,-1172297.920,357.490
-443708.490,-1172297.580,357.750
-443708.850,-1172297.250,358.050
-443708.490,-1172298.080,357.300
-443705.590,-1172299.710,355.950
-443705.940,-1172299.380,356.200
-443706.340,-1172299.010,356.550
-443706.720,-1172298.660,356.890
-443707.440,-1172297.990,357.500
-443708.180,-1172297.310,358.140
-443706.230,-1172299.670,355.860
-443705.580,-1172299.270,356.330
-443705.950,-1172298.920,356.630
-443706.310,-1172298.590,356.940
-443706.680,-1172298.250,357.290
-443707.060,-1172297.900,357.630
-443707.450,-1172297.540,357.930
-443707.840,-1172297.180,358.260
-443705.330,-1172298.590,356.950
-443705.710,-1172298.240,357.370
-443705.110,-1172299.290,356.320
-443705.480,-1172298.940,356.730
-443705.840,-1172298.610,357.020
-443706.200,-1172298.270,357.350
-443706.580,-1172297.920,357.660
-443706.960,-1172297.580,358.040
-443707.340,-1172297.220,358.360
-443705.980,-1172297.390,358.270
-443697.880,-1172294.660,358.260
-443843.650,-1172432.080,355.150
-443843.530,-1172432.400,355.040
-443830.330,-1172421.470,348.630
-443743.790,-1172411.280,347.920
-443738.360,-1172437.240,347.610
-443741.160,-1172437.180,354.440
-443741.770,-1172437.080,354.450
-443742.590,-1172437.040,354.450
-443743.720,-1172437.390,347.030
-443744.510,-1172436.910,354.480
-443746.380,-1172437.080,350.900
-443747.190,-1172436.680,347.620
-443748.200,-1172436.880,354.390
-443753.580,-1172436.130,354.070
-443754.320,-1172436.610,354.440
-443756.300,-1172436.550,354.410
-443756.590,-1172436.570,354.420
-443756.550,-1172436.580,347.550
-443757.170,-1172436.620,347.530
-443759.280,-1172436.380,354.420
-443759.820,-1172436.400,354.420
-443762.710,-1172436.120,354.470
-443762.850,-1172436.490,350.880
-443773.470,-1172425.280,353.130
-443776.070,-1172425.120,353.260
-443791.870,-1172424.150,347.780
-443793.420,-1172424.800,350.160
-443698.850,-1172346.070,353.010
-443841.900,-1172313.100,352.150
-443832.960,-1172309.830,355.190
-443832.740,-1172310.390,354.760
-443830.340,-1172313.660,352.490
-443826.800,-1172313.460,352.920
-443824.010,-1172313.600,352.990
-443819.150,-1172315.830,353.200
-443818.450,-1172315.760,353.290
-443817.080,-1172314.440,354.450
-443816.750,-1172314.370,354.410
-443814.090,-1172314.520,354.570
-443804.450,-1172316.810,351.820
-443805.490,-1172314.690,355.160
-443806.370,-1172315.070,354.700
-443807.640,-1172314.160,355.370
-443807.230,-1172317.010,353.270
-443808.340,-1172314.800,354.790
-443808.450,-1172315.790,354.040
-443808.040,-1172316.890,353.200
-443810.480,-1172315.430,354.280
-443809.980,-1172316.750,353.140
-443810.620,-1172315.510,354.100
-443721.990,-1172299.090,355.460
-443722.980,-1172299.090,355.290
-443723.800,-1172299.100,355.080
-443723.550,-1172298.670,355.650
-443723.370,-1172299.170,355.120
-443724.250,-1172298.580,355.550
-443724.680,-1172298.730,355.390
-443724.590,-1172298.970,355.150
-443725.020,-1172298.670,355.480
-443726.250,-1172298.880,355.170
-443725.650,-1172298.530,355.480
-443725.540,-1172298.810,355.260
-443725.440,-1172299.090,355.010
-443725.340,-1172299.360,354.810
-443726.750,-1172298.570,355.340
-443727.930,-1172298.590,355.210
-443728.240,-1172298.390,355.310
-443728.740,-1172298.470,355.240
-443729.280,-1172297.970,355.590
-443729.090,-1172298.480,355.190
-443729.690,-1172298.170,355.420
-443729.500,-1172298.680,354.940
-443730.570,-1172298.060,355.410
-443730.470,-1172298.340,355.220
-443723.880,-1172325.600,355.450
-443734.440,-1172297.590,355.420
-443734.350,-1172297.820,355.140
-443725.560,-1172326.060,354.870
-443743.450,-1172296.830,355.210
-443743.580,-1172297.080,355.020
-443759.100,-1172295.480,350.910
-443749.240,-1172324.680,352.450
-443763.800,-1172294.110,354.680
-443763.690,-1172294.420,354.550
-443763.890,-1172294.410,354.560
-443764.400,-1172294.340,354.550
-443755.110,-1172337.740,352.340
-443768.280,-1172321.480,350.220
-443768.480,-1172321.710,350.320
-443771.040,-1172321.980,355.180
-443774.920,-1172321.650,355.550
-443720.420,-1172326.910,354.730
-443717.190,-1172326.350,355.340
-443708.390,-1172337.220,352.260
-443708.890,-1172337.530,355.320
-443718.170,-1172299.540,352.010
-443718.170,-1172299.400,352.090
-443717.650,-1172299.280,352.170
-443708.910,-1172299.680,355.550
-443708.490,-1172300.010,355.260
-443708.390,-1172300.290,355.000
-443707.760,-1172299.790,355.500
-443707.560,-1172300.310,355.020
-443707.290,-1172300.370,354.940
-443707.080,-1172300.290,355.020
-443706.310,-1172300.290,355.280
-443706.210,-1172300.560,355.010
-443705.780,-1172300.170,355.380
-443705.690,-1172300.430,355.110
-443705.540,-1172300.210,355.450
-443705.450,-1172300.440,355.120
-443705.200,-1172300.100,355.490
-443705.100,-1172300.380,355.220
-443698.420,-1172298.280,355.600
-443846.370,-1172428.340,374.780
-443843.850,-1172432.280,363.470
-443843.640,-1172432.250,369.140
-443843.670,-1172432.100,363.580
-443840.950,-1172432.250,363.470
-443840.710,-1172432.480,363.450
-443840.020,-1172432.340,363.520
-443830.410,-1172421.890,356.940
-443830.310,-1172421.690,368.220
-443829.810,-1172421.310,362.730
-443847.420,-1172370.550,374.400
-443843.490,-1172378.670,374.590
-443845.610,-1172370.560,374.400
-443838.610,-1172370.780,374.440
-443833.980,-1172370.690,374.020
-443834.400,-1172330.610,371.010
-443834.580,-1172330.710,370.870
-443835.260,-1172330.800,370.840
-443835.700,-1172330.570,371.050
-443831.160,-1172330.820,370.920
-443837.680,-1172308.580,355.620
-443830.000,-1172330.880,370.860
-443830.320,-1172330.910,370.860
-443827.270,-1172330.860,370.960
-443836.340,-1172307.490,356.520
-443836.690,-1172308.300,355.940
-443832.950,-1172308.980,355.750
-443827.690,-1172309.560,355.780
-443818.710,-1172312.490,355.740
-443819.710,-1172312.450,355.700
-443815.640,-1172310.400,357.540
-443813.920,-1172310.120,357.950
-443814.140,-1172310.310,357.780
-443812.500,-1172310.530,357.690
-443811.420,-1172313.390,355.860
-443813.150,-1172310.190,357.890
-443813.030,-1172310.510,357.730
-443813.290,-1172310.410,357.730
-443811.300,-1172313.270,355.870
-443810.110,-1172311.380,357.260
-443809.090,-1172312.070,356.860
-443809.780,-1172310.980,357.620
-443809.680,-1172311.250,357.460
-443807.390,-1172311.410,357.550
-443805.750,-1172311.880,357.190
-443805.540,-1172312.430,356.810
-443789.620,-1172319.730,358.010
-443776.410,-1172320.800,356.030
-443776.300,-1172321.080,355.880
-443775.960,-1172319.490,357.320
-443775.850,-1172319.770,357.090
-443775.650,-1172320.300,356.590
-443775.450,-1172320.840,356.130
-443775.360,-1172321.080,355.870
-443776.190,-1172320.480,356.390
-443776.090,-1172320.730,356.180
-443776.000,-1172320.980,355.900
-443775.650,-1172318.340,358.520
-443775.560,-1172318.580,358.270
-443775.470,-1172318.840,358.050
-443775.070,-1172319.900,357.170
-443774.700,-1172320.910,356.120
-443774.600,-1172321.180,355.900
-443775.530,-1172320.020,356.920
-443775.440,-1172320.250,356.670
-443775.350,-1172320.500,356.380
-443775.730,-1172317.360,359.390
-443775.520,-1172317.920,358.950
-443775.320,-1172318.450,358.470
-443774.450,-1172320.780,356.340
-443774.370,-1172321.000,356.040
-443774.270,-1172321.260,355.830
-443774.170,-1172321.550,355.630
-443774.410,-1172318.530,358.420
-443774.030,-1172319.550,357.450
-443773.840,-1172320.070,356.990
-443773.630,-1172320.630,356.560
-443773.430,-1172321.150,356.010
-443775.470,-1172316.390,360.350
-443775.170,-1172317.180,359.570
-443774.680,-1172318.510,358.460
-443774.290,-1172319.550,357.430
-443774.090,-1172320.090,357.080
-443773.800,-1172320.850,356.290
-443773.710,-1172321.100,356.050
-443774.910,-1172315.750,361.110
-443774.820,-1172315.970,360.830
-443774.720,-1172316.240,360.580
-443774.630,-1172316.480,360.310
-443774.540,-1172316.740,360.100
-443774.440,-1172317.010,359.840
-443774.060,-1172318.020,358.820
-443773.850,-1172318.590,358.430
-443773.550,-1172319.400,357.700
-443773.450,-1172319.650,357.430
-443773.360,-1172319.890,357.160
-443772.760,-1172321.520,355.860
-443775.310,-1172316.130,360.630
-443775.200,-1172316.430,360.410
-443775.100,-1172316.680,360.140
-443775.020,-1172316.900,359.830
-443774.580,-1172315.970,360.860
-443774.310,-1172316.690,360.060
-443773.240,-1172319.580,357.510
-443774.230,-1172315.400,361.450
-443774.020,-1172315.950,361.030
-443773.930,-1172316.180,360.710
-443773.830,-1172316.460,360.490
-443773.650,-1172316.950,359.920
-443773.550,-1172317.210,359.710
-443773.080,-1172318.470,358.500
-443772.970,-1172318.760,358.270
-443772.900,-1172318.940,357.850
-443772.580,-1172319.830,357.410
-443772.490,-1172320.060,357.150
-443772.390,-1172320.330,356.890
-443772.190,-1172320.860,356.440
-443772.090,-1172321.140,356.240
-443772.260,-1172318.700,358.440
-443771.970,-1172319.470,357.730
-443771.870,-1172319.730,357.470
-443771.490,-1172320.770,356.580
-443771.190,-1172321.570,355.950
-443771.080,-1172321.860,355.740
-443773.990,-1172315.570,361.260
-443773.890,-1172315.830,361.040
-443773.800,-1172316.070,360.830
-443773.710,-1172316.320,360.510
-443773.600,-1172316.610,360.270
-443773.410,-1172317.120,359.820
-443773.120,-1172317.890,359.030
-443773.020,-1172318.170,358.810
-443772.810,-1172318.720,358.370
-443772.730,-1172318.940,358.090
-443772.430,-1172319.740,357.470
-443772.340,-1172319.980,357.200
-443772.140,-1172320.530,356.770
-443772.040,-1172320.780,356.500
-443771.950,-1172321.050,356.310
-443771.850,-1172321.310,356.050
-443771.740,-1172321.590,355.820
-443773.120,-1172315.610,361.340
-443773.040,-1172315.840,361.040
-443772.950,-1172316.080,360.800
-443772.850,-1172316.350,360.530
-443772.550,-1172317.150,359.800
-443772.260,-1172317.930,359.110
-443771.370,-1172320.310,356.900
-443771.170,-1172320.870,356.540
-443770.880,-1172321.630,355.850
-443773.430,-1172315.550,361.370
-443773.240,-1172316.060,360.820
-443773.140,-1172316.350,360.640
-443773.050,-1172316.560,360.300
-443772.850,-1172317.100,359.930
-443772.760,-1172317.350,359.650
-443772.660,-1172317.630,359.420
-443772.560,-1172317.880,359.160
-443772.460,-1172318.150,358.900
-443772.470,-1172315.650,361.250
-443772.370,-1172315.940,361.060
-443772.270,-1172316.200,360.860
-443772.180,-1172316.440,360.560
-443772.080,-1172316.710,360.300
-443771.800,-1172317.450,359.500
-443771.690,-1172317.770,359.360
-443771.390,-1172318.570,358.620
-443771.210,-1172319.050,358.080
-443771.010,-1172319.590,357.670
-443770.900,-1172319.870,357.430
-443770.710,-1172320.380,356.970
-443771.770,-1172315.550,361.550
-443771.670,-1172315.810,361.330
-443771.500,-1172316.290,360.770
-443771.300,-1172316.820,360.320
-443771.210,-1172317.060,360.080
-443770.910,-1172317.870,359.420
-443770.820,-1172318.110,359.160
-443770.730,-1172318.350,358.900
-443770.440,-1172319.140,358.160
-443772.130,-1172316.030,361.010
-443772.040,-1172316.260,360.750
-443770.070,-1172321.570,356.010
-443771.420,-1172315.700,361.400
-443771.220,-1172316.220,360.900
-443770.650,-1172317.780,359.480
-443770.430,-1172315.780,361.450
-443770.340,-1172316.040,361.130
-443770.150,-1172316.560,360.670
-443770.670,-1172315.910,361.360
-443770.580,-1172316.170,361.070
-443770.480,-1172316.430,360.840
-443770.390,-1172316.670,360.590
-443748.960,-1172320.900,357.880
-443745.340,-1172318.260,360.210
-443741.840,-1172325.800,358.670
-443741.750,-1172326.050,358.360
-443742.160,-1172321.420,358.220
-443740.350,-1172319.370,361.730
-443734.300,-1172321.960,360.570
-443743.110,-1172293.950,357.670
-443742.970,-1172293.430,358.030
-443742.760,-1172294.020,357.610
-443742.720,-1172292.680,358.700
-443742.520,-1172293.220,358.310
-443742.530,-1172292.120,359.170
-443742.130,-1172293.200,358.280
-443741.880,-1172292.280,359.100
-443740.910,-1172292.580,358.870
-443738.870,-1172292.730,360.240
-443726.050,-1172323.860,356.540
-443735.310,-1172297.020,355.790
-443735.430,-1172294.890,357.670
-443735.400,-1172296.200,356.500
-443725.710,-1172322.700,357.370
-443735.730,-1172293.260,358.880
-443735.130,-1172294.880,357.590
-443734.320,-1172297.060,355.820
-443735.960,-1172293.470,358.660
-443734.070,-1172296.280,356.460
-443734.240,-1172293.780,358.630
-443733.850,-1172294.830,357.730
-443723.740,-1172322.480,357.750
-443734.890,-1172293.310,358.920
-443734.500,-1172294.380,358.090
-443734.110,-1172295.440,357.220
-443734.030,-1172295.640,356.890
-443734.270,-1172292.730,359.450
-443722.610,-1172322.300,357.910
-443730.270,-1172296.610,356.880
-443730.170,-1172296.880,356.660
-443730.080,-1172297.120,356.410
-443729.990,-1172297.370,356.140
-443729.890,-1172297.640,355.930
-443729.780,-1172297.920,355.670
-443730.390,-1172297.070,356.420
-443730.300,-1172297.320,356.230
-443729.020,-1172296.270,357.310
-443728.830,-1172296.800,356.790
-443728.740,-1172297.040,356.510
-443728.630,-1172297.330,356.320
-443728.530,-1172297.600,356.080
-443728.430,-1172297.860,355.820
-443729.610,-1172296.120,357.440
-443729.520,-1172296.370,357.140
-443729.420,-1172296.650,356.930
-443729.310,-1172296.930,356.670
-443729.230,-1172297.150,356.370
-443729.130,-1172297.430,356.160
-443729.850,-1172296.440,357.120
-443729.750,-1172296.710,356.870
-443729.660,-1172296.950,356.580
-443729.570,-1172297.210,356.370
-443729.470,-1172297.470,356.120
-443728.360,-1172296.410,357.230
-443728.250,-1172296.690,357.010
-443728.150,-1172296.950,356.760
-443728.050,-1172297.230,356.500
-443727.960,-1172297.460,356.170
-443727.850,-1172297.760,356.030
-443727.760,-1172298.010,355.780
-443728.800,-1172296.230,357.370
-443728.700,-1172296.500,357.120
-443728.600,-1172296.760,356.890
-443728.510,-1172297.010,356.620
-443728.320,-1172297.530,356.200
-443728.230,-1172297.770,355.870
-443727.410,-1172297.310,356.480
-443727.310,-1172297.570,356.210
-443727.210,-1172297.840,355.980
-443727.120,-1172298.090,355.740
-443728.180,-1172296.350,357.310
-443728.090,-1172296.590,357.070
-443727.990,-1172296.850,356.820
-443727.890,-1172297.130,356.560
-443727.800,-1172297.380,356.330
-443727.020,-1172296.810,357.080
-443726.930,-1172297.060,356.800
-443726.830,-1172297.310,356.570
-443726.640,-1172297.830,356.050
-443727.410,-1172296.770,357.040
-443726.420,-1172296.450,357.420
-443726.320,-1172296.710,357.170
-443726.120,-1172297.250,356.710
-443725.730,-1172298.310,355.760
-443726.870,-1172296.410,357.400
-443726.680,-1172296.920,356.840
-443726.580,-1172297.190,356.650
-443726.490,-1172297.440,356.390
-443725.370,-1172296.880,357.050
-443725.270,-1172297.160,356.840
-443725.170,-1172297.430,356.650
-443724.980,-1172297.940,356.120
-443724.880,-1172298.200,355.920
-443725.800,-1172296.570,357.420
-443725.700,-1172296.850,357.210
-443725.600,-1172297.100,356.970
-443725.500,-1172297.370,356.700
-443725.410,-1172297.630,356.440
-443725.310,-1172297.880,356.190
-443725.210,-1172298.150,355.990
-443725.110,-1172298.420,355.750
-443724.620,-1172297.590,356.560
-443724.540,-1172297.810,356.290
-443724.760,-1172296.510,357.530
-443724.570,-1172297.020,357.000
-443724.370,-1172297.560,356.530
-443724.170,-1172298.100,356.120
-443724.970,-1172294.820,357.570
-443724.240,-1172296.820,357.360
-443723.940,-1172297.620,356.650
-443723.850,-1172297.870,356.370
-443723.750,-1172298.130,356.110
-443723.650,-1172298.410,355.880
-443723.150,-1172297.020,357.250
-443723.060,-1172297.260,357.000
-443722.860,-1172297.800,356.550
-443723.750,-1172297.000,357.240
-443723.650,-1172297.270,356.950
-443723.560,-1172297.530,356.720
-443723.270,-1172298.290,355.980
-443723.170,-1172298.570,355.740
-443722.790,-1172296.930,357.230
-443722.580,-1172297.490,356.870
-443722.190,-1172298.530,355.890
-443723.250,-1172296.740,357.510
-443714.170,-1172336.890,360.590
-443716.700,-1172326.590,358.360
-443713.650,-1172321.920,361.920
-443709.810,-1172323.070,361.400
-443709.280,-1172298.690,356.580
-443709.190,-1172298.930,356.230
-443708.250,-1172297.820,357.520
-443708.630,-1172297.470,357.700
-443708.420,-1172298.030,357.280
-443708.320,-1172298.290,357.080
-443708.030,-1172299.060,356.300
-443707.840,-1172299.560,355.760
-443708.830,-1172297.440,357.800
-443708.070,-1172299.470,355.810
-443708.750,-1172298.570,356.670
-443709.070,-1172298.460,356.770
-443708.790,-1172299.230,356.040
-443708.690,-1172299.470,355.710
-443708.140,-1172297.470,357.840
-443707.770,-1172298.440,356.760
-443707.290,-1172297.680,357.680
-443707.190,-1172297.950,357.420
-443707.720,-1172297.180,358.240
-443707.350,-1172298.190,357.220
-443707.160,-1172298.680,356.620
-443706.520,-1172297.590,357.930
-443706.040,-1172298.880,356.660
-443705.930,-1172299.160,356.410
-443705.740,-1172299.670,355.910
-443706.750,-1172297.600,357.850
-443706.650,-1172297.870,357.630
-443706.450,-1172298.400,357.080
-443706.350,-1172298.670,356.910
-443706.160,-1172299.170,356.350
-443706.810,-1172298.330,357.230
-443706.710,-1172298.590,357.000
-443705.850,-1172297.300,358.210
-443705.640,-1172297.870,357.830
-443705.460,-1172298.350,357.260
-443705.360,-1172298.610,357.020
-443704.970,-1172299.660,355.950
-443706.260,-1172297.290,358.370
-443706.170,-1172297.540,358.090
-443705.970,-1172298.060,357.570
-443705.880,-1172298.310,357.260
-443705.620,-1172298.990,356.320
-443705.400,-1172299.580,355.950
-443703.190,-1172299.180,355.850
-443843.470,-1172432.330,355.100
-443830.000,-1172421.530,354.240
-443799.420,-1172423.900,346.720
-443791.650,-1172424.440,346.690
-443791.800,-1172424.040,347.800
-443788.080,-1172424.510,346.950
-443744.220,-1172411.380,347.960
-443746.490,-1172411.340,347.860
-443753.760,-1172410.880,347.880
-443736.610,-1172437.450,350.920
-443738.330,-1172437.160,347.620
-443740.400,-1172437.150,347.650
-443742.440,-1172437.110,354.410
-443742.990,-1172437.130,354.370
-443743.570,-1172437.220,347.280
-443744.980,-1172437.040,354.430
-443746.360,-1172436.990,350.980
-443747.330,-1172436.860,347.580
-443750.150,-1172436.840,354.400
-443751.480,-1172436.670,347.590
-443752.030,-1172436.790,350.810
-443752.270,-1172436.590,354.500
-443752.970,-1172436.600,354.470
-443754.680,-1172436.590,354.440
-443756.410,-1172436.220,347.640
-443757.100,-1172436.570,350.880
-443759.510,-1172436.400,354.460
-443775.930,-1172425.260,353.190
-443762.700,-1172436.040,354.540
-443763.050,-1172436.290,350.860
-443763.780,-1172436.240,354.320
-443765.120,-1172436.080,347.580
-443770.350,-1172435.990,353.980
-443833.310,-1172385.440,348.750
-443835.610,-1172312.310,353.170
-443837.610,-1172310.660,354.150
-443838.740,-1172309.160,355.140
-443831.360,-1172312.260,353.480
-443826.960,-1172312.480,353.690
-443824.090,-1172313.530,353.060
-443824.170,-1172311.860,354.330
-443819.800,-1172314.960,353.770
-443815.820,-1172315.880,353.410
-443816.820,-1172315.060,353.910
-443814.300,-1172314.650,354.340
-443816.000,-1172313.230,355.410
-443814.240,-1172313.520,355.280
-443810.830,-1172316.360,353.410
-443811.530,-1172315.770,353.940
-443809.600,-1172316.780,353.010
-443809.800,-1172316.610,353.300
-443808.760,-1172316.900,353.120
-443810.470,-1172315.480,354.180
-443809.400,-1172315.920,353.980
-443809.620,-1172315.740,354.140
-443807.390,-1172316.980,353.160
-443808.580,-1172315.990,353.890
-443810.640,-1172313.730,355.440
-443808.190,-1172314.690,354.950
-443806.630,-1172315.300,354.540
-443808.120,-1172314.070,355.430
-443804.800,-1172315.600,354.540
-443722.680,-1172299.050,355.390
-443722.910,-1172298.850,355.570
-443724.810,-1172299.090,355.100
-443723.910,-1172299.220,355.030
-443724.130,-1172299.040,355.180
-443724.360,-1172298.840,355.360
-443726.220,-1172299.070,354.990
-443725.330,-1172299.170,354.960
-443725.550,-1172298.980,355.130
-443725.780,-1172298.780,355.280
-443727.060,-1172298.760,355.190
-443727.530,-1172298.350,355.480
-443727.780,-1172298.710,355.100
-443728.000,-1172298.530,355.280
-443730.310,-1172298.320,355.270
-443730.540,-1172298.120,355.410
-443730.060,-1172298.030,355.550
-443735.400,-1172297.630,355.310
-443743.620,-1172297.280,354.880
-443743.400,-1172296.800,355.250
-443759.220,-1172296.040,350.310
-443724.810,-1172326.420,354.810
-443749.320,-1172324.670,352.460
-443769.170,-1172322.320,355.340
-443773.680,-1172321.790,355.440
-443774.620,-1172321.590,355.510
-443776.300,-1172321.410,355.560
-443708.600,-1172300.280,355.050
-443709.090,-1172299.860,355.390
-443708.020,-1172300.400,354.990
-443708.250,-1172300.200,355.190
-443708.480,-1172300.000,355.350
-443708.720,-1172299.800,355.540
-443707.400,-1172300.250,355.180
-443707.630,-1172300.050,355.370
-443707.860,-1172299.850,355.550
-443706.310,-1172300.640,354.880
-443705.700,-1172300.570,355.040
-443705.950,-1172300.360,355.210
-443706.150,-1172300.180,355.390
-443706.390,-1172299.970,355.580
-443705.070,-1172300.710,354.950
-443705.270,-1172300.530,355.150
-443705.510,-1172300.330,355.350
-443705.070,-1172300.070,355.570
-443703.060,-1172300.210,354.960
-443844.190,-1172432.510,360.480
-443843.740,-1172432.100,363.510
-443843.840,-1172432.390,363.460
-443837.300,-1172421.640,374.430
-443829.930,-1172421.580,362.670
-443830.200,-1172421.360,371.120
-443840.820,-1172393.360,374.350
-443843.590,-1172385.930,374.360
-443847.580,-1172370.500,374.380
-443847.120,-1172370.480,374.530
-443844.210,-1172370.650,374.320
-443838.810,-1172370.800,374.390
-443753.660,-1172437.420,361.140
-443830.440,-1172336.860,370.850
-443834.170,-1172330.660,370.970
-443834.610,-1172330.730,370.840
-443835.220,-1172330.730,370.830
-443835.790,-1172330.650,370.920
-443832.180,-1172330.800,370.910
-443832.720,-1172330.740,371.000
-443833.720,-1172330.650,371.050
-443830.460,-1172330.830,370.910
-443831.510,-1172330.770,371.030
-443828.600,-1172330.910,370.860
-443837.080,-1172308.490,355.800
-443836.090,-1172308.350,355.960
-443837.350,-1172307.310,356.660
-443836.580,-1172308.530,355.840
-443832.090,-1172309.260,355.700
-443818.710,-1172312.550,355.730
-443815.340,-1172310.990,357.190
-443809.410,-1172312.310,356.630
-443812.760,-1172310.220,358.000
-443813.100,-1172310.620,357.650
-443814.070,-1172310.330,357.790
-443806.280,-1172312.630,356.660
-443807.470,-1172311.640,357.490
-443809.420,-1172310.020,358.470
-443805.700,-1172312.070,357.210
-443804.260,-1172312.080,357.280
-443784.150,-1172318.710,358.180
-443783.660,-1172318.650,358.280
-443776.520,-1172321.220,355.800
-443784.860,-1172314.240,361.060
-443775.840,-1172321.260,355.660
-443776.080,-1172321.060,355.850
-443776.300,-1172320.880,356.030
-443776.520,-1172320.690,356.250
-443775.310,-1172321.010,356.030
-443775.540,-1172320.820,356.170
-443773.030,-1172321.630,355.730
-443773.520,-1172321.220,356.040
-443773.740,-1172321.030,356.230
-443773.980,-1172320.830,356.370
-443775.180,-1172319.830,357.150
-443775.400,-1172319.640,357.370
-443774.390,-1172321.200,355.960
-443774.620,-1172321.010,356.080
-443775.530,-1172320.240,356.750
-443776.020,-1172319.830,357.060
-443776.230,-1172319.660,357.240
-443772.240,-1172321.570,355.850
-443772.490,-1172321.350,355.980
-443773.220,-1172320.740,356.480
-443773.900,-1172320.170,356.970
-443774.620,-1172319.570,357.450
-443774.850,-1172319.380,357.610
-443775.560,-1172318.780,358.130
-443771.100,-1172321.760,355.760
-443771.790,-1172321.180,356.260
-443772.040,-1172320.970,356.430
-443773.230,-1172319.980,357.190
-443773.470,-1172319.770,357.370
-443773.720,-1172319.570,357.530
-443775.110,-1172318.400,358.560
-443775.580,-1172318.010,358.870
-443775.820,-1172317.810,359.030
-443774.510,-1172317.840,359.240
-443775.260,-1172317.200,359.700
-443770.580,-1172321.690,355.890
-443770.800,-1172321.500,356.030
-443771.490,-1172320.920,356.500
-443771.730,-1172320.720,356.660
-443772.650,-1172319.950,357.270
-443773.160,-1172319.520,357.610
-443774.320,-1172318.550,358.460
-443775.050,-1172317.940,358.880
-443775.730,-1172317.360,359.440
-443770.810,-1172320.370,357.040
-443771.770,-1172319.570,357.670
-443772.230,-1172319.180,358.000
-443772.460,-1172318.990,358.140
-443772.700,-1172318.790,358.300
-443772.920,-1172318.600,358.460
-443773.380,-1172318.220,358.800
-443773.590,-1172318.040,359.010
-443774.540,-1172317.240,359.650
-443774.990,-1172316.860,359.980
-443775.230,-1172316.670,360.140
-443775.460,-1172316.470,360.320
-443771.510,-1172320.350,357.020
-443772.190,-1172319.780,357.490
-443772.430,-1172319.580,357.660
-443772.900,-1172319.180,357.960
-443773.140,-1172318.990,358.110
-443773.370,-1172318.790,358.280
-443773.590,-1172318.610,358.510
-443770.800,-1172319.750,357.630
-443772.460,-1172318.350,358.710
-443772.920,-1172317.960,359.060
-443773.150,-1172317.780,359.230
-443774.060,-1172317.010,359.910
-443774.280,-1172316.830,360.060
-443774.520,-1172316.620,360.250
-443774.740,-1172316.440,360.420
-443774.980,-1172316.240,360.590
-443775.210,-1172316.040,360.780
-443770.450,-1172318.930,358.500
-443770.690,-1172318.720,358.680
-443770.940,-1172318.510,358.840
-443771.870,-1172317.730,359.460
-443772.100,-1172317.540,359.620
-443772.570,-1172317.140,359.950
-443772.810,-1172316.940,360.140
-443773.510,-1172316.350,360.660
-443773.740,-1172316.150,360.840
-443773.960,-1172315.970,361.010
-443774.200,-1172315.770,361.210
-443774.430,-1172315.580,361.360
-443771.580,-1172318.620,358.620
-443772.300,-1172318.010,359.090
-443772.530,-1172317.820,359.270
-443772.760,-1172317.630,359.400
-443773.000,-1172317.420,359.600
-443773.240,-1172317.230,359.750
-443773.920,-1172316.650,360.270
-443774.140,-1172316.470,360.450
-443774.340,-1172316.300,360.620
-443774.590,-1172316.090,360.800
-443770.800,-1172318.010,359.270
-443771.050,-1172317.800,359.430
-443772.690,-1172316.420,360.580
-443772.920,-1172316.230,360.750
-443773.150,-1172316.040,360.950
-443773.380,-1172315.840,361.130
-443774.090,-1172315.250,361.670
-443772.620,-1172315.380,361.620
-443770.300,-1172317.770,359.590
-443770.520,-1172317.590,359.740
-443771.010,-1172317.170,360.050
-443771.240,-1172316.980,360.210
-443771.460,-1172316.800,360.390
-443771.690,-1172316.600,360.560
-443772.180,-1172316.190,360.890
-443772.420,-1172315.990,361.060
-443772.650,-1172315.790,361.250
-443772.880,-1172315.600,361.410
-443773.110,-1172315.410,361.580
-443770.470,-1172316.730,360.570
-443770.700,-1172316.540,360.710
-443771.150,-1172316.160,361.060
-443771.390,-1172315.960,361.200
-443771.610,-1172315.780,361.350
-443771.840,-1172315.590,361.540
-443770.770,-1172316.940,360.290
-443771.480,-1172316.350,360.760
-443772.400,-1172315.570,361.450
-443770.390,-1172316.360,360.910
-443770.630,-1172316.160,361.070
-443770.850,-1172315.980,361.230
-443771.100,-1172315.770,361.440
-443770.290,-1172315.930,361.350
-443750.110,-1172320.780,358.060
-443749.470,-1172320.760,358.170
-443747.070,-1172321.070,358.180
-443746.260,-1172321.120,358.010
-443746.460,-1172320.940,358.270
-443745.130,-1172318.190,360.270
-443723.750,-1172322.570,357.740
-443722.300,-1172323.810,356.920
-443743.350,-1172296.270,355.680
-443742.600,-1172293.390,358.140
-443742.130,-1172293.200,358.340
-443742.830,-1172292.610,358.790
-443742.110,-1172292.660,358.830
-443742.570,-1172292.260,359.100
-443741.820,-1172292.120,359.270
-443735.450,-1172296.320,356.360
-443735.670,-1172296.130,356.560
-443734.490,-1172297.150,355.770
-443734.280,-1172296.800,356.150
-443735.220,-1172296.000,356.680
-443734.170,-1172295.670,357.090
-443735.120,-1172294.850,357.660
-443734.090,-1172295.070,357.580
-443736.000,-1172293.430,358.740
-443730.280,-1172297.840,355.750
-443733.860,-1172294.760,357.830
-443734.290,-1172294.390,358.160
-443729.280,-1172297.960,355.680
-443729.500,-1172297.770,355.850
-443729.720,-1172297.580,356.010
-443730.190,-1172297.180,356.360
-443730.430,-1172296.980,356.550
-443733.810,-1172294.070,358.410
-443734.040,-1172293.870,358.600
-443729.130,-1172297.550,356.100
-443729.590,-1172297.160,356.440
-443729.830,-1172296.960,356.600
-443730.060,-1172296.760,356.810
-443730.290,-1172296.560,356.950
-443733.710,-1172293.620,358.700
-443728.210,-1172297.770,356.000
-443728.670,-1172297.370,356.320
-443729.120,-1172296.980,356.640
-443729.330,-1172296.800,356.820
-443729.580,-1172296.590,356.990
-443729.810,-1172296.390,357.150
-443730.250,-1172296.010,357.500
-443733.900,-1172292.870,359.460
-443727.820,-1172297.690,356.130
-443728.060,-1172297.480,356.290
-443728.750,-1172296.890,356.820
-443728.990,-1172296.690,356.960
-443726.500,-1172298.170,355.790
-443727.890,-1172296.970,356.780
-443728.120,-1172296.770,356.950
-443728.350,-1172296.570,357.110
-443725.720,-1172298.310,355.740
-443725.950,-1172298.110,355.910
-443726.200,-1172297.890,356.090
-443726.650,-1172297.510,356.380
-443726.880,-1172297.310,356.550
-443727.830,-1172296.490,357.250
-443728.070,-1172296.290,357.410
-443725.260,-1172298.060,356.000
-443726.190,-1172297.260,356.640
-443726.640,-1172296.870,357.000
-443726.870,-1172296.680,357.160
-443723.140,-1172298.650,355.720
-443723.360,-1172298.460,355.910
-443723.820,-1172298.060,356.190
-443724.060,-1172297.850,356.380
-443724.290,-1172297.660,356.540
-443724.520,-1172297.460,356.710
-443725.230,-1172296.840,357.190
-443724.840,-1172297.920,356.230
-443725.320,-1172297.510,356.550
-443725.540,-1172297.330,356.710
-443725.750,-1172297.140,356.870
-443726.440,-1172296.550,357.360
-443726.650,-1172296.360,357.540
-443722.810,-1172297.700,356.650
-443723.260,-1172297.310,356.990
-443723.510,-1172297.100,357.150
-443723.980,-1172296.690,357.510
-443722.970,-1172298.210,356.160
-443723.910,-1172297.400,356.800
-443724.360,-1172297.020,357.140
-443724.830,-1172296.610,357.480
-443722.490,-1172296.840,357.540
-443722.640,-1172297.420,356.960
-443723.090,-1172297.030,357.300
-443713.910,-1172336.880,360.630
-443714.610,-1172336.910,360.590
-443709.770,-1172323.140,361.400
-443709.520,-1172299.490,355.810
-443708.940,-1172299.610,355.720
-443709.160,-1172299.420,355.900
-443709.360,-1172299.240,356.060
-443708.090,-1172299.100,356.280
-443708.320,-1172298.900,356.470
-443708.550,-1172298.700,356.660
-443708.780,-1172298.510,356.820
-443708.990,-1172298.320,357.000
-443708.060,-1172299.680,355.740
-443709.000,-1172298.860,356.450
-443709.230,-1172298.660,356.620
-443707.280,-1172299.210,356.300
-443707.950,-1172298.630,356.810
-443708.390,-1172298.240,357.180
-443708.620,-1172298.040,357.340
-443709.300,-1172297.450,357.910
-443705.960,-1172299.930,355.690
-443706.190,-1172299.730,355.850
-443706.880,-1172299.140,356.420
-443707.100,-1172298.940,356.600
-443707.340,-1172298.730,356.780
-443707.550,-1172298.550,356.930
-443707.780,-1172298.350,357.110
-443708.010,-1172298.150,357.290
-443708.230,-1172297.960,357.470
-443708.440,-1172297.790,357.660
-443708.650,-1172297.600,357.830
-443708.900,-1172297.380,357.990
-443709.130,-1172297.190,358.150
-443705.280,-1172299.880,355.810
-443705.530,-1172299.660,356.000
-443705.760,-1172299.460,356.140
-443706.190,-1172299.090,356.500
-443706.420,-1172298.890,356.690
-443706.660,-1172298.690,356.850
-443706.860,-1172298.510,357.050
-443707.340,-1172298.090,357.430
-443707.560,-1172297.900,357.600
-443708.240,-1172297.310,358.140
-443706.310,-1172297.870,357.730
-443706.530,-1172297.670,357.940
-443706.780,-1172297.460,358.110
-443705.120,-1172299.530,356.110
-443705.580,-1172299.130,356.490
-443705.820,-1172298.930,356.660
-443706.050,-1172298.720,356.840
-443706.280,-1172298.530,357.030
-443706.490,-1172298.340,357.200
-443706.710,-1172298.150,357.390
-443706.930,-1172297.960,357.580
-443707.160,-1172297.760,357.770
-443707.390,-1172297.560,357.940
-443707.840,-1172297.170,358.310
-443705.610,-1172298.010,357.630
-443705.830,-1172297.810,357.850
-443706.040,-1172297.630,358.030
-443706.280,-1172297.430,358.210
-443705.420,-1172298.640,356.990
-443705.630,-1172298.460,357.200
-443705.850,-1172298.270,357.350
-443706.100,-1172298.050,357.560
-443703.140,-1172299.340,355.740
