-443825.720,-1172364.250,347.030
-443825.800,-1172364.720,347.030
-443825.930,-1172364.400,346.960
-443747.900,-1172396.960,350.480
-443760.970,-1172404.940,349.380
-443848.140,-1172307.120,348.010
-443829.410,-1172312.560,353.360
-443826.880,-1172311.990,353.990
-443823.750,-1172312.220,354.070
-443824.430,-1172310.470,355.370
-443823.830,-1172311.160,354.810
-443823.590,-1172310.830,355.070
-443807.980,-1172316.900,351.830
-443805.900,-1172315.880,354.310
-443804.180,-1172306.460,352.560
-443719.630,-1172299.760,354.990
-443765.330,-1172294.470,355.310
-443776.430,-1172321.650,355.360
-443774.730,-1172319.770,354.760
-443718.170,-1172326.910,355.170
-443717.320,-1172326.630,355.270
-443712.600,-1172298.830,354.370
-443710.890,-1172297.720,355.200
-443711.020,-1172297.420,355.350
-443704.290,-1172301.620,354.360
-443703.860,-1172301.630,354.280
-443703.970,-1172301.340,354.510
-443703.610,-1172301.330,354.410
-443703.730,-1172301.050,354.590
-443703.850,-1172300.730,354.770
-443703.300,-1172301.200,354.390
-443703.420,-1172300.910,354.650
-443703.530,-1172300.610,354.770
-443703.070,-1172300.990,354.480
-443700.620,-1172300.940,350.480
-443700.750,-1172300.630,350.430
-443700.400,-1172300.600,350.300
-443698.880,-1172300.410,350.460
-443697.910,-1172299.080,354.550
-443697.300,-1172299.230,354.450
-443697.140,-1172298.650,354.620
-443696.690,-1172298.590,354.600
-443830.250,-1172337.010,370.590
-443830.960,-1172420.340,378.630
-443848.290,-1172370.660,374.300
-443842.860,-1172374.590,374.240
-443839.410,-1172378.190,377.600
-443838.710,-1172370.900,374.290
-443719.390,-1172294.860,358.160
-443721.480,-1172297.080,356.590
-443721.600,-1172296.780,357.870
-443721.600,-1172298.780,355.610
-443722.200,-1172298.240,356.190
-443726.670,-1172296.180,357.640
-443722.390,-1172321.020,358.860
-443722.540,-1172321.060,358.980
-443723.080,-1172323.320,357.230
-443723.560,-1172322.110,358.040
-443735.900,-1172292.790,359.250
-443736.250,-1172293.820,358.400
-443736.720,-1172293.360,358.780
-443737.480,-1172292.750,359.170
-443738.110,-1172292.150,359.670
-443731.290,-1172321.550,361.090
-443731.400,-1172321.270,361.290
-443743.330,-1172292.050,360.460
-443734.070,-1172320.430,361.580
-443734.290,-1172321.630,360.930
-443736.750,-1172322.740,359.840
-443736.380,-1172325.250,358.320
-443737.700,-1172321.920,360.330
-443738.540,-1172319.810,361.590
-443736.990,-1172324.540,358.750
-443737.800,-1172323.420,359.350
-443737.920,-1172323.100,359.540
-443738.530,-1172324.550,359.490
-443740.190,-1172320.360,361.160
-443739.680,-1172323.230,360.260
-443739.800,-1172322.950,360.400
-443740.340,-1172322.640,360.630
-443741.320,-1172324.350,359.510
-443741.610,-1172324.380,359.650
-443741.590,-1172325.100,359.150
-443765.330,-1172317.510,360.960
-443765.620,-1172318.750,360.160
-443765.730,-1172318.460,360.380
-443766.920,-1172319.530,359.600
-443767.030,-1172319.230,359.810
-443767.400,-1172320.070,359.350
-443767.010,-1172320.130,359.330
-443767.240,-1172319.530,359.680
-443767.350,-1172319.260,359.880
-443769.690,-1172319.150,359.740
-443774.130,-1172319.140,357.830
-443783.640,-1172317.670,358.820
-443785.340,-1172318.930,357.930
-443785.440,-1172318.650,358.090
-443787.790,-1172316.000,359.750
-443787.910,-1172315.700,359.910
-443787.240,-1172316.430,359.460
-443787.700,-1172315.270,360.170
-443786.950,-1172319.120,358.620
-443788.460,-1172315.250,360.240
-443788.580,-1172314.950,360.350
-443803.170,-1172312.130,357.360
-443805.450,-1172312.870,356.610
-443806.260,-1172310.780,358.130
-443824.550,-1172310.150,355.570
-443828.490,-1172307.840,356.880
-443828.600,-1172307.560,357.120
-443828.020,-1172308.130,356.670
-443836.330,-1172308.090,356.170
-443829.330,-1172330.750,371.070
-443697.520,-1172292.570,359.110
-443698.730,-1172294.700,358.470
-443698.510,-1172297.610,355.770
-443698.710,-1172297.870,355.740
-443700.400,-1172295.200,358.520
-443700.280,-1172299.960,357.160
-443700.400,-1172300.530,356.860
-443700.520,-1172300.230,357.070
-443700.740,-1172300.560,357.010
-443701.130,-1172300.500,356.980
-443701.520,-1172300.710,356.970
-443703.940,-1172296.610,358.420
-443704.770,-1172296.760,358.570
-443705.660,-1172297.120,358.570
-443712.210,-1172295.080,356.680
-443712.230,-1172294.390,357.180
-443711.060,-1172294.390,357.200
-443704.810,-1172326.500,360.800
-443706.520,-1172323.850,361.190
-443709.960,-1172322.680,361.950
-443710.230,-1172321.380,362.690
-443795.760,-1172424.710,350.270
-443852.640,-1172416.830,349.070
-443787.310,-1172424.540,347.340
-443825.730,-1172364.530,347.060
-443832.670,-1172385.600,348.550
-443833.450,-1172385.440,348.530
-443840.880,-1172312.810,352.360
-443838.550,-1172309.100,355.240
-443833.200,-1172311.090,354.270
-443826.860,-1172312.180,354.110
-443826.690,-1172311.870,354.090
-443823.980,-1172311.240,354.770
-443823.740,-1172311.450,354.620
-443824.490,-1172310.390,355.420
-443824.240,-1172310.590,355.310
-443824.010,-1172310.790,355.140
-443811.470,-1172318.170,351.790
-443724.450,-1172299.470,354.800
-443769.940,-1172322.330,355.220
-443712.630,-1172297.480,355.200
-443710.890,-1172298.920,354.460
-443704.280,-1172301.640,354.410
-443704.160,-1172301.280,354.550
-443703.900,-1172301.500,354.380
-443704.420,-1172301.070,354.670
-443704.150,-1172300.940,354.700
-443703.890,-1172301.160,354.560
-443703.630,-1172301.380,354.420
-443703.890,-1172300.730,354.750
-443703.650,-1172300.930,354.620
-443703.400,-1172301.140,354.500
-443703.140,-1172301.350,354.340
-443703.290,-1172300.750,354.670
-443703.040,-1172300.950,354.530
-443700.750,-1172300.650,350.460
-443700.500,-1172300.860,350.490
-443697.970,-1172298.800,354.770
-443697.730,-1172299.000,354.580
-443697.480,-1172299.200,354.460
-443697.640,-1172298.710,354.710
-443697.120,-1172299.140,354.420
-443697.060,-1172298.690,354.660
-443696.830,-1172298.880,354.520
-443696.660,-1172298.600,354.600
-443835.310,-1172338.700,370.730
-443835.870,-1172338.710,370.650
-443831.210,-1172361.960,370.760
-443839.980,-1172370.830,374.340
-443846.090,-1172370.650,374.340
-443840.570,-1172428.630,374.310
-443841.340,-1172407.660,374.850
-443838.950,-1172400.230,374.170
-443851.260,-1172385.360,373.960
-443840.790,-1172393.210,374.730
-443721.200,-1172295.220,357.820
-443735.980,-1172292.680,359.380
-443738.110,-1172292.190,359.690
-443737.640,-1172292.580,359.260
-443736.380,-1172293.640,358.490
-443735.860,-1172294.470,357.890
-443736.610,-1172293.840,358.400
-443723.680,-1172322.050,358.110
-443723.430,-1172322.250,357.980
-443762.160,-1172291.190,356.950
-443730.860,-1172322.670,360.430
-443734.120,-1172320.270,361.790
-443738.180,-1172319.450,361.910
-443738.060,-1172321.530,360.570
-443740.150,-1172320.220,361.210
-443744.400,-1172317.380,360.820
-443739.020,-1172321.890,360.330
-443738.780,-1172322.100,360.120
-443738.150,-1172323.040,359.610
-443737.900,-1172323.250,359.460
-443736.780,-1172324.680,358.630
-443736.820,-1172324.870,358.550
-443736.570,-1172325.080,358.410
-443740.180,-1172322.650,360.630
-443739.940,-1172322.850,360.510
-443737.930,-1172325.500,358.990
-443737.690,-1172325.700,358.870
-443737.440,-1172325.910,358.750
-443744.530,-1172320.310,358.930
-443741.190,-1172324.710,359.230
-443747.460,-1172319.720,358.990
-443741.330,-1172324.880,359.160
-443746.790,-1172321.310,357.830
-443749.660,-1172324.490,357.000
-443767.050,-1172319.410,359.710
-443767.440,-1172319.930,359.440
-443767.210,-1172320.120,359.340
-443767.260,-1172320.630,359.070
-443773.580,-1172317.700,359.370
-443774.540,-1172317.450,359.450
-443780.660,-1172314.730,361.000
-443780.090,-1172315.840,360.380
-443779.840,-1172316.050,360.310
-443779.600,-1172316.250,360.180
-443779.360,-1172316.460,360.070
-443788.080,-1172313.850,361.020
-443782.110,-1172320.360,356.880
-443788.640,-1172314.840,360.460
-443788.400,-1172315.040,360.320
-443786.040,-1172318.090,358.450
-443785.820,-1172318.280,358.340
-443788.570,-1172315.290,360.200
-443788.090,-1172315.700,359.920
-443787.840,-1172315.910,359.760
-443787.670,-1172318.350,359.180
-443787.430,-1172318.550,359.010
-443787.200,-1172318.740,358.860
-443786.220,-1172320.180,358.010
-443785.700,-1172320.620,357.790
-443806.680,-1172310.550,358.270
-443806.420,-1172310.760,358.110
-443805.450,-1172311.590,357.550
-443812.850,-1172309.860,358.260
-443824.740,-1172310.170,355.540
-443836.240,-1172308.120,356.230
-443832.650,-1172330.870,370.800
-443834.200,-1172330.870,370.740
-443697.560,-1172292.650,359.100
-443696.860,-1172293.770,358.110
-443697.750,-1172294.430,358.620
-443698.370,-1172294.550,358.540
-443700.650,-1172295.290,358.580
-443698.300,-1172297.660,355.830
-443698.650,-1172297.870,355.690
-443701.010,-1172298.950,358.110
-443700.040,-1172299.750,357.280
-443700.890,-1172299.660,357.540
-443701.050,-1172300.410,357.030
-443700.790,-1172300.620,356.850
-443701.280,-1172299.780,357.570
-443700.550,-1172300.380,356.970
-443701.270,-1172300.690,356.940
-443705.250,-1172296.910,358.570
-443712.170,-1172295.090,356.730
-443712.390,-1172296.080,356.070
-443715.790,-1172321.610,362.030
-443720.800,-1172320.980,359.050
-443720.930,-1172324.350,356.770
-443717.270,-1172327.030,358.020
-443840.710,-1172428.260,375.180
-443837.960,-1172400.230,374.190
-443848.060,-1172370.400,374.670
-443832.630,-1172307.720,356.820
-443828.620,-1172307.490,357.160
-443824.430,-1172310.340,355.400
-443806.580,-1172310.560,358.220
-443791.370,-1172317.820,358.920
-443767.370,-1172320.310,359.250
-443767.000,-1172319.270,359.750
-443767.260,-1172319.300,359.910
-443741.110,-1172324.860,359.270
-443741.100,-1172324.190,359.490
-443740.310,-1172322.890,360.540
-443740.190,-1172322.490,360.560
-443740.150,-1172320.250,361.310
-443737.900,-1172325.640,358.980
-443737.550,-1172325.790,358.640
-443739.720,-1172319.340,361.970
-443738.180,-1172323.020,359.690
-443737.760,-1172323.440,359.240
-443736.890,-1172324.540,358.840
-443736.690,-1172325.010,358.530
-443736.330,-1172325.290,358.290
-443737.700,-1172320.520,361.240
-443734.050,-1172325.430,358.400
-443734.140,-1172321.640,360.880
-443734.280,-1172320.280,361.850
-443732.500,-1172320.100,361.990
-443731.860,-1172320.600,361.700
-443737.420,-1172292.740,359.310
-443737.940,-1172292.350,359.510
-443735.630,-1172294.550,357.820
-443735.870,-1172292.800,359.420
-443723.450,-1172322.220,357.990
-443722.480,-1172320.980,358.890
-443725.840,-1172296.390,357.710
-443726.450,-1172296.250,357.660
-443795.670,-1172424.500,352.690
-443840.900,-1172312.740,352.340
-443838.520,-1172308.980,355.250
-443826.690,-1172311.850,354.120
-443772.810,-1172322.140,354.900
-443774.880,-1172309.560,350.290
-443721.600,-1172298.900,355.470
-443710.960,-1172299.330,354.280
-443704.110,-1172301.630,354.330
-443703.750,-1172301.410,354.450
-443704.070,-1172301.120,354.570
-443703.350,-1172301.340,354.410
-443703.660,-1172301.050,354.530
-443703.980,-1172300.750,354.710
-443703.150,-1172301.100,354.440
-443703.510,-1172300.770,354.660
-443703.250,-1172300.510,354.720
-443696.890,-1172298.470,354.690
-443696.950,-1172298.800,354.490
-443697.270,-1172298.500,354.700
-443697.080,-1172299.190,354.380
-443697.430,-1172298.860,354.630
-443697.830,-1172299.120,354.490
-443840.550,-1172428.360,374.940
-443836.770,-1172418.020,377.430
-443831.320,-1172421.040,377.700
-443849.300,-1172399.680,374.310
-443837.910,-1172400.290,374.170
-443840.410,-1172378.030,374.670
-443836.380,-1172356.730,370.710
-443829.390,-1172330.760,370.990
-443824.740,-1172310.210,355.460
-443812.770,-1172309.900,358.210
-443797.320,-1172318.740,357.340
-443806.450,-1172310.430,358.260
-443806.530,-1172310.820,358.080
-443801.930,-1172313.290,356.470
-443802.290,-1172312.960,356.750
-443802.620,-1172312.660,356.980
-443802.940,-1172312.370,357.190
-443795.030,-1172314.110,360.340
-443791.340,-1172317.900,358.990
-443786.120,-1172320.160,357.990
-443786.450,-1172319.860,358.160
-443786.870,-1172319.090,358.660
-443787.510,-1172318.510,359.050
-443785.430,-1172318.940,357.920
-443786.250,-1172317.810,358.630
-443786.560,-1172317.530,358.800
-443788.140,-1172315.500,360.020
-443788.490,-1172315.180,360.190
-443782.180,-1172320.420,356.950
-443769.510,-1172319.240,359.580
-443769.800,-1172318.980,359.720
-443767.260,-1172320.270,359.190
-443767.110,-1172319.300,359.730
-443767.010,-1172319.060,359.880
-443768.730,-1172315.740,361.780
-443765.490,-1172318.130,360.620
-443746.800,-1172321.300,357.830
-443740.940,-1172326.200,358.250
-443741.360,-1172324.460,359.440
-443741.220,-1172324.250,359.510
-443741.050,-1172323.240,360.200
-443737.370,-1172326.210,358.550
-443738.330,-1172324.850,359.330
-443738.650,-1172324.560,359.470
-443739.230,-1172323.710,360.000
-443740.180,-1172322.840,360.510
-443736.780,-1172324.740,358.600
-443737.080,-1172324.460,358.760
-443738.370,-1172322.500,359.910
-443738.690,-1172322.210,360.050
-443739.420,-1172321.070,360.680
-443739.760,-1172320.750,360.870
-443740.080,-1172320.460,361.080
-443737.780,-1172320.420,361.280
-443731.720,-1172320.870,361.490
-443721.850,-1172324.130,356.670
-443723.630,-1172322.020,358.080
-443742.260,-1172291.490,359.720
-443741.030,-1172291.670,359.660
-443736.460,-1172294.060,358.200
-443736.320,-1172293.780,358.350
-443737.340,-1172292.840,359.030
-443737.680,-1172292.520,359.290
-443738.050,-1172292.180,359.560
-443735.950,-1172292.780,359.280
-443704.750,-1172326.490,360.990
-443713.470,-1172300.420,357.000
-443712.100,-1172294.240,357.190
-443701.680,-1172300.870,356.890
-443700.860,-1172300.580,356.930
-443701.390,-1172300.630,357.000
-443701.250,-1172299.680,357.570
-443700.200,-1172300.290,356.950
-443700.920,-1172299.620,357.490
-443699.640,-1172299.830,357.050
-443700.140,-1172299.890,357.170
-443700.930,-1172299.150,357.900
-443699.070,-1172294.780,358.550
-443840.170,-1172432.180,355.070
-443795.530,-1172424.050,350.350
-443747.520,-1172410.840,347.940
-443747.960,-1172411.260,347.850
-443740.130,-1172437.260,350.900
-443754.030,-1172436.520,347.570
-443755.070,-1172436.410,354.500
-443761.040,-1172436.400,347.530
-443770.320,-1172435.750,347.600
-443770.440,-1172436.300,353.710
-443832.680,-1172385.480,348.660
-443826.010,-1172364.220,347.250
-443825.890,-1172364.530,347.140
-443760.950,-1172405.080,349.270
-443833.050,-1172311.120,354.220
-443823.890,-1172312.260,353.990
-443824.370,-1172310.360,355.430
-443823.720,-1172310.770,355.060
-443788.410,-1172320.480,351.190
-443805.300,-1172316.910,351.410
-443806.030,-1172315.980,354.260
-443726.940,-1172325.280,355.430
-443743.540,-1172336.380,353.360
-443761.770,-1172295.240,355.070
-443751.190,-1172324.890,351.320
-443760.130,-1172321.890,350.860
-443760.190,-1172322.340,350.650
-443774.280,-1172319.540,354.560
-443784.920,-1172320.490,353.830
-443717.240,-1172326.750,355.250
-443714.330,-1172300.270,355.290
-443712.580,-1172299.040,354.250
-443711.010,-1172297.470,355.260
-443704.480,-1172300.960,354.740
-443704.380,-1172301.230,354.550
-443704.260,-1172301.550,354.420
-443703.850,-1172301.320,354.440
-443703.590,-1172301.110,354.520
-443703.430,-1172300.520,354.740
-443703.310,-1172300.840,354.620
-443703.080,-1172300.530,354.700
-443700.600,-1172300.910,350.530
-443700.610,-1172299.950,350.640
-443698.490,-1172300.260,350.450
-443698.210,-1172298.150,355.620
-443697.940,-1172298.880,354.680
-443697.830,-1172299.160,354.530
-443697.720,-1172299.460,354.360
-443697.660,-1172298.620,354.800
-443697.560,-1172298.890,354.610
-443697.460,-1172299.150,354.430
-443697.180,-1172299.010,354.490
-443697.000,-1172298.570,354.640
-443696.890,-1172298.870,354.510
-443696.760,-1172298.490,354.660
-443696.650,-1172298.770,354.500
-443846.130,-1172428.220,374.800
-443840.840,-1172432.620,371.800
-443840.740,-1172432.490,371.860
-443840.760,-1172432.380,366.310
-443844.300,-1172407.880,374.760
-443846.740,-1172399.810,374.250
-443830.410,-1172421.480,373.900
-443830.450,-1172421.290,362.790
-443843.470,-1172385.750,374.640
-443848.370,-1172370.680,374.300
-443835.780,-1172338.760,370.660
-443832.170,-1172330.610,371.090
-443829.390,-1172330.680,371.090
-443830.920,-1172330.910,370.830
-443828.340,-1172307.850,356.890
-443824.840,-1172309.770,355.820
-443824.730,-1172310.060,355.640
-443818.330,-1172310.200,357.330
-443815.620,-1172311.300,356.910
-443812.290,-1172311.090,357.240
-443809.320,-1172309.720,358.730
-443802.370,-1172312.950,356.720
-443802.260,-1172313.240,356.580
-443793.080,-1172313.970,360.580
-443793.760,-1172313.560,360.830
-443789.500,-1172318.430,358.900
-443787.430,-1172318.550,358.930
-443785.540,-1172318.850,358.020
-443787.340,-1172316.200,359.570
-443787.120,-1172316.800,359.230
-443787.010,-1172317.080,359.070
-443774.230,-1172319.010,357.900
-443774.120,-1172319.310,357.770
-443767.390,-1172320.020,359.410
-443767.280,-1172320.300,359.240
-443767.120,-1172320.170,359.220
-443767.010,-1172320.450,359.080
-443744.360,-1172320.200,358.900
-443752.690,-1172296.110,358.000
-443741.450,-1172324.250,359.630
-443741.250,-1172324.790,359.190
-443741.130,-1172324.240,359.540
-443740.360,-1172322.560,360.670
-443740.260,-1172322.840,360.480
-443740.070,-1172322.670,360.590
-443738.380,-1172324.710,359.380
-443738.270,-1172325.020,359.220
-443738.610,-1172322.330,360.010
-443737.170,-1172326.240,358.490
-443738.110,-1172322.860,359.690
-443738.000,-1172323.160,359.530
-443737.040,-1172324.520,358.710
-443736.700,-1172324.750,358.640
-443736.590,-1172325.040,358.450
-443738.160,-1172319.490,361.860
-443737.370,-1172321.160,360.820
-443734.060,-1172320.390,361.620
-443743.540,-1172291.910,360.500
-443731.250,-1172321.420,361.180
-443727.340,-1172324.910,355.760
-443737.990,-1172292.130,359.640
-443736.390,-1172294.110,358.250
-443736.300,-1172293.740,358.420
-443735.920,-1172292.740,359.300
-443723.840,-1172322.190,357.960
-443723.480,-1172322.210,357.950
-443733.840,-1172292.430,359.680
-443726.520,-1172296.170,357.630
-443725.560,-1172296.370,357.510
-443724.340,-1172296.560,357.560
-443721.200,-1172295.670,357.540
-443719.840,-1172297.230,356.560
-443719.730,-1172297.520,356.420
-443719.220,-1172295.090,357.940
-443719.130,-1172321.100,359.010
-443717.000,-1172326.900,358.010
-443713.750,-1172321.650,362.090
-443709.470,-1172323.330,361.250
-443704.790,-1172326.220,361.110
-443701.590,-1172300.650,357.000
-443700.820,-1172300.390,357.020
-443701.240,-1172300.340,357.080
-443700.980,-1172299.070,357.970
-443700.580,-1172300.120,357.060
-443700.240,-1172299.960,357.180
-443699.780,-1172300.070,356.950
-443701.120,-1172295.540,358.490
-443698.650,-1172297.690,355.840
-443698.070,-1172297.550,355.820
-443840.230,-1172432.200,355.040
-443794.100,-1172424.460,352.670
-443747.500,-1172411.040,347.930
-443736.820,-1172437.280,347.620
-443770.430,-1172411.260,354.070
-443770.590,-1172411.440,354.080
-443743.160,-1172436.990,347.600
-443753.570,-1172436.600,350.960
-443754.930,-1172436.390,354.540
-443761.010,-1172436.350,347.570
-443833.660,-1172385.550,348.570
-443825.860,-1172364.510,347.050
-443826.110,-1172364.310,347.260
-443760.850,-1172405.070,349.280
-443833.210,-1172313.320,352.540
-443833.340,-1172312.630,353.170
-443719.870,-1172299.810,355.060
-443723.020,-1172326.830,354.640
-443761.980,-1172295.380,354.980
-443742.050,-1172325.910,351.380
-443784.810,-1172320.360,353.790
-443715.290,-1172300.450,355.170
-443714.560,-1172300.480,355.210
-443712.600,-1172298.570,354.580
-443704.110,-1172301.540,354.380
-443704.330,-1172301.340,354.550
-443703.700,-1172301.250,354.490
-443703.960,-1172301.030,354.630
-443703.130,-1172301.260,354.360
-443703.380,-1172301.040,354.510
-443703.600,-1172300.850,354.630
-443703.060,-1172300.690,354.660
-443703.280,-1172300.500,354.820
-443697.590,-1172299.460,354.290
-443697.800,-1172299.280,354.490
-443697.330,-1172299.160,354.480
-443697.580,-1172298.940,354.600
-443697.810,-1172298.740,354.730
-443696.840,-1172298.890,354.530
-443697.100,-1172298.670,354.650
-443696.850,-1172298.460,354.720
-443844.210,-1172432.080,366.320
-443840.300,-1172432.590,360.530
-443840.730,-1172432.230,366.310
-443837.340,-1172421.610,360.020
-443836.760,-1172417.960,377.630
-443846.520,-1172399.760,374.270
-443840.560,-1172400.100,374.160
-443848.440,-1172370.670,374.290
-443830.720,-1172343.980,370.660
-443830.240,-1172337.030,370.600
-443834.390,-1172330.480,371.160
-443836.660,-1172330.470,371.120
-443830.840,-1172330.910,370.780
-443836.330,-1172308.150,356.210
-443837.030,-1172308.150,356.190
-443836.120,-1172307.850,356.310
-443828.130,-1172308.070,356.760
-443828.360,-1172307.880,356.940
-443825.040,-1172309.530,356.040
-443815.630,-1172311.200,356.990
-443812.950,-1172310.050,358.240
-443805.560,-1172312.710,356.710
-443809.210,-1172309.670,358.780
-443806.390,-1172310.880,358.090
-443806.650,-1172310.660,358.210
-443802.440,-1172312.770,356.940
-443803.140,-1172312.180,357.380
-443793.950,-1172313.850,360.670
-443786.620,-1172319.440,358.470
-443786.870,-1172319.230,358.610
-443785.480,-1172320.920,357.620
-443785.740,-1172320.710,357.720
-443786.250,-1172320.280,357.950
-443788.160,-1172317.560,359.620
-443788.400,-1172317.360,359.760
-443788.670,-1172317.140,359.890
-443784.720,-1172319.810,357.400
-443786.240,-1172317.870,358.590
-443786.490,-1172317.670,358.700
-443786.730,-1172317.470,358.840
-443786.840,-1172316.910,359.180
-443787.070,-1172316.710,359.270
-443788.350,-1172315.200,360.260
-443788.590,-1172315.000,360.380
-443786.960,-1172315.040,360.380
-443787.230,-1172314.820,360.500
-443788.200,-1172314.010,360.990
-443779.140,-1172316.510,359.940
-443780.110,-1172315.700,360.510
-443780.330,-1172315.510,360.600
-443774.180,-1172319.180,357.850
-443767.090,-1172320.470,359.110
-443767.310,-1172320.280,359.290
-443767.080,-1172319.590,359.640
-443767.020,-1172319.200,359.830
-443768.680,-1172315.750,361.780
-443748.470,-1172321.000,357.840
-443741.550,-1172325.100,359.100
-443739.720,-1172325.970,358.540
-443741.020,-1172324.440,359.420
-443741.250,-1172324.240,359.570
-443741.010,-1172323.390,360.150
-443738.260,-1172325.100,359.220
-443738.500,-1172324.890,359.340
-443739.660,-1172323.400,360.190
-443740.140,-1172323.000,360.430
-443740.370,-1172322.800,360.550
-443740.850,-1172322.390,360.830
-443736.910,-1172324.530,358.730
-443734.920,-1172325.550,358.230
-443737.840,-1172323.070,359.580
-443738.070,-1172322.870,359.720
-443738.330,-1172322.650,359.800
-443731.660,-1172325.940,358.180
-443734.060,-1172321.440,360.970
-443734.140,-1172320.320,361.700
-443730.850,-1172321.820,361.010
-443731.110,-1172321.600,361.130
-443731.340,-1172321.400,361.250
-443725.640,-1172323.600,356.800
-443722.540,-1172324.610,356.310
-443723.970,-1172323.390,357.110
-443723.550,-1172322.050,358.080
-443736.300,-1172293.830,358.370
-443736.790,-1172293.410,358.660
-443737.510,-1172292.790,359.110
-443737.740,-1172292.590,359.300
-443721.690,-1172298.670,355.630
-443721.520,-1172297.150,356.580
-443721.580,-1172298.330,355.850
-443720.960,-1172295.550,357.620
-443721.220,-1172295.330,357.720
-443719.800,-1172297.420,356.520
-443720.870,-1172324.340,356.700
-443717.010,-1172327.010,358.010
-443713.820,-1172326.900,360.970
-443715.910,-1172321.600,362.030
-443708.140,-1172322.350,362.100
-443718.130,-1172296.220,357.380
-443701.460,-1172300.800,356.900
-443701.680,-1172300.610,357.050
-443701.050,-1172300.640,356.890
-443700.550,-1172300.350,356.980
-443701.230,-1172299.770,357.560
-443699.530,-1172299.970,356.980
-443702.170,-1172296.180,358.270
-443701.910,-1172295.710,358.600
-443701.430,-1172295.590,358.550
-443698.400,-1172297.530,355.860
-443699.040,-1172294.820,358.550
