-443849.550,-1172394.800,374.670
-443833.870,-1172387.100,370.840
-443831.250,-1172361.580,371.400
-443825.900,-1172333.530,362.560
-443851.590,-1172418.630,349.320
-443851.230,-1172407.320,348.570
-443851.250,-1172407.310,362.720
-443825.570,-1172335.840,348.450
-443834.020,-1172318.190,349.170
-443802.580,-1172314.860,351.400
-443850.560,-1172427.090,374.590
-443849.790,-1172396.340,374.570
-443843.350,-1172385.430,375.110
-443842.700,-1172378.150,374.510
-443833.890,-1172387.020,370.880
-443826.210,-1172346.260,362.630
-443826.430,-1172349.810,351.460
-443742.980,-1172335.910,352.870
-443834.800,-1172405.330,363.720
-443849.550,-1172390.480,374.740
-443834.130,-1172390.920,368.240
-443826.740,-1172366.600,370.250
