-443748.010,-1172335.100,352.670
-443727.970,-1172295.520,357.300
-443729.840,-1172293.920,355.900
-443729.070,-1172294.650,356.440
-443729.310,-1172294.040,355.750
-443730.160,-1172293.870,355.870
-443730.070,-1172294.900,356.940
-443730.690,-1172293.390,355.700
-443735.710,-1172291.110,358.970
-443738.100,-1172292.160,360.310
-443807.790,-1172311.040,355.770
-443708.480,-1172295.360,357.270
-443708.210,-1172294.780,356.660
-443832.160,-1172366.890,370.960
-443767.360,-1172436.580,361.550
-443724.930,-1172295.550,357.080
-443724.420,-1172295.970,357.510
-443727.490,-1172294.370,356.070
-443725.550,-1172295.520,357.130
-443729.300,-1172294.250,356.200
-443729.040,-1172294.460,356.370
-443728.060,-1172295.280,357.160
-443729.470,-1172294.500,356.500
-443729.240,-1172294.690,356.690
-443728.510,-1172295.310,357.300
-443730.100,-1172294.770,356.850
-443729.340,-1172295.400,357.440
-443730.360,-1172295.390,357.580
-443810.310,-1172305.410,355.860
-443832.550,-1172305.880,357.150
-443708.430,-1172294.270,356.310
-443708.180,-1172294.480,356.500
-443708.580,-1172295.060,357.130
-443705.410,-1172317.120,357.950
-443707.280,-1172320.960,361.280
-443709.910,-1172320.710,361.290
-443757.310,-1172422.740,347.620
-443815.530,-1172304.470,353.190
-443729.980,-1172293.290,354.980
-443729.890,-1172293.520,355.270
-443745.700,-1172338.600,353.120
-443847.840,-1172432.190,374.350
-443840.200,-1172377.220,374.650
-443768.550,-1172436.610,361.510
-443761.290,-1172437.020,361.600
-443737.100,-1172313.440,358.240
-443734.730,-1172313.630,358.280
-443734.050,-1172313.830,358.270
-443730.550,-1172295.120,357.220
-443730.340,-1172293.720,355.520
-443730.740,-1172293.550,355.560
-443730.320,-1172294.580,356.520
-443730.120,-1172295.080,357.030
-443728.480,-1172295.520,357.230
-443729.280,-1172294.490,356.270
-443729.370,-1172294.790,356.600
-443727.120,-1172295.460,356.980
-443724.800,-1172295.840,357.290
-443716.180,-1172320.010,361.070
-443711.520,-1172326.970,360.690
-443714.100,-1172316.140,357.570
-443706.770,-1172320.320,360.530
-443708.470,-1172294.520,356.340
-443707.990,-1172294.320,356.120
-443708.240,-1172294.600,356.430
-443757.310,-1172422.480,347.500
-443775.160,-1172411.340,347.120
-443745.990,-1172397.460,347.810
-443827.030,-1172312.580,351.900
-443754.090,-1172329.100,354.790
-443749.120,-1172324.700,355.390
-443729.890,-1172293.270,355.090
-443739.440,-1172313.380,350.810
-443755.750,-1172437.200,361.540
-443751.340,-1172437.450,361.750
-443828.470,-1172367.040,370.980
-443832.570,-1172306.000,357.080
-443740.240,-1172290.570,359.040
-443730.750,-1172295.270,357.500
-443729.580,-1172294.980,356.980
-443727.080,-1172295.860,357.580
-443728.990,-1172294.610,356.430
-443729.640,-1172294.020,355.840
-443726.990,-1172294.900,356.530
-443727.390,-1172294.530,356.150
-443713.820,-1172320.430,361.320
-443715.640,-1172316.910,358.530
-443707.700,-1172321.270,361.490
-443708.590,-1172320.450,360.890
-443707.110,-1172321.110,361.300
-443708.270,-1172294.270,356.160
-443746.210,-1172437.680,361.390
-443774.520,-1172293.250,359.160
-443729.430,-1172294.500,356.500
-443729.280,-1172294.910,356.680
-443827.480,-1172304.750,353.210
-443730.400,-1172293.140,355.250
-443737.060,-1172313.430,358.320
-443736.300,-1172313.470,358.310
-443727.890,-1172295.300,357.120
-443726.760,-1172294.950,356.630
-443713.700,-1172320.360,361.330
-443708.020,-1172294.600,356.580
-443708.350,-1172294.310,356.350
