-443834.620,-1172415.060,351.040
-443834.730,-1172414.780,351.020
-443834.620,-1172415.810,351.080
-443833.830,-1172388.990,353.880
-443833.870,-1172392.580,353.840
-443833.990,-1172392.300,353.850
-443834.130,-1172392.990,353.820
-443834.240,-1172392.710,353.920
-443825.520,-1172346.460,346.890
-443742.660,-1172333.120,352.870
-443743.010,-1172336.750,352.940
-443770.680,-1172435.540,361.380
-443849.630,-1172400.530,374.700
-443849.750,-1172396.080,374.730
-443849.450,-1172393.180,374.650
-443849.540,-1172392.150,374.680
-443849.390,-1172391.780,374.640
-443849.020,-1172381.030,374.630
-443848.940,-1172377.740,374.630
-443848.990,-1172376.540,374.690
-443848.700,-1172370.930,374.600
-443834.530,-1172405.870,356.740
-443834.300,-1172405.440,356.640
-443834.340,-1172404.170,356.730
-443834.450,-1172403.880,356.740
-443834.580,-1172403.560,356.700
-443834.250,-1172403.580,356.680
-443834.150,-1172398.810,370.780
-443833.980,-1172386.800,370.830
-443706.130,-1172317.500,358.900
-443826.110,-1172353.890,348.670
-443833.880,-1172388.850,353.870
-443834.020,-1172392.680,353.900
-443833.300,-1172371.030,356.800
-443770.550,-1172435.550,361.650
-443849.750,-1172401.880,374.520
-443848.720,-1172371.190,374.470
-443765.370,-1172316.060,362.090
-443783.940,-1172313.550,361.650
-443825.680,-1172333.810,362.590
-443838.460,-1172339.260,370.750
-443851.630,-1172422.160,355.130
-443851.630,-1172419.060,349.370
-443851.280,-1172407.620,348.550
-443850.620,-1172407.860,348.510
-443851.380,-1172397.830,347.390
-443851.660,-1172397.580,347.400
-443851.920,-1172397.350,347.380
-443852.000,-1172397.630,347.410
-443851.420,-1172397.040,347.360
-443851.490,-1172397.400,347.400
-443850.950,-1172383.400,347.370
-443851.480,-1172382.930,347.270
-443851.390,-1172383.320,347.320
-443850.880,-1172382.060,347.370
-443851.240,-1172382.160,347.420
-443851.550,-1172382.430,347.310
-443850.660,-1172374.930,347.380
-443850.570,-1172373.450,347.310
-443852.050,-1172430.860,357.650
-443851.620,-1172417.740,360.240
-443851.490,-1172410.550,359.790
-443851.240,-1172407.660,363.410
-443851.070,-1172406.540,369.390
-443840.070,-1172414.150,375.130
-443851.280,-1172376.030,369.670
-443834.730,-1172402.920,348.570
-443802.250,-1172438.300,350.620
-443769.640,-1172415.080,353.190
-443834.090,-1172392.580,353.940
-443833.960,-1172392.910,353.840
-443743.090,-1172337.610,352.920
-443849.900,-1172409.030,374.570
-443850.010,-1172396.540,375.030
-443849.410,-1172392.850,374.560
-443849.500,-1172391.720,374.670
-443835.370,-1172426.370,358.080
-443835.020,-1172426.010,358.040
-443849.510,-1172389.610,374.680
-443849.460,-1172388.500,374.340
-443835.100,-1172423.400,358.050
-443851.350,-1172372.880,374.640
-443834.860,-1172412.040,366.410
-443834.730,-1172412.370,366.370
-443835.260,-1172410.550,369.260
-443835.210,-1172410.650,366.460
-443849.030,-1172374.620,374.380
-443834.980,-1172410.070,369.260
-443834.860,-1172410.390,369.260
-443834.930,-1172410.160,365.470
-443834.700,-1172410.780,366.350
-443834.800,-1172410.440,358.040
-443834.630,-1172410.310,358.020
-443834.780,-1172408.290,358.080
-443834.650,-1172408.640,358.020
-443834.510,-1172408.480,369.260
-443834.310,-1172407.380,369.280
-443834.560,-1172406.610,356.860
-443848.770,-1172371.270,374.660
-443848.810,-1172371.170,374.380
-443834.700,-1172405.360,356.890
-443834.580,-1172405.680,356.780
-443834.330,-1172406.320,356.670
-443834.510,-1172404.280,371.810
-443834.500,-1172404.230,363.600
-443834.980,-1172402.420,366.500
-443834.730,-1172403.080,366.450
-443834.570,-1172403.470,363.670
-443834.520,-1172403.550,356.740
-443834.770,-1172401.370,366.440
-443834.640,-1172401.720,366.470
-443834.600,-1172401.020,363.650
-443834.530,-1172398.900,370.900
-443834.050,-1172393.440,369.200
-443833.850,-1172387.070,365.150
-443833.720,-1172387.400,365.120
-443826.720,-1172365.800,370.260
-443826.810,-1172364.850,370.030
-443826.720,-1172357.790,359.220
-443826.600,-1172358.100,359.210
-443826.410,-1172357.140,369.990
-443826.390,-1172351.730,370.130
-443826.020,-1172346.830,369.990
-443826.040,-1172344.320,369.940
-443825.610,-1172333.690,362.530
-443825.830,-1172332.470,369.990
-443764.680,-1172314.490,360.490
-443765.540,-1172292.890,358.230
-443756.130,-1172290.990,358.550
-443835.190,-1172424.230,354.240
-443784.830,-1172420.400,349.340
-443834.450,-1172395.980,349.780
-443834.450,-1172395.210,349.730
-443834.490,-1172394.720,349.720
-443833.980,-1172392.680,353.920
-443833.890,-1172388.790,353.920
-443825.450,-1172346.640,346.870
-443826.190,-1172347.710,346.810
-443826.160,-1172350.030,351.330
-443826.670,-1172353.780,348.680
-443826.460,-1172354.900,354.160
-443826.580,-1172361.610,347.860
-443826.620,-1172363.890,350.460
-443826.960,-1172365.070,354.230
-443827.040,-1172365.330,348.720
-443733.010,-1172405.320,349.570
-443826.090,-1172332.390,354.340
-443765.400,-1172317.920,355.530
-443765.480,-1172318.450,355.500
-443765.760,-1172321.160,355.290
-443850.600,-1172423.950,374.430
-443835.710,-1172431.560,358.120
-443835.760,-1172430.620,372.280
-443835.770,-1172430.230,372.250
-443835.590,-1172428.680,358.390
-443835.550,-1172428.390,358.160
-443835.220,-1172426.040,365.190
-443835.310,-1172426.390,358.050
-443835.330,-1172425.070,358.110
-443850.140,-1172411.780,374.420
-443835.330,-1172423.280,358.120
-443835.490,-1172422.780,372.360
-443849.930,-1172405.420,374.300
-443835.160,-1172415.760,369.330
-443834.980,-1172412.370,363.830
-443835.140,-1172409.620,358.150
-443849.770,-1172397.540,374.670
-443849.760,-1172397.090,374.520
-443834.890,-1172409.820,358.100
-443834.990,-1172408.640,358.180
-443834.910,-1172408.520,358.120
-443849.730,-1172394.830,374.670
-443834.510,-1172406.900,356.700
-443834.450,-1172406.620,356.730
-443834.660,-1172406.450,356.950
-443834.710,-1172406.400,371.840
-443834.490,-1172406.310,356.730
-443834.660,-1172406.160,357.000
-443834.520,-1172406.040,356.770
-443834.530,-1172404.180,356.800
-443834.430,-1172403.750,356.750
-443834.720,-1172403.510,363.720
-443834.720,-1172403.030,366.470
-443835.230,-1172402.600,374.490
-443834.740,-1172401.280,366.500
-443851.590,-1172382.800,374.400
-443834.120,-1172396.620,365.210
-443834.050,-1172390.080,367.920
-443849.020,-1172376.420,374.620
-443834.040,-1172387.440,365.340
-443826.710,-1172365.570,370.180
-443826.870,-1172364.790,362.620
-443826.480,-1172361.060,369.780
-443829.300,-1172358.220,371.110
-443826.640,-1172358.120,359.190
-443826.920,-1172357.880,359.280
-443826.500,-1172356.210,370.230
-443826.450,-1172355.250,359.820
-443826.340,-1172354.570,369.950
-443826.370,-1172352.450,370.100
-443733.790,-1172427.730,360.750
-443825.870,-1172336.360,370.010
-443721.120,-1172290.520,356.760
