-443802.440,-1172436.500,350.920
-443806.670,-1172433.690,350.350
-443793.940,-1172410.390,352.760
-443734.590,-1172423.310,347.520
-443830.840,-1172302.790,354.650
-443730.330,-1172292.720,354.810
-443721.320,-1172315.120,355.190
-443710.290,-1172290.900,355.320
-443755.180,-1172437.050,361.440
-443847.910,-1172432.000,374.240
-443843.550,-1172419.150,381.770
-443848.590,-1172399.040,374.360
-443838.780,-1172414.890,374.260
-443843.420,-1172392.390,374.730
-443835.850,-1172355.870,370.700
-443830.700,-1172353.900,370.790
-443835.450,-1172338.000,370.820
-443835.250,-1172337.790,370.620
-443721.000,-1172291.660,356.470
-443726.790,-1172295.890,357.710
-443734.020,-1172292.080,359.730
-443733.120,-1172313.360,358.020
-443731.200,-1172318.750,361.270
-443733.240,-1172313.700,358.010
-443731.560,-1172319.120,361.530
-443731.800,-1172319.300,361.690
-443734.730,-1172313.510,358.020
-443740.200,-1172315.670,359.980
-443740.430,-1172316.800,360.750
-443766.640,-1172294.270,359.110
-443767.620,-1172293.850,358.810
-443773.370,-1172293.420,359.020
-443780.520,-1172313.920,360.870
-443788.460,-1172308.360,357.840
-443788.890,-1172312.240,360.500
-443801.430,-1172310.230,356.340
-443802.710,-1172311.240,357.180
-443807.450,-1172307.750,357.340
-443807.160,-1172307.550,357.190
-443806.030,-1172311.370,357.590
-443812.200,-1172307.120,357.310
-443827.940,-1172306.150,356.800
-443828.580,-1172306.680,357.150
-443713.420,-1172292.920,356.770
-443713.660,-1172291.510,355.900
-443717.850,-1172291.230,356.020
-443713.500,-1172321.360,362.070
-443707.910,-1172337.190,361.000
-443717.450,-1172316.920,358.230
-443718.310,-1172317.520,358.620
-443718.660,-1172317.750,358.870
-443721.110,-1172315.120,355.140
-443750.790,-1172313.120,351.710
-443736.380,-1172438.210,361.870
-443763.000,-1172436.600,361.440
-443848.060,-1172431.700,374.390
-443841.170,-1172399.990,374.760
-443733.210,-1172313.680,358.040
-443734.610,-1172313.350,358.040
-443740.170,-1172315.660,360.010
-443779.180,-1172312.970,360.170
-443788.560,-1172313.440,361.370
-443806.120,-1172308.960,358.220
-443816.630,-1172311.690,357.770
-443828.450,-1172306.590,357.170
-443824.540,-1172308.420,355.630
-443710.320,-1172293.970,357.250
-443717.870,-1172291.140,356.010
-443717.280,-1172316.850,358.200
-443799.330,-1172411.260,353.100
-443811.590,-1172319.080,351.200
-443808.900,-1172305.710,352.690
-443850.530,-1172431.860,374.240
-443843.430,-1172419.390,381.760
-443839.320,-1172418.690,377.460
-443841.110,-1172400.150,374.730
-443838.900,-1172366.840,371.000
-443828.070,-1172308.870,356.090
-443808.210,-1172309.490,358.640
-443797.740,-1172306.750,357.510
-443788.430,-1172308.750,358.130
-443770.230,-1172293.780,358.830
-443740.550,-1172317.330,360.990
-443740.530,-1172315.790,360.070
-443721.730,-1172320.560,359.070
-443715.510,-1172336.480,360.930
-443717.910,-1172317.120,358.290
-443717.400,-1172316.980,358.180
-443707.890,-1172337.170,360.890
-443707.260,-1172337.370,360.970
-443706.660,-1172337.240,360.850
-443714.500,-1172315.820,357.470
-443710.160,-1172316.660,357.480
-443710.050,-1172316.930,357.630
-443706.710,-1172322.250,362.130
-443717.990,-1172291.140,355.900
-443713.580,-1172291.290,355.730
-443712.460,-1172294.070,357.380
-443710.520,-1172292.050,355.910
-443710.830,-1172293.140,356.710
-443710.390,-1172291.350,355.540
-443823.510,-1172307.850,355.080
-443804.280,-1172307.750,354.840
-443730.320,-1172292.870,354.650
-443721.100,-1172315.060,355.040
-443710.370,-1172290.890,355.250
-443843.110,-1172419.460,381.820
-443850.000,-1172395.900,375.000
-443841.200,-1172400.050,374.730
-443843.530,-1172392.400,374.650
-443828.130,-1172308.770,356.140
-443830.500,-1172305.510,356.520
-443812.420,-1172307.140,357.250
-443808.100,-1172308.270,357.740
-443806.070,-1172308.980,358.070
-443807.430,-1172307.740,357.270
-443788.810,-1172312.240,360.390
-443786.160,-1172311.000,359.400
-443780.970,-1172314.180,361.110
-443780.650,-1172313.870,360.880
-443780.420,-1172313.650,360.770
-443779.010,-1172312.870,360.010
-443770.640,-1172315.150,361.700
-443774.960,-1172293.360,359.050
-443767.630,-1172293.920,358.800
-443740.280,-1172315.720,359.950
-443739.220,-1172297.030,359.730
-443737.630,-1172291.760,359.690
-443718.640,-1172317.740,358.840
-443718.860,-1172317.910,358.980
-443717.820,-1172317.130,358.370
-443714.540,-1172315.530,357.330
-443710.310,-1172316.420,357.500
-443710.310,-1172291.830,355.800
-443847.990,-1172417.650,374.370
-443838.980,-1172415.830,374.340
-443839.040,-1172366.700,371.160
-443828.440,-1172306.570,357.180
-443812.900,-1172307.520,357.520
-443769.110,-1172314.780,361.530
-443771.620,-1172293.710,358.810
-443740.280,-1172315.670,360.020
-443741.940,-1172291.170,359.810
-443737.800,-1172291.780,359.710
-443729.820,-1172295.560,357.800
-443721.070,-1172291.580,356.570
-443718.910,-1172291.220,355.810
-443718.600,-1172319.820,358.820
-443718.190,-1172317.360,358.700
-443706.650,-1172337.270,360.790
-443711.350,-1172321.650,362.200
-443717.810,-1172291.430,355.840
-443713.750,-1172291.180,355.960
-443713.640,-1172291.470,355.840
-443710.350,-1172292.130,356.160
-443823.660,-1172307.910,355.190
-443849.530,-1172431.780,374.330
-443840.340,-1172427.690,374.840
-443847.980,-1172417.610,374.380
-443848.320,-1172417.320,374.190
-443843.290,-1172419.310,381.900
-443843.580,-1172419.070,381.840
-443839.210,-1172418.870,377.610
-443766.080,-1172436.580,361.480
-443755.160,-1172436.920,361.430
-443835.810,-1172355.780,370.770
-443824.680,-1172308.550,355.670
-443828.150,-1172306.260,356.930
-443812.250,-1172307.140,357.340
-443812.640,-1172307.340,357.470
-443805.930,-1172311.260,357.710
-443806.840,-1172309.530,358.740
-443806.540,-1172309.350,358.440
-443805.830,-1172308.830,358.010
-443807.230,-1172307.660,357.270
-443802.510,-1172311.090,357.130
-443801.390,-1172310.090,356.340
-443786.110,-1172310.670,359.300
-443779.440,-1172313.130,360.370
-443773.350,-1172293.650,358.970
-443743.930,-1172316.760,360.970
-443740.500,-1172317.320,361.050
-443740.170,-1172315.730,360.030
-443734.040,-1172315.390,359.360
-443717.220,-1172316.760,358.170
-443706.690,-1172322.250,362.230
-443707.040,-1172320.190,360.640
-443715.480,-1172294.890,358.190
-443713.710,-1172291.450,355.930
