-443730.090,-1172293.320,355.390
-443730.090,-1172293.320,355.140
-443730.400,-1172293.270,355.280
-443840.950,-1172420.660,380.860
-443843.240,-1172384.830,374.560
-443730.280,-1172293.570,355.610
-443730.530,-1172295.380,357.770
-443810.700,-1172308.380,358.300
-443710.430,-1172321.510,361.950
-443715.810,-1172317.570,359.150
-443716.020,-1172320.440,361.530
-443716.130,-1172320.150,361.360
-443716.260,-1172319.850,361.120
-443805.760,-1172306.390,353.970
-443730.510,-1172293.240,355.480
-443730.280,-1172293.430,355.560
-443836.180,-1172366.770,371.010
-443727.240,-1172294.960,356.890
-443727.560,-1172295.700,357.580
-443706.180,-1172318.820,359.430
-443711.090,-1172320.680,361.450
-443716.280,-1172320.050,361.460
-443716.020,-1172320.270,361.440
-443800.090,-1172324.090,351.060
-443741.190,-1172291.160,359.540
-443738.650,-1172290.970,359.140
-443730.470,-1172293.410,355.490
-443730.160,-1172294.180,356.110
-443729.390,-1172294.240,356.080
-443716.070,-1172320.270,361.300
-443712.320,-1172316.480,357.940
-443708.600,-1172320.510,360.890
-443769.410,-1172421.860,354.070
-443754.160,-1172329.310,355.090
-443753.890,-1172329.290,355.020
-443730.300,-1172293.410,355.320
-443807.190,-1172307.030,356.760
-443730.340,-1172295.210,357.230
-443730.660,-1172294.530,356.510
-443730.440,-1172294.180,356.330
-443727.090,-1172295.210,356.860
-443716.110,-1172320.060,361.180
-443716.080,-1172320.470,361.530
-443744.610,-1172437.310,361.860
-443730.380,-1172294.010,356.350
-443715.830,-1172318.650,360.080
-443730.100,-1172293.400,355.280
-443788.950,-1172313.380,361.330
-443721.270,-1172292.760,357.350
-443716.150,-1172320.100,361.350
-443710.290,-1172321.620,361.990
