-443743.450,-1172423.050,347.500
-443743.060,-1172423.080,347.530
-443721.170,-1172328.510,352.120
-443734.730,-1172423.620,354.420
-443743.360,-1172423.520,351.150
-443746.680,-1172423.430,354.530
-443768.470,-1172396.370,348.640
-443746.530,-1172312.960,352.410
-443698.880,-1172316.770,353.100
-443698.760,-1172316.270,351.880
-443698.660,-1172316.540,352.920
-443698.300,-1172316.240,351.930
-443697.870,-1172315.920,351.590
-443697.620,-1172315.760,351.590
-443703.600,-1172291.320,354.420
-443832.460,-1172418.190,377.070
-443850.010,-1172370.700,373.790
-443848.530,-1172370.380,373.520
-443844.900,-1172370.440,357.670
-443844.760,-1172370.800,357.620
-443842.740,-1172370.400,373.530
-443842.220,-1172370.360,373.510
-443743.080,-1172422.970,347.410
-443764.530,-1172422.500,354.560
-443828.940,-1172303.340,351.850
-443721.170,-1172328.620,352.020
-443699.340,-1172316.550,352.680
-443698.690,-1172316.380,352.580
-443698.730,-1172316.340,351.810
-443698.330,-1172316.310,352.650
-443697.780,-1172315.890,351.620
-443697.480,-1172315.710,351.560
-443838.070,-1172307.970,357.020
-443817.290,-1172313.850,352.900
-443786.600,-1172292.150,350.140
-443797.550,-1172331.580,349.460
