-443826.170,-1172354.350,348.570
-443850.540,-1172424.630,374.480
-443851.250,-1172411.020,359.760
-443851.430,-1172416.540,355.150
-443851.700,-1172396.790,347.430
-443851.950,-1172396.570,347.310
-443851.040,-1172386.600,347.320
-443850.880,-1172377.610,347.390
-443851.470,-1172416.510,357.830
-443851.480,-1172411.220,359.860
-443850.980,-1172411.000,359.810
-443851.280,-1172376.430,370.150
-443826.670,-1172365.680,348.510
-443826.230,-1172354.330,348.570
-443849.810,-1172396.270,374.380
-443835.740,-1172430.200,372.220
-443835.360,-1172428.460,358.080
-443802.260,-1172437.110,350.340
-443834.090,-1172392.890,353.930
-443833.740,-1172386.820,353.920
-443835.530,-1172430.430,372.190
-443834.780,-1172406.060,363.700
-443834.630,-1172405.940,363.500
-443826.670,-1172364.950,369.930
-443826.520,-1172358.670,370.060
-443826.390,-1172357.750,358.630
-443745.620,-1172291.970,359.110
