-443698.920,-1172298.330,355.470
-443840.050,-1172414.450,374.800
-443850.880,-1172373.420,374.070
-443840.340,-1172378.260,374.250
-443842.830,-1172370.610,374.330
-443743.280,-1172293.250,358.240
-443743.330,-1172295.230,356.540
-443743.440,-1172294.940,356.810
-443810.910,-1172310.400,358.230
-443697.370,-1172294.090,358.050
-443699.230,-1172295.800,357.620
-443699.670,-1172295.470,358.180
-443699.400,-1172297.130,356.600
-443699.520,-1172296.840,356.700
-443699.930,-1172296.370,357.300
-443700.510,-1172295.760,358.150
-443703.830,-1172298.060,356.960
-443704.810,-1172299.250,356.360
-443709.830,-1172322.990,361.780
-443743.490,-1172296.430,355.530
-443722.090,-1172298.400,356.080
-443743.350,-1172294.060,357.680
-443743.600,-1172295.350,356.600
-443743.420,-1172295.880,356.020
-443741.450,-1172323.930,359.930
-443806.180,-1172310.970,357.890
-443697.200,-1172296.410,356.560
-443696.720,-1172296.800,356.180
-443699.540,-1172295.460,358.110
-443699.220,-1172296.060,357.470
-443697.710,-1172297.320,355.900
-443699.330,-1172296.800,356.840
-443704.100,-1172296.990,358.140
-443704.020,-1172297.940,357.220
-443703.770,-1172298.140,356.950
-443704.880,-1172298.490,357.020
-443809.280,-1172305.570,353.930
-443805.940,-1172316.120,354.000
-443788.750,-1172314.450,360.880
-443722.040,-1172298.490,356.030
-443705.080,-1172297.220,358.240
-443699.060,-1172297.350,356.220
-443699.470,-1172296.970,356.700
-443699.370,-1172296.170,357.390
-443697.720,-1172297.220,355.920
-443697.060,-1172296.650,356.430
-443698.110,-1172295.180,357.910
-443697.520,-1172294.990,358.000
-443697.360,-1172293.390,358.460
-443792.650,-1172424.530,346.710
-443730.930,-1172298.190,355.480
-443743.560,-1172296.550,355.420
-443743.670,-1172296.850,355.440
-443840.980,-1172432.180,366.370
-443840.880,-1172432.080,366.360
-443743.390,-1172295.680,356.300
-443743.460,-1172294.580,357.210
-443743.290,-1172293.450,358.160
-443730.940,-1172297.070,356.580
-443709.900,-1172322.830,361.730
-443705.030,-1172298.150,357.260
-443704.320,-1172297.220,358.040
-443704.030,-1172297.980,357.220
-443703.950,-1172298.210,356.900
-443699.200,-1172297.190,356.370
-443699.430,-1172295.620,357.900
-443699.330,-1172295.870,357.580
-443699.240,-1172296.120,357.330
-443697.120,-1172296.520,356.380
-443696.680,-1172296.770,355.920
-443697.270,-1172294.300,357.830
-443792.520,-1172424.460,346.770
-443743.620,-1172296.610,355.460
-443763.710,-1172321.990,352.860
-443713.040,-1172299.870,354.120
-443698.900,-1172298.320,355.410
-443788.620,-1172314.500,360.730
-443743.470,-1172295.470,356.380
-443743.640,-1172295.330,356.730
-443743.560,-1172296.100,355.970
-443743.310,-1172294.410,357.270
-443721.520,-1172295.930,357.380
-443704.550,-1172299.400,356.100
-443703.810,-1172298.250,356.890
-443705.090,-1172297.130,358.290
-443703.290,-1172296.710,358.120
-443700.510,-1172295.700,358.180
-443698.380,-1172297.130,356.270
-443698.320,-1172296.030,357.200
-443696.700,-1172296.860,356.080
-443698.190,-1172295.220,357.890
-443697.270,-1172294.240,357.900
