-443796.770,-1172416.780,354.240
-443796.210,-1172419.500,353.960
-443796.560,-1172418.590,354.210
-443796.520,-1172415.330,354.190
-443825.920,-1172343.680,354.170
-443824.030,-1172308.510,355.410
-443823.640,-1172308.300,355.220
-443765.170,-1172317.020,355.120
-443850.100,-1172412.470,374.150
-443841.310,-1172407.430,375.130
-443835.870,-1172414.510,374.720
-443849.270,-1172378.280,374.720
-443835.560,-1172411.800,374.570
-443848.820,-1172374.130,374.280
-443848.670,-1172371.650,374.280
-443843.000,-1172385.450,374.280
-443834.250,-1172397.590,370.790
-443834.310,-1172393.750,362.380
-443834.010,-1172393.200,362.310
-443834.810,-1172388.100,374.750
-443834.830,-1172375.670,373.860
-443838.810,-1172361.860,370.660
-443834.640,-1172373.740,373.850
-443839.000,-1172359.350,371.070
-443839.040,-1172358.550,371.080
-443838.950,-1172353.150,371.080
-443835.720,-1172356.180,370.790
-443838.830,-1172346.340,371.120
-443838.820,-1172344.420,371.120
-443736.000,-1172295.180,357.930
-443738.640,-1172293.940,359.560
-443738.620,-1172295.780,359.480
-443730.580,-1172319.640,361.000
-443731.070,-1172319.060,361.390
-443779.010,-1172313.150,360.150
-443779.890,-1172313.940,360.620
-443780.400,-1172314.230,360.880
-443802.970,-1172311.500,357.450
-443807.800,-1172306.840,357.620
-443806.200,-1172309.980,358.220
-443812.610,-1172307.150,357.440
-443828.480,-1172306.960,357.160
-443699.040,-1172299.400,356.900
-443699.810,-1172298.960,357.380
-443700.270,-1172298.770,357.760
-443704.560,-1172329.740,360.730
-443717.220,-1172317.500,358.120
-443718.180,-1172318.940,358.570
-443796.580,-1172418.640,354.170
-443788.490,-1172425.490,347.490
-443793.730,-1172413.900,353.250
-443769.040,-1172403.330,349.670
-443825.640,-1172333.440,351.380
-443764.980,-1172314.700,355.180
-443718.890,-1172301.530,352.360
-443838.110,-1172335.450,370.750
-443838.400,-1172335.690,371.150
-443838.230,-1172337.990,370.880
-443826.230,-1172350.160,362.600
-443838.850,-1172350.030,371.140
-443838.540,-1172351.530,370.720
-443835.750,-1172356.040,370.830
-443830.800,-1172361.400,370.750
-443838.750,-1172357.950,370.780
-443839.070,-1172360.640,371.080
-443834.670,-1172379.210,374.770
-443840.130,-1172427.870,374.820
-443849.920,-1172398.190,375.020
-443849.140,-1172378.130,374.800
-443849.220,-1172373.460,375.060
-443737.630,-1172293.590,359.040
-443736.620,-1172295.420,358.300
-443737.850,-1172294.410,359.170
-443735.920,-1172297.530,357.920
-443738.890,-1172295.590,359.740
-443737.170,-1172297.020,358.510
-443730.440,-1172318.670,361.040
-443731.350,-1172319.630,361.510
-443731.800,-1172319.610,361.870
-443731.100,-1172320.830,361.330
-443779.580,-1172313.580,360.460
-443779.380,-1172313.360,360.390
-443779.930,-1172313.890,360.690
-443788.480,-1172316.020,360.290
-443801.870,-1172310.730,356.680
-443807.530,-1172307.400,357.370
-443802.840,-1172311.370,357.400
-443808.060,-1172307.880,357.740
-443805.880,-1172309.170,358.080
-443806.120,-1172310.060,358.140
-443824.500,-1172308.870,355.820
-443717.300,-1172317.310,358.240
-443704.330,-1172328.150,360.730
-443704.510,-1172329.890,360.620
-443794.550,-1172420.300,353.280
-443847.880,-1172417.950,374.090
-443849.690,-1172397.700,374.250
-443849.660,-1172387.550,374.670
-443850.620,-1172383.100,371.680
-443843.000,-1172385.310,374.270
-443835.170,-1172337.930,370.530
-443838.390,-1172332.440,370.980
-443828.320,-1172306.720,357.020
-443824.110,-1172308.510,355.370
-443824.900,-1172309.160,355.880
-443731.540,-1172319.930,361.320
-443731.060,-1172321.090,361.000
-443742.790,-1172291.230,359.810
-443737.230,-1172294.060,358.560
-443718.970,-1172320.170,358.880
-443718.530,-1172318.020,358.830
-443717.770,-1172317.460,358.270
-443796.580,-1172415.300,354.110
-443851.130,-1172419.510,362.570
-443849.590,-1172387.900,374.770
-443850.720,-1172379.290,361.370
-443848.770,-1172374.030,374.220
-443838.810,-1172359.010,370.690
-443830.950,-1172361.050,370.670
-443838.750,-1172344.520,371.030
-443801.960,-1172310.860,356.660
-443780.350,-1172314.140,360.800
-443780.110,-1172313.930,360.670
-443731.730,-1172319.700,361.690
-443731.050,-1172319.910,361.210
-443738.590,-1172293.920,359.540
-443704.600,-1172329.810,360.480
-443717.180,-1172317.340,357.990
-443704.420,-1172328.180,360.670
-443835.390,-1172429.210,352.590
-443802.340,-1172436.060,347.550
-443794.940,-1172416.840,353.540
-443796.480,-1172415.380,354.160
-443795.860,-1172417.010,353.920
-443834.450,-1172397.410,354.080
-443826.300,-1172343.430,354.180
-443826.180,-1172343.760,354.120
-443825.910,-1172346.940,354.120
-443823.760,-1172308.420,355.260
-443765.230,-1172316.930,355.330
-443845.570,-1172427.920,374.750
-443848.820,-1172409.840,374.290
-443852.000,-1172399.410,374.230
-443849.690,-1172396.600,374.330
-443836.290,-1172429.690,373.920
-443849.860,-1172394.310,374.730
-443836.320,-1172427.000,374.030
-443836.310,-1172426.150,373.860
-443836.230,-1172422.310,373.950
-443849.350,-1172388.790,374.250
-443836.110,-1172414.550,374.080
-443835.580,-1172414.340,374.630
-443848.750,-1172374.130,374.270
-443834.430,-1172392.460,369.280
-443834.190,-1172393.100,369.220
-443834.840,-1172386.340,373.920
-443834.600,-1172373.810,373.920
-443838.810,-1172360.390,370.720
-443835.810,-1172356.020,370.790
-443838.480,-1172345.500,370.770
-443830.870,-1172361.310,370.780
-443826.750,-1172365.700,368.160
-443826.910,-1172365.150,356.950
-443826.560,-1172365.360,356.950
-443826.550,-1172361.170,365.330
-443826.710,-1172354.160,362.520
-443770.560,-1172429.310,361.820
-443770.300,-1172426.600,361.750
-443838.040,-1172332.820,370.700
-443812.790,-1172306.780,357.460
-443779.850,-1172313.650,360.560
-443730.420,-1172318.640,361.010
-443738.690,-1172296.010,359.530
-443719.090,-1172319.530,359.060
-443718.190,-1172318.920,358.600
-443717.350,-1172317.460,358.190
-443704.890,-1172332.320,360.520
-443706.980,-1172319.430,360.410
-443826.580,-1172437.320,351.180
-443794.510,-1172420.220,353.370
-443794.770,-1172420.010,353.480
-443796.490,-1172418.600,354.110
-443796.450,-1172415.520,354.200
-443788.580,-1172425.440,347.500
-443792.810,-1172411.490,352.980
-443793.390,-1172416.070,353.060
-443834.860,-1172394.870,354.210
-443834.100,-1172395.950,353.910
-443825.920,-1172336.780,348.680
-443826.300,-1172336.770,354.280
-443826.090,-1172343.780,354.130
-443826.350,-1172343.560,354.250
-443826.270,-1172347.030,354.150
-443825.420,-1172351.760,347.230
-443826.790,-1172354.230,354.240
-443732.980,-1172404.830,349.220
-443787.210,-1172379.640,350.900
-443768.950,-1172401.560,349.680
-443823.790,-1172308.340,355.340
-443802.470,-1172315.800,351.210
-443719.040,-1172300.960,352.370
-443850.430,-1172421.620,374.230
-443850.260,-1172416.100,374.240
-443849.960,-1172404.970,374.570
-443849.980,-1172396.080,375.030
-443834.690,-1172406.410,368.940
-443834.960,-1172405.910,369.090
-443834.790,-1172405.800,369.060
-443835.450,-1172405.250,374.530
-443834.870,-1172402.210,363.690
-443834.770,-1172398.320,371.080
-443834.270,-1172395.800,362.460
-443834.190,-1172393.190,369.200
-443834.150,-1172393.660,362.400
-443835.030,-1172391.810,374.060
-443834.880,-1172388.410,374.500
-443849.200,-1172374.580,374.850
-443834.410,-1172377.570,359.920
-443770.320,-1172428.300,361.770
-443770.300,-1172426.670,361.840
-443838.950,-1172365.870,370.760
-443839.090,-1172360.660,371.110
-443838.990,-1172359.310,371.070
-443838.660,-1172358.080,370.740
-443826.710,-1172366.620,368.320
-443838.770,-1172356.770,370.830
-443838.900,-1172355.610,371.070
-443826.770,-1172365.520,368.160
-443826.740,-1172365.250,356.960
-443827.010,-1172365.030,357.040
-443838.870,-1172353.280,371.080
-443826.720,-1172355.030,365.490
-443826.750,-1172355.000,368.270
-443826.740,-1172354.670,357.080
-443826.560,-1172354.410,359.800
-443838.530,-1172336.970,371.140
-443826.260,-1172340.300,359.270
-443825.980,-1172333.080,362.730
-443826.220,-1172332.890,362.860
-443812.740,-1172306.740,357.520
-443741.120,-1172320.960,361.630
-443731.370,-1172319.720,361.530
-443739.120,-1172296.920,359.750
-443718.830,-1172319.770,358.900
-443719.060,-1172319.570,359.030
-443718.250,-1172318.310,358.660
-443717.300,-1172317.280,358.210
-443700.830,-1172298.370,358.060
