-443827.030,-1172440.270,351.520
-443852.100,-1172416.050,349.590
-443796.530,-1172416.380,354.130
-443795.870,-1172416.370,353.930
-443775.720,-1172411.390,354.090
-443794.380,-1172422.880,353.290
-443793.680,-1172423.660,353.000
-443793.810,-1172423.340,353.100
-443792.830,-1172424.750,352.670
-443792.660,-1172424.580,352.710
-443793.460,-1172420.630,353.040
-443826.590,-1172365.880,347.730
-443769.100,-1172400.720,350.360
-443789.540,-1172403.220,351.060
-443756.390,-1172293.630,351.870
-443756.410,-1172294.560,355.360
-443757.680,-1172295.340,355.360
-443754.720,-1172334.320,354.910
-443764.250,-1172323.110,352.700
-443826.150,-1172346.640,368.120
-443851.190,-1172427.630,374.620
-443848.230,-1172419.810,374.130
-443848.210,-1172408.380,374.210
-443848.320,-1172408.090,374.300
-443847.760,-1172407.500,374.320
-443846.710,-1172407.970,374.260
-443845.940,-1172408.040,374.230
-443851.520,-1172389.780,374.190
-443840.600,-1172415.650,377.590
-443838.840,-1172419.360,377.550
-443840.240,-1172415.790,377.440
-443851.350,-1172385.710,373.860
-443839.680,-1172414.290,374.810
-443841.190,-1172407.730,374.830
-443835.880,-1172416.370,374.710
-443849.240,-1172377.570,374.700
-443835.080,-1172385.560,374.770
-443834.240,-1172385.510,373.850
-443834.610,-1172376.240,373.870
-443834.300,-1172371.270,374.730
-443838.150,-1172338.170,370.730
-443835.110,-1172338.870,370.550
-443723.920,-1172322.610,359.350
-443744.270,-1172297.240,357.910
-443736.790,-1172326.710,358.280
-443751.710,-1172290.580,358.860
-443752.010,-1172290.800,358.920
-443752.000,-1172291.760,358.740
-443752.350,-1172290.880,358.980
-443751.970,-1172292.470,358.600
-443752.510,-1172292.190,358.770
-443752.320,-1172294.710,358.170
-443752.270,-1172295.700,358.050
-443838.150,-1172330.400,371.120
-443696.840,-1172292.250,359.060
-443699.000,-1172300.030,356.840
-443712.700,-1172297.360,357.620
-443704.720,-1172331.190,360.710
-443709.880,-1172324.800,360.800
-443710.010,-1172324.480,360.870
-443705.590,-1172337.220,360.760
-443795.090,-1172420.270,353.640
-443794.850,-1172420.470,353.550
-443796.340,-1172420.650,354.020
-443796.090,-1172420.870,353.940
-443825.790,-1172433.210,351.580
-443819.120,-1172440.700,351.470
-443851.880,-1172415.900,349.490
-443826.700,-1172440.870,351.280
-443792.800,-1172424.510,352.740
-443792.840,-1172425.470,347.740
-443792.590,-1172425.680,347.620
-443793.130,-1172425.560,347.740
-443793.930,-1172413.270,353.330
-443793.760,-1172377.730,351.910
-443826.380,-1172361.070,351.390
-443826.510,-1172365.940,347.750
-443711.940,-1172400.800,352.440
-443711.690,-1172401.010,352.300
-443791.720,-1172320.790,351.300
-443789.930,-1172320.840,351.190
-443756.580,-1172318.020,354.350
-443755.930,-1172311.740,354.390
-443755.600,-1172311.600,354.250
-443757.620,-1172295.420,355.380
-443825.710,-1172336.760,365.390
-443825.900,-1172346.690,368.170
-443826.190,-1172353.820,362.570
-443831.090,-1172361.650,370.850
-443830.860,-1172361.850,370.690
-443847.530,-1172419.590,374.230
-443841.520,-1172422.180,374.810
-443847.330,-1172415.870,374.240
-443838.380,-1172423.030,374.330
-443851.190,-1172407.470,357.690
-443840.380,-1172415.640,377.470
-443848.380,-1172408.450,374.160
-443846.940,-1172408.200,374.300
-443839.690,-1172414.340,374.770
-443838.450,-1172415.380,374.150
-443845.680,-1172406.960,374.240
-443844.130,-1172407.680,374.790
-443848.940,-1172381.000,374.270
-443840.610,-1172378.460,377.600
-443840.240,-1172377.980,374.710
-443721.260,-1172292.940,357.850
-443725.750,-1172296.210,357.690
-443746.800,-1172291.180,358.900
-443748.010,-1172290.750,358.930
-443752.000,-1172292.210,358.660
-443751.950,-1172292.850,358.510
-443752.380,-1172292.870,358.660
-443752.150,-1172293.570,358.390
-443752.220,-1172293.780,358.450
-443752.240,-1172295.140,358.130
-443723.820,-1172322.380,359.350
-443724.020,-1172322.520,359.360
-443762.630,-1172290.790,357.320
-443761.210,-1172292.410,359.250
-443730.480,-1172321.760,360.920
-443739.570,-1172319.170,361.920
-443774.470,-1172291.380,358.710
-443744.890,-1172316.970,361.030
-443784.960,-1172321.250,357.410
-443804.920,-1172311.610,357.600
-443808.260,-1172309.750,358.780
-443832.670,-1172306.790,357.490
-443712.310,-1172294.160,357.370
-443712.730,-1172296.370,357.890
-443712.640,-1172297.470,357.580
-443716.750,-1172324.030,360.830
-443716.660,-1172324.910,360.690
-443716.940,-1172324.970,360.750
-443716.960,-1172326.510,360.580
-443716.980,-1172326.000,360.620
-443705.540,-1172337.240,360.810
-443796.060,-1172420.950,353.850
-443796.850,-1172417.640,354.100
-443793.960,-1172413.010,353.200
-443794.140,-1172423.040,353.170
-443753.090,-1172397.000,346.860
-443789.380,-1172399.970,351.060
-443782.560,-1172307.600,353.710
-443850.170,-1172415.010,374.770
-443847.690,-1172415.950,374.260
-443848.020,-1172408.210,374.190
-443846.980,-1172408.080,374.270
-443846.830,-1172407.110,374.320
-443848.330,-1172394.070,374.130
-443851.440,-1172385.560,373.710
-443851.500,-1172380.710,373.360
-443841.010,-1172400.390,374.130
-443831.390,-1172419.480,377.670
-443843.340,-1172385.720,374.690
-443843.010,-1172378.450,374.600
-443830.320,-1172343.910,370.590
-443770.210,-1172423.790,361.670
-443838.420,-1172331.000,371.070
-443811.150,-1172310.510,358.230
-443752.340,-1172293.940,358.340
-443752.190,-1172294.320,358.190
-443752.050,-1172293.950,358.280
-443752.310,-1172292.190,358.800
-443739.290,-1172323.520,360.110
-443751.960,-1172292.660,358.460
-443751.790,-1172292.220,358.650
-443716.940,-1172326.460,360.380
-443716.830,-1172325.410,360.590
-443716.800,-1172325.000,360.560
-443718.920,-1172318.280,358.830
-443705.740,-1172337.250,360.750
-443705.570,-1172337.660,360.580
-443710.100,-1172324.800,360.790
-443709.950,-1172324.620,360.760
-443709.790,-1172325.010,360.650
-443853.100,-1172304.850,348.630
-443852.280,-1172416.220,349.560
-443795.490,-1172421.690,353.610
-443792.800,-1172424.670,352.620
-443792.480,-1172413.130,352.780
-443800.680,-1172378.090,348.390
-443711.450,-1172401.690,352.170
-443711.650,-1172400.800,352.320
-443711.870,-1172400.980,352.230
-443798.920,-1172331.300,351.230
-443802.940,-1172319.280,351.040
-443760.100,-1172322.190,354.580
-443756.390,-1172315.270,354.290
-443755.880,-1172311.710,354.250
-443836.790,-1172431.670,374.700
-443850.500,-1172415.210,374.720
-443847.240,-1172415.810,374.120
-443848.490,-1172408.400,374.200
-443845.780,-1172408.250,374.080
-443848.370,-1172395.700,374.210
-443843.380,-1172400.130,374.170
-443848.300,-1172394.080,374.190
-443851.700,-1172389.770,374.280
-443848.320,-1172390.240,374.300
-443846.820,-1172385.200,374.390
-443848.910,-1172380.910,374.240
-443848.790,-1172375.510,374.260
-443808.310,-1172309.720,358.830
-443736.740,-1172326.780,358.210
-443774.970,-1172290.970,359.120
-443731.710,-1172320.120,361.640
-443762.690,-1172290.860,357.290
-443724.070,-1172322.540,359.360
-443752.460,-1172292.790,358.500
-443752.010,-1172292.420,358.550
-443752.310,-1172292.140,358.730
-443751.760,-1172292.150,358.560
-443747.050,-1172291.150,358.980
-443738.510,-1172292.160,359.640
-443716.840,-1172325.550,360.540
-443712.710,-1172296.610,357.840
-443835.270,-1172429.530,352.520
-443826.710,-1172434.840,351.530
-443825.860,-1172433.180,351.550
-443795.520,-1172421.700,353.670
-443796.210,-1172420.750,353.960
-443794.110,-1172423.040,353.220
-443794.400,-1172422.900,353.280
-443826.620,-1172365.130,351.360
-443826.560,-1172361.010,354.130
-443826.520,-1172361.070,351.340
-443793.870,-1172377.700,351.900
-443793.900,-1172381.110,351.810
-443800.650,-1172377.720,348.480
-443789.290,-1172400.010,351.120
-443711.440,-1172400.910,352.250
-443789.610,-1172320.490,351.160
-443803.040,-1172319.050,351.010
-443741.870,-1172297.280,354.480
-443741.770,-1172296.690,354.580
-443756.670,-1172293.610,351.920
-443757.740,-1172295.460,355.330
-443748.950,-1172323.270,355.420
-443764.480,-1172294.080,352.020
-443772.080,-1172293.590,351.810
-443765.130,-1172321.310,355.010
-443768.990,-1172322.980,350.280
-443716.650,-1172326.670,354.470
-443847.730,-1172432.170,374.770
-443847.260,-1172419.550,374.140
-443847.670,-1172416.030,374.280
-443848.900,-1172411.630,374.270
-443845.700,-1172407.010,374.140
-443838.820,-1172419.620,377.440
-443841.300,-1172400.680,374.780
-443846.830,-1172386.230,374.310
-443846.720,-1172385.250,374.340
-443830.910,-1172420.790,378.490
-443834.920,-1172408.000,365.430
-443834.950,-1172390.510,373.880
-443834.870,-1172387.150,373.940
-443835.110,-1172385.650,374.830
-443838.330,-1172343.710,370.690
-443831.250,-1172361.670,370.840
-443826.290,-1172361.860,365.380
-443830.280,-1172343.920,370.620
-443826.500,-1172350.040,368.190
-443826.500,-1172350.020,365.400
-443826.250,-1172346.210,368.290
-443825.950,-1172336.820,368.150
-443825.920,-1172336.860,365.360
-443770.160,-1172429.420,361.480
-443761.960,-1172421.470,361.820
-443752.750,-1172421.870,361.840
-443735.350,-1172422.580,361.850
-443794.900,-1172312.790,361.150
-443793.090,-1172313.120,361.060
-443783.770,-1172317.680,358.910
-443762.590,-1172290.710,357.260
-443752.790,-1172295.830,358.170
-443752.480,-1172294.040,358.480
-443752.190,-1172293.990,358.350
-443752.320,-1172292.240,358.750
-443751.990,-1172293.130,358.420
-443752.000,-1172292.240,358.660
-443736.680,-1172326.760,358.170
-443736.930,-1172324.810,358.620
-443747.010,-1172291.340,358.900
-443746.860,-1172291.340,358.890
-443733.370,-1172319.770,362.020
-443723.820,-1172322.280,359.310
-443721.750,-1172320.740,359.030
-443717.020,-1172325.200,360.720
-443716.900,-1172325.550,360.640
-443716.750,-1172324.100,360.830
-443853.200,-1172304.630,348.770
-443826.670,-1172440.870,351.260
-443835.380,-1172429.570,352.510
-443819.090,-1172440.810,351.330
-443822.090,-1172433.600,350.480
-443795.040,-1172421.970,353.580
-443795.300,-1172421.750,353.660
-443795.580,-1172421.530,353.720
-443796.370,-1172418.210,354.090
-443793.150,-1172425.620,347.780
-443792.720,-1172425.580,347.270
-443792.890,-1172425.450,347.760
-443793.700,-1172423.490,353.100
-443777.210,-1172417.310,354.130
-443790.110,-1172410.090,350.970
-443835.000,-1172393.480,354.220
-443826.340,-1172346.440,351.400
-443826.540,-1172361.030,354.080
-443733.080,-1172407.930,350.280
-443789.360,-1172403.140,350.930
-443711.970,-1172400.900,352.340
-443711.290,-1172400.950,352.240
-443711.790,-1172400.540,352.420
-443802.590,-1172318.670,350.910
-443790.000,-1172320.970,351.200
-443741.720,-1172296.970,354.630
-443742.060,-1172297.380,354.460
-443756.490,-1172294.670,355.390
-443756.850,-1172293.670,352.000
-443748.940,-1172323.260,355.500
-443756.710,-1172317.910,354.370
-443760.320,-1172322.190,354.660
-443764.130,-1172322.960,352.650
-443839.980,-1172427.990,374.200
-443848.380,-1172419.690,374.130
-443847.480,-1172419.850,374.130
-443850.260,-1172415.060,374.600
-443847.740,-1172416.030,374.300
-443847.350,-1172415.920,374.190
-443838.390,-1172423.000,374.280
-443838.920,-1172419.600,377.430
-443836.050,-1172421.990,373.910
-443840.550,-1172415.730,377.510
-443843.900,-1172407.820,374.770
-443841.140,-1172407.770,374.840
-443835.500,-1172407.660,373.940
-443843.350,-1172393.300,374.330
-443835.440,-1172398.150,374.780
-443848.050,-1172387.010,374.230
-443840.640,-1172393.090,374.710
-443835.180,-1172397.190,357.060
-443843.490,-1172385.580,374.720
-443835.100,-1172385.700,374.790
-443834.720,-1172385.610,373.920
-443837.120,-1172379.040,374.460
-443842.520,-1172374.630,374.230
-443834.220,-1172375.020,371.090
-443769.960,-1172423.640,361.660
-443838.760,-1172362.230,370.690
-443831.120,-1172361.640,370.850
-443826.380,-1172354.550,368.040
-443826.630,-1172350.230,365.450
-443825.940,-1172336.740,365.370
-443810.960,-1172311.020,359.100
-443803.160,-1172311.650,357.600
-443775.310,-1172317.170,357.510
-443774.980,-1172291.010,359.180
-443731.750,-1172320.500,361.710
-443752.270,-1172295.930,357.980
-443752.050,-1172294.270,358.280
-443751.880,-1172292.510,358.580
-443751.970,-1172291.900,358.680
-443744.250,-1172297.370,357.900
-443751.860,-1172290.860,358.830
-443705.570,-1172337.370,360.740
-443704.780,-1172331.120,360.650
-443709.840,-1172324.950,360.710
-443704.610,-1172328.730,360.760
-443703.380,-1172296.160,358.650
-443701.070,-1172298.630,358.270
-443698.950,-1172300.000,356.870
-443696.690,-1172292.220,359.150
