-443801.810,-1172424.000,352.660
-443802.280,-1172437.790,351.510
-443800.040,-1172416.660,353.200
-443769.880,-1172411.760,353.870
-443769.620,-1172413.280,354.110
-443769.850,-1172413.420,354.040
-443784.660,-1172419.850,350.280
-443734.300,-1172427.870,361.550
-443826.270,-1172339.220,371.070
-443850.760,-1172422.920,373.820
-443850.590,-1172415.790,373.800
-443848.150,-1172416.070,374.260
-443851.350,-1172400.400,374.040
-443850.380,-1172401.830,374.650
-443850.090,-1172401.580,373.800
-443850.070,-1172386.870,374.960
-443849.880,-1172384.710,375.050
-443842.070,-1172400.640,374.730
-443831.840,-1172421.230,377.530
-443849.690,-1172374.770,374.760
-443850.480,-1172371.790,373.850
-443835.850,-1172402.330,374.170
-443835.740,-1172400.400,374.140
-443835.280,-1172386.180,374.800
-443835.100,-1172380.090,374.770
-443840.830,-1172360.450,370.390
-443840.260,-1172347.830,370.370
-443838.800,-1172339.550,370.400
-443721.900,-1172292.510,357.660
-443722.010,-1172292.230,357.620
-443722.250,-1172291.640,357.570
-443725.460,-1172320.680,358.780
-443726.090,-1172321.120,358.410
-443740.550,-1172292.920,358.820
-443741.980,-1172293.950,357.870
-443743.700,-1172293.050,358.680
-443743.670,-1172294.350,358.580
-443743.790,-1172294.060,358.570
-443747.750,-1172318.000,360.040
-443748.470,-1172318.450,359.620
-443764.860,-1172290.730,357.120
-443790.530,-1172316.430,359.920
-443791.130,-1172316.870,359.500
-443791.360,-1172316.300,359.380
-443791.700,-1172317.410,359.200
-443791.950,-1172317.570,359.090
-443793.040,-1172318.400,358.450
-443798.290,-1172311.460,360.080
-443795.030,-1172319.820,357.320
-443837.430,-1172306.580,356.900
-443696.820,-1172319.980,361.900
-443696.780,-1172320.930,361.790
-443696.900,-1172320.640,361.770
-443696.780,-1172323.000,361.460
-443697.130,-1172322.130,361.380
-443697.250,-1172321.840,361.440
-443697.500,-1172321.220,361.350
-443697.610,-1172320.940,361.340
-443697.730,-1172320.640,361.420
-443697.980,-1172320.040,361.370
-443698.100,-1172319.730,361.410
-443698.350,-1172319.110,361.300
-443698.470,-1172318.820,361.310
-443696.730,-1172322.060,361.650
-443696.860,-1172321.750,361.610
-443696.980,-1172321.440,361.630
-443697.350,-1172320.530,361.630
-443697.470,-1172320.230,361.640
-443697.700,-1172319.660,361.550
-443697.820,-1172319.360,361.520
-443696.740,-1172325.250,361.180
-443697.110,-1172324.350,361.190
-443697.470,-1172323.440,361.050
-443697.600,-1172323.130,361.030
-443697.710,-1172322.840,361.080
-443698.080,-1172321.940,361.010
-443698.190,-1172321.660,361.020
-443698.420,-1172321.090,360.990
-443698.540,-1172320.810,361.100
-443698.780,-1172320.200,360.950
-443698.900,-1172319.920,360.940
-443699.140,-1172319.310,360.990
-443699.390,-1172318.710,360.910
-443699.620,-1172318.120,360.950
-443697.030,-1172323.600,361.170
-443697.160,-1172323.290,361.280
-443697.270,-1172323.000,361.220
-443697.390,-1172322.720,361.270
-443698.100,-1172320.950,361.150
-443698.220,-1172320.660,361.230
-443698.350,-1172320.350,361.160
-443698.700,-1172319.480,361.130
-443697.640,-1172324.860,360.810
-443697.760,-1172324.570,360.790
-443698.490,-1172322.750,360.730
-443698.720,-1172322.180,360.580
-443699.090,-1172321.270,360.680
-443699.210,-1172320.980,360.620
-443699.570,-1172320.070,360.640
-443700.640,-1172317.420,360.380
-443696.670,-1172326.280,360.970
-443696.920,-1172325.660,361.000
-443697.530,-1172324.160,360.930
-443697.890,-1172323.270,360.970
-443698.010,-1172322.980,360.940
-443698.130,-1172322.670,360.940
-443698.730,-1172321.180,360.870
-443698.860,-1172320.870,360.860
-443699.210,-1172320.010,360.790
-443699.330,-1172319.720,360.840
-443699.450,-1172319.410,360.870
-443699.920,-1172318.250,360.790
-443697.020,-1172328.180,360.520
-443697.390,-1172327.290,360.550
-443696.690,-1172328.160,360.730
-443696.800,-1172327.880,360.600
-443697.040,-1172327.280,360.640
-443697.760,-1172325.500,360.570
-443698.120,-1172324.630,360.600
-443698.710,-1172323.150,360.590
-443698.840,-1172322.850,360.600
-443696.670,-1172327.240,360.870
-443696.800,-1172326.930,360.840
-443697.280,-1172325.760,360.810
-443697.520,-1172325.150,360.870
-443706.050,-1172324.420,361.100
-443716.770,-1172321.330,360.220
-443801.750,-1172423.790,352.690
-443769.640,-1172413.280,354.080
-443814.770,-1172316.270,348.850
-443807.760,-1172319.520,351.610
-443795.390,-1172290.400,355.500
-443755.910,-1172334.670,354.560
-443754.540,-1172329.970,355.000
-443734.510,-1172433.130,361.390
-443831.500,-1172354.710,370.690
-443836.580,-1172423.100,374.210
-443840.930,-1172414.230,374.760
-443850.360,-1172401.860,374.690
-443851.120,-1172397.180,374.010
-443851.260,-1172396.690,374.030
-443851.050,-1172396.860,374.080
-443844.770,-1172400.400,374.750
-443850.110,-1172384.840,374.900
-443850.470,-1172383.010,374.560
-443850.970,-1172383.130,374.210
-443850.090,-1172382.860,374.760
-443851.090,-1172379.180,373.690
-443840.080,-1172384.920,377.430
-443835.150,-1172385.980,374.700
-443850.910,-1172372.030,373.530
-443721.980,-1172292.340,357.680
-443721.730,-1172292.550,357.710
-443722.200,-1172292.680,357.480
-443722.610,-1172292.780,357.340
-443721.440,-1172294.580,358.050
-443740.300,-1172292.790,358.860
-443740.660,-1172293.100,358.630
-443741.330,-1172293.550,358.260
-443741.550,-1172293.690,358.090
-443743.710,-1172293.450,358.680
-443743.800,-1172294.260,358.510
-443743.560,-1172294.460,358.600
-443726.290,-1172321.230,358.330
-443764.830,-1172290.670,357.050
-443749.080,-1172318.980,359.240
-443750.240,-1172319.940,358.530
-443750.900,-1172320.400,358.200
-443748.250,-1172325.040,357.020
-443791.460,-1172316.320,359.330
-443790.980,-1172316.720,359.670
-443791.860,-1172316.520,359.100
-443798.010,-1172313.520,360.390
-443793.680,-1172318.720,358.130
-443793.810,-1172319.020,358.060
-443812.350,-1172310.290,358.240
-443701.730,-1172297.330,358.130
-443702.010,-1172296.720,358.110
-443699.990,-1172317.670,360.830
-443699.260,-1172318.280,361.060
-443699.020,-1172318.480,361.140
-443697.510,-1172319.740,361.650
-443697.300,-1172319.910,361.760
-443697.040,-1172320.120,361.770
-443697.300,-1172319.510,361.820
-443696.800,-1172319.930,361.990
-443699.270,-1172319.670,360.860
-443699.040,-1172319.860,360.970
-443698.790,-1172320.070,361.020
-443698.550,-1172320.270,361.110
-443697.580,-1172321.080,361.440
-443697.360,-1172321.260,361.510
-443697.100,-1172321.480,361.580
-443696.840,-1172321.690,361.660
-443700.280,-1172318.440,360.530
-443699.570,-1172319.030,360.840
-443699.310,-1172319.250,360.900
-443698.850,-1172319.630,361.090
-443698.100,-1172320.250,361.340
-443697.850,-1172320.460,361.390
-443697.380,-1172320.850,361.540
-443697.130,-1172321.060,361.640
-443699.450,-1172318.650,360.940
-443699.200,-1172318.850,361.060
-443698.710,-1172319.260,361.170
-443698.470,-1172319.460,361.310
-443698.230,-1172319.660,361.360
-443697.970,-1172319.880,361.460
-443697.220,-1172320.500,361.690
-443699.630,-1172320.160,360.560
-443698.390,-1172321.190,360.970
-443697.660,-1172321.800,361.270
-443697.420,-1172322.000,361.330
-443697.190,-1172322.200,361.430
-443699.600,-1172319.720,360.740
-443697.660,-1172321.340,361.340
-443697.170,-1172321.740,361.510
-443698.430,-1172322.380,360.820
-443697.920,-1172322.810,361.000
-443697.940,-1172322.410,361.040
-443697.190,-1172323.030,361.270
-443696.700,-1172323.440,361.430
-443698.970,-1172321.100,360.840
-443696.990,-1172322.750,361.460
-443696.750,-1172322.950,361.470
-443697.930,-1172324.410,360.760
-443697.460,-1172324.810,360.880
-443697.220,-1172325.010,360.990
-443696.970,-1172325.210,361.070
-443696.740,-1172325.410,361.080
-443697.660,-1172324.370,360.820
-443697.400,-1172324.600,360.960
-443697.160,-1172324.800,361.060
-443696.920,-1172325.000,361.150
-443698.600,-1172323.210,360.610
-443698.120,-1172323.610,360.800
-443697.880,-1172323.820,360.860
-443697.620,-1172324.030,361.040
-443697.140,-1172324.430,361.100
-443696.900,-1172324.640,361.160
-443698.810,-1172322.620,360.620
-443697.610,-1172325.960,360.630
-443697.700,-1172325.440,360.700
-443697.440,-1172325.660,360.760
-443697.200,-1172325.860,360.860
-443696.710,-1172326.260,361.010
-443697.800,-1172324.940,360.750
-443697.550,-1172325.150,360.800
-443697.050,-1172325.570,360.980
-443697.370,-1172327.170,360.520
-443697.130,-1172327.370,360.610
-443716.740,-1172321.340,360.270
-443795.090,-1172379.190,351.940
-443749.980,-1172335.490,352.530
-443850.990,-1172423.490,374.710
-443850.280,-1172415.950,374.130
-443851.690,-1172407.270,357.790
-443849.030,-1172407.080,374.310
-443849.060,-1172405.370,374.300
-443840.980,-1172414.150,374.800
-443844.920,-1172400.470,374.700
-443851.340,-1172379.710,365.340
-443850.280,-1172382.720,374.480
-443831.800,-1172421.150,377.870
-443840.630,-1172361.180,368.360
-443840.800,-1172360.760,370.330
-443833.370,-1172358.930,373.190
-443826.840,-1172359.560,371.130
-443813.170,-1172306.860,357.630
-443793.740,-1172318.840,358.200
-443790.880,-1172316.540,359.780
-443790.360,-1172315.410,360.100
-443775.020,-1172315.520,361.310
-443748.400,-1172318.330,359.810
-443756.470,-1172291.730,359.250
-443743.910,-1172294.200,358.530
-443743.750,-1172293.470,358.740
-443743.620,-1172293.780,358.790
-443740.590,-1172292.920,358.850
-443726.200,-1172321.180,358.460
-443722.600,-1172292.600,357.430
-443722.050,-1172292.680,357.690
-443721.880,-1172292.460,357.650
-443706.300,-1172324.980,360.980
-443706.250,-1172324.530,361.080
-443697.190,-1172326.770,360.740
-443697.050,-1172327.110,360.830
-443696.770,-1172327.790,360.830
-443697.270,-1172327.340,360.740
-443697.440,-1172327.740,360.460
-443698.330,-1172321.120,361.220
-443698.180,-1172321.500,361.160
-443697.070,-1172324.230,361.360
-443696.900,-1172324.630,361.220
-443699.650,-1172318.890,360.940
-443699.500,-1172319.250,360.940
-443699.350,-1172319.630,360.910
-443699.210,-1172319.970,360.900
-443698.780,-1172321.030,361.000
-443698.510,-1172321.680,361.050
-443697.510,-1172324.140,360.960
-443699.180,-1172320.730,360.870
-443698.640,-1172322.050,360.920
-443698.490,-1172322.420,360.910
-443697.510,-1172324.840,360.970
-443696.790,-1172326.610,361.020
-443696.650,-1172326.960,361.040
-443699.900,-1172320.100,360.760
-443698.750,-1172322.940,360.650
-443698.090,-1172319.700,361.560
-443697.920,-1172320.100,361.500
-443697.650,-1172320.770,361.510
-443696.670,-1172323.200,361.620
-443698.730,-1172318.600,361.420
-443698.590,-1172318.940,361.440
-443698.140,-1172320.040,361.360
-443697.890,-1172320.670,361.510
-443697.440,-1172321.770,361.460
-443697.020,-1172322.800,361.510
-443696.890,-1172323.130,361.540
-443696.750,-1172323.470,361.530
-443699.220,-1172318.260,361.210
-443698.920,-1172318.980,361.090
-443697.250,-1172323.120,361.360
-443699.610,-1172317.980,361.180
-443699.310,-1172318.710,361.130
-443699.030,-1172319.410,361.150
-443697.010,-1172320.700,361.820
-443696.730,-1172321.390,361.820
-443697.620,-1172319.970,361.710
-443697.080,-1172321.310,361.750
-443696.930,-1172321.680,361.790
-443696.790,-1172322.030,361.730
-443696.650,-1172322.360,361.810
-443798.010,-1172420.460,353.980
-443798.490,-1172418.100,353.780
-443800.020,-1172416.730,353.240
-443770.290,-1172419.450,353.830
-443840.150,-1172359.940,354.430
-443834.450,-1172317.750,349.690
-443842.070,-1172308.500,355.240
-443758.340,-1172335.330,353.450
-443755.980,-1172334.630,354.520
-443755.790,-1172334.540,354.620
-443755.260,-1172329.780,354.660
-443851.650,-1172407.300,357.770
-443849.100,-1172407.120,374.200
-443847.360,-1172407.710,374.360
-443851.370,-1172400.420,374.150
-443851.290,-1172395.960,374.170
-443850.820,-1172395.960,374.360
-443851.210,-1172394.050,374.230
-443850.480,-1172382.830,374.530
-443850.740,-1172379.710,365.400
-443850.430,-1172379.550,373.870
-443850.730,-1172371.750,373.770
-443841.710,-1172379.000,377.510
-443843.570,-1172374.150,374.650
-443840.700,-1172360.760,370.110
-443831.890,-1172361.780,370.710
-443833.360,-1172358.890,373.140
-443827.280,-1172361.710,370.730
-443734.160,-1172426.300,361.700
-443826.170,-1172336.580,371.130
-443826.390,-1172331.270,370.820
-443819.660,-1172310.100,357.330
-443816.010,-1172309.690,357.870
-443798.780,-1172314.020,360.030
-443792.390,-1172317.820,358.900
-443792.820,-1172317.430,358.550
-443792.160,-1172316.720,358.950
-443792.380,-1172316.950,358.810
-443791.910,-1172316.530,359.130
-443791.150,-1172316.130,359.530
-443790.270,-1172315.450,360.050
-443775.710,-1172315.870,360.800
-443774.660,-1172315.330,361.540
-443750.320,-1172320.010,358.500
-443749.780,-1172319.580,358.850
-443749.620,-1172319.350,358.970
-443748.950,-1172318.870,359.370
-443748.510,-1172318.450,359.670
-443747.940,-1172318.090,359.910
-443741.600,-1172323.550,357.550
-443747.030,-1172317.360,360.520
-443746.590,-1172316.970,360.780
-443726.730,-1172321.470,358.090
-443725.780,-1172320.970,358.610
-443744.060,-1172295.780,358.280
-443743.770,-1172293.220,358.620
-443741.410,-1172293.530,358.260
-443740.920,-1172293.150,358.560
-443740.310,-1172292.740,358.910
-443739.310,-1172292.130,359.560
-443722.620,-1172292.480,357.440
-443722.100,-1172292.440,357.630
-443716.670,-1172336.180,360.520
-443715.140,-1172326.780,360.820
-443716.840,-1172321.300,360.330
-443696.690,-1172326.670,360.920
-443697.470,-1172325.950,360.760
-443697.720,-1172325.720,360.680
-443696.680,-1172327.040,360.940
-443696.950,-1172326.790,360.880
-443697.220,-1172326.540,360.810
-443697.460,-1172326.310,360.780
-443696.880,-1172327.450,360.780
-443697.140,-1172327.210,360.700
-443697.600,-1172326.780,360.440
-443696.700,-1172328.130,360.760
-443697.180,-1172327.680,360.530
-443697.140,-1172324.490,361.120
-443697.380,-1172324.270,361.060
-443697.620,-1172324.050,360.990
-443697.880,-1172323.810,360.910
-443698.850,-1172322.920,360.540
-443696.870,-1172325.160,361.120
-443697.130,-1172324.910,361.100
-443697.380,-1172324.690,360.980
-443698.130,-1172323.990,360.780
-443697.710,-1172324.920,360.790
-443696.710,-1172326.230,361.070
-443697.450,-1172325.550,360.800
-443698.260,-1172321.410,361.060
-443698.500,-1172321.190,360.970
-443698.760,-1172320.950,360.910
-443699.000,-1172320.730,360.830
-443699.260,-1172320.490,360.770
-443699.770,-1172320.010,360.620
-443699.990,-1172319.820,360.440
-443696.770,-1172323.180,361.490
-443697.030,-1172322.950,361.370
-443697.760,-1172322.270,361.190
-443698.270,-1172321.800,360.990
-443698.520,-1172321.570,360.940
-443698.780,-1172321.330,360.860
-443697.250,-1172323.370,361.260
-443697.480,-1172323.160,361.170
-443698.260,-1172322.440,360.920
-443698.500,-1172322.220,360.860
-443698.770,-1172321.970,360.770
-443697.060,-1172324.060,361.270
-443697.560,-1172323.600,361.100
-443697.810,-1172323.370,361.040
-443698.310,-1172322.910,360.840
-443698.540,-1172322.690,360.780
-443698.800,-1172322.460,360.740
-443699.030,-1172322.250,360.610
-443696.920,-1172321.670,361.640
-443697.380,-1172321.240,361.460
-443697.660,-1172320.980,361.440
-443698.410,-1172320.290,361.170
-443698.910,-1172319.830,361.020
-443699.160,-1172319.590,360.950
-443699.420,-1172319.360,360.870
-443696.960,-1172322.140,361.590
-443697.210,-1172321.900,361.500
-443697.470,-1172321.660,361.440
-443697.720,-1172321.440,361.350
-443698.200,-1172320.990,361.170
-443700.210,-1172319.140,360.480
-443697.220,-1172322.370,361.350
-443697.480,-1172322.130,361.300
-443697.480,-1172320.070,361.630
-443698.720,-1172318.920,361.250
-443698.980,-1172318.680,361.180
-443699.230,-1172318.450,361.150
-443699.450,-1172318.240,361.030
-443699.730,-1172317.980,360.980
-443699.970,-1172317.770,360.860
-443697.190,-1172320.810,361.640
-443697.430,-1172320.590,361.580
-443697.940,-1172320.120,361.430
-443698.180,-1172319.900,361.360
-443698.680,-1172319.440,361.190
-443699.180,-1172318.980,361.020
-443699.450,-1172318.730,360.990
-443700.200,-1172318.040,360.750
-443700.450,-1172317.810,360.650
-443696.790,-1172320.110,361.980
-443697.060,-1172319.870,361.890
-443697.300,-1172319.640,361.850
-443697.570,-1172319.390,361.760
-443834.690,-1172407.860,354.250
-443801.650,-1172423.750,352.800
-443798.620,-1172418.960,353.630
-443799.690,-1172420.570,353.390
-443769.710,-1172413.270,354.030
-443795.480,-1172383.570,351.850
-443755.660,-1172334.750,354.500
-443756.770,-1172334.110,353.920
-443849.020,-1172407.210,374.390
-443851.130,-1172378.790,373.510
-443841.980,-1172400.570,374.800
-443835.220,-1172409.350,359.920
-443835.690,-1172399.060,374.700
-443840.120,-1172384.920,377.390
-443834.940,-1172375.850,374.710
-443833.430,-1172358.780,373.120
-443826.900,-1172359.600,371.130
-443820.360,-1172310.720,356.850
-443798.210,-1172313.700,360.350
-443793.820,-1172319.010,358.010
-443793.160,-1172318.440,358.390
-443792.210,-1172317.720,358.940
-443790.820,-1172316.500,359.740
-443790.550,-1172315.590,359.850
-443764.660,-1172290.590,357.100
-443743.790,-1172293.710,358.640
-443740.430,-1172292.810,358.880
-443722.740,-1172292.560,357.350
-443722.130,-1172292.240,357.670
-443722.010,-1172292.560,357.580
-443721.600,-1172292.440,357.640
-443716.020,-1172331.850,360.690
-443706.070,-1172324.570,361.040
-443705.960,-1172325.580,360.810
-443697.680,-1172325.690,360.650
-443697.550,-1172326.060,360.660
-443697.180,-1172327.040,360.620
-443697.270,-1172327.470,360.590
-443697.010,-1172328.200,360.650
-443699.670,-1172318.920,360.830
-443699.420,-1172319.590,360.880
-443699.290,-1172319.930,360.870
-443698.920,-1172320.940,360.800
-443698.530,-1172321.990,360.930
-443698.400,-1172322.340,360.930
-443698.150,-1172323.020,360.840
-443697.760,-1172324.060,360.940
-443697.640,-1172324.380,360.920
-443697.260,-1172325.410,360.950
-443696.750,-1172326.800,360.960
-443700.320,-1172317.690,360.710
-443699.560,-1172319.740,360.700
-443698.920,-1172321.470,360.740
-443698.540,-1172322.490,360.780
-443698.420,-1172322.810,360.720
-443698.030,-1172323.860,360.800
-443697.780,-1172324.540,360.710
-443697.520,-1172325.250,360.850
-443697.390,-1172325.590,360.780
-443696.890,-1172326.940,360.850
-443700.190,-1172318.910,360.590
-443700.080,-1172319.230,360.550
-443699.310,-1172321.300,360.590
-443699.080,-1172321.930,360.510
-443698.670,-1172323.020,360.650
-443699.510,-1172318.030,360.930
-443699.370,-1172318.410,361.060
-443699.110,-1172319.110,361.040
-443698.980,-1172319.460,361.070
-443698.470,-1172320.830,361.130
-443698.360,-1172321.120,361.040
-443698.230,-1172321.480,361.140
-443697.980,-1172322.150,361.060
-443697.350,-1172323.840,361.120
-443697.220,-1172324.200,361.100
-443696.970,-1172324.870,361.180
-443696.850,-1172325.180,361.080
-443696.710,-1172325.560,361.100
-443699.780,-1172317.970,360.900
-443699.520,-1172318.660,360.940
-443699.270,-1172319.320,361.000
-443699.150,-1172319.650,360.960
-443699.030,-1172319.980,360.950
-443698.410,-1172321.660,360.980
-443698.020,-1172322.710,361.010
-443697.920,-1172322.980,360.840
-443697.770,-1172323.390,361.000
-443697.500,-1172324.100,361.070
-443697.370,-1172324.450,361.080
-443697.240,-1172324.810,361.080
-443696.880,-1172325.760,360.990
-443699.920,-1172318.250,360.840
-443698.490,-1172319.250,361.330
-443697.980,-1172320.620,361.380
-443697.860,-1172320.950,361.270
-443697.480,-1172321.970,361.310
-443697.220,-1172322.670,361.370
-443696.970,-1172323.360,361.380
-443698.750,-1172319.190,361.150
-443698.480,-1172319.920,361.260
-443698.360,-1172320.220,361.080
-443698.230,-1172320.590,361.210
-443698.100,-1172320.920,361.180
-443697.850,-1172321.610,361.200
-443697.460,-1172322.650,361.320
-443697.360,-1172322.930,361.180
-443697.230,-1172323.270,361.240
-443697.110,-1172323.610,361.200
-443696.870,-1172324.250,361.190
-443697.680,-1172319.330,361.690
-443697.570,-1172319.640,361.680
-443697.420,-1172320.030,361.700
-443697.170,-1172320.700,361.740
-443696.930,-1172321.360,361.680
-443696.800,-1172321.710,361.660
-443696.670,-1172322.050,361.690
-443698.140,-1172319.180,361.530
-443697.890,-1172319.870,361.530
-443697.750,-1172320.230,361.550
-443697.630,-1172320.570,361.530
-443697.500,-1172320.900,361.510
-443697.380,-1172321.220,361.490
-443697.150,-1172321.860,361.410
-443697.010,-1172322.240,361.520
-443696.870,-1172322.620,361.570
-443696.750,-1172322.940,361.570
-443696.990,-1172319.860,361.850
-443696.870,-1172320.180,361.870
-443696.740,-1172320.530,361.910
-443835.050,-1172407.690,354.240
-443769.890,-1172413.320,354.030
-443770.290,-1172417.460,353.840
-443796.000,-1172390.370,351.950
-443708.660,-1172397.790,348.450
-443807.820,-1172319.530,351.620
-443754.690,-1172329.990,354.920
-443755.300,-1172329.480,354.760
-443750.010,-1172335.470,352.610
-443761.090,-1172336.180,352.030
-443835.940,-1172427.660,359.900
-443831.740,-1172420.760,377.820
-443844.300,-1172400.410,375.120
-443849.890,-1172384.710,374.860
-443850.780,-1172382.960,374.420
-443850.080,-1172382.850,374.800
-443834.340,-1172386.330,362.710
-443850.790,-1172372.030,373.450
-443835.050,-1172380.720,374.720
-443827.050,-1172366.080,371.100
-443827.320,-1172360.380,370.750
-443734.630,-1172433.820,361.410
-443826.720,-1172341.470,370.710
-443841.130,-1172307.760,355.880
-443820.070,-1172310.380,357.050
-443819.710,-1172310.160,357.320
-443795.040,-1172319.750,357.500
-443792.690,-1172318.050,358.740
-443791.470,-1172317.200,359.400
-443791.180,-1172316.160,359.440
-443749.650,-1172319.470,358.960
-443748.960,-1172318.830,359.370
-443726.410,-1172321.310,358.240
-443725.250,-1172320.600,358.960
-443741.620,-1172293.650,358.150
-443739.420,-1172292.390,359.450
-443722.740,-1172292.700,357.300
-443696.840,-1172327.080,360.900
-443697.130,-1172326.820,360.790
-443697.110,-1172327.500,360.630
-443697.380,-1172327.270,360.590
-443697.160,-1172328.020,360.560
-443696.970,-1172325.210,361.060
-443697.240,-1172324.970,361.000
-443697.590,-1172325.200,360.790
-443697.170,-1172323.400,361.290
-443697.470,-1172323.140,361.180
-443698.350,-1172322.380,360.970
-443696.950,-1172324.250,361.300
-443698.450,-1172322.960,360.790
-443698.760,-1172322.690,360.670
-443697.650,-1172324.040,360.980
-443698.530,-1172323.290,360.700
-443698.820,-1172323.040,360.610
-443698.760,-1172320.390,360.990
-443699.330,-1172319.890,360.820
-443696.800,-1172322.560,361.580
-443697.090,-1172322.310,361.480
-443697.980,-1172321.550,361.210
-443699.440,-1172320.280,360.760
-443699.770,-1172320.000,360.550
-443696.670,-1172323.320,361.480
-443696.950,-1172323.070,361.380
-443697.230,-1172322.840,361.330
-443697.530,-1172322.570,361.240
-443697.830,-1172322.310,361.110
-443696.970,-1172320.620,361.830
-443697.860,-1172319.850,361.520
-443698.160,-1172319.590,361.440
-443698.450,-1172319.340,361.360
-443699.370,-1172318.550,361.060
-443700.250,-1172317.790,360.780
-443696.710,-1172321.400,361.800
-443697.010,-1172321.150,361.730
-443697.310,-1172320.890,361.640
-443697.610,-1172320.630,361.540
-443698.510,-1172319.860,361.260
-443698.820,-1172319.590,361.150
-443699.410,-1172319.080,361.000
-443699.710,-1172318.830,360.850
-443696.970,-1172321.920,361.560
-443696.890,-1172320.040,361.950
-443697.220,-1172319.760,361.830
-443697.800,-1172319.250,361.650
-443701.350,-1172298.390,358.230
