-443796.550,-1172329.110,351.120
-443850.630,-1172417.440,374.620
-443850.330,-1172414.460,374.720
-443840.880,-1172399.620,374.430
-443835.090,-1172399.200,373.900
-443730.940,-1172318.760,361.240
-443706.810,-1172317.610,360.240
-443718.130,-1172317.380,358.570
-443718.590,-1172319.920,358.830
-443796.450,-1172329.110,351.130
-443709.670,-1172293.240,350.570
-443848.880,-1172416.910,374.220
-443848.620,-1172417.120,374.190
-443848.370,-1172417.340,374.140
-443845.580,-1172406.460,374.260
-443807.610,-1172307.700,357.390
-443718.150,-1172319.240,358.620
-443718.670,-1172319.730,358.850
-443719.040,-1172320.360,358.980
-443823.780,-1172308.040,355.110
-443835.630,-1172355.840,370.610
-443711.660,-1172326.650,360.590
-443707.190,-1172319.300,360.550
-443840.450,-1172427.920,374.790
-443848.440,-1172417.330,374.150
-443847.710,-1172418.440,374.110
-443729.900,-1172295.620,357.600
-443718.930,-1172320.330,358.930
-443717.190,-1172317.700,358.100
-443849.990,-1172393.970,374.710
-443833.810,-1172371.880,356.930
-443802.250,-1172436.310,350.630
-443794.760,-1172412.740,353.570
-443848.870,-1172416.860,374.240
-443839.090,-1172415.470,374.600
-443849.930,-1172394.670,375.010
-443828.700,-1172338.290,370.960
-443716.810,-1172316.670,357.960
