-443776.860,-1172411.320,354.090
-443833.910,-1172399.610,353.910
-443809.560,-1172319.470,351.340
-443740.200,-1172297.660,354.440
-443743.600,-1172336.120,353.300
-443826.410,-1172354.330,362.540
-443850.020,-1172414.630,374.710
-443851.560,-1172392.600,373.800
-443836.280,-1172425.930,373.840
-443836.480,-1172424.650,374.130
-443841.330,-1172411.220,374.080
-443849.360,-1172377.270,374.740
-443835.330,-1172397.000,374.750
-443840.550,-1172383.620,380.800
-443738.910,-1172294.000,359.670
-443730.550,-1172318.650,361.060
-443732.220,-1172319.750,362.040
-443748.200,-1172290.740,358.910
-443802.120,-1172310.840,356.850
-443801.740,-1172310.510,356.540
-443806.440,-1172309.360,358.390
-443807.840,-1172307.980,357.490
-443812.870,-1172307.410,357.630
-443827.810,-1172306.480,356.870
-443701.240,-1172297.590,358.000
-443706.490,-1172316.590,360.080
-443705.030,-1172332.430,360.750
-443716.950,-1172316.740,358.000
-443826.640,-1172436.260,351.070
-443792.860,-1172411.280,353.040
-443768.900,-1172401.600,349.690
-443740.170,-1172297.730,354.470
-443743.400,-1172335.970,353.420
-443751.670,-1172313.360,351.800
-443721.200,-1172327.600,352.430
-443825.970,-1172337.330,357.000
-443830.080,-1172335.820,370.900
-443830.660,-1172353.980,370.960
-443838.480,-1172347.850,370.760
-443839.000,-1172415.360,374.390
-443844.100,-1172407.150,374.820
-443851.690,-1172392.910,373.940
-443851.580,-1172392.600,373.780
-443843.200,-1172392.530,374.310
-443835.310,-1172396.960,374.780
-443840.850,-1172383.350,380.890
-443739.150,-1172297.570,360.120
-443731.360,-1172319.090,361.640
-443780.160,-1172313.690,360.780
-443780.350,-1172314.020,360.930
-443801.510,-1172310.550,356.530
-443806.350,-1172309.320,358.420
-443827.940,-1172306.520,356.910
-443824.310,-1172308.610,355.670
-443824.180,-1172308.280,355.520
-443828.580,-1172306.910,357.350
-443716.810,-1172316.800,357.960
-443717.530,-1172317.120,358.370
-443717.070,-1172317.510,358.110
-443718.510,-1172317.760,358.900
-443718.700,-1172318.030,358.990
-443705.060,-1172332.440,360.750
-443705.940,-1172337.670,361.130
-443796.540,-1172416.870,354.040
-443826.880,-1172438.390,351.340
-443776.800,-1172411.250,354.040
-443848.810,-1172410.040,374.120
-443843.310,-1172392.570,374.300
-443838.370,-1172347.090,370.680
-443838.260,-1172343.230,370.670
-443812.800,-1172306.390,357.470
-443807.690,-1172307.810,357.300
-443732.210,-1172319.770,361.980
-443851.150,-1172423.520,354.160
-443826.820,-1172438.230,351.390
-443846.230,-1172415.180,351.270
-443796.580,-1172416.860,354.130
-443823.890,-1172308.250,355.220
-443744.150,-1172332.230,352.650
-443751.250,-1172313.500,351.810
-443838.670,-1172415.610,374.100
-443851.360,-1172380.070,373.640
-443770.670,-1172429.180,361.800
-443838.510,-1172347.820,370.710
-443829.860,-1172336.170,370.570
-443824.160,-1172308.350,355.490
-443824.350,-1172308.690,355.600
-443828.200,-1172306.540,356.990
-443807.860,-1172307.890,357.500
-443806.710,-1172309.540,358.540
-443802.200,-1172310.900,356.800
-443801.840,-1172310.450,356.580
-443779.900,-1172313.590,360.570
-443718.150,-1172319.130,358.520
-443716.730,-1172316.850,357.820
-443706.590,-1172316.730,360.000
-443701.070,-1172297.810,358.020
-443826.840,-1172438.240,351.480
-443825.940,-1172343.860,354.140
-443847.800,-1172417.540,374.330
-443841.110,-1172407.300,374.850
-443849.660,-1172384.970,374.770
-443843.290,-1172392.540,374.270
-443831.340,-1172419.110,377.780
-443840.710,-1172383.420,380.870
-443838.900,-1172363.340,370.730
-443831.000,-1172360.980,370.760
-443829.930,-1172335.740,370.580
-443827.800,-1172306.470,356.830
-443828.670,-1172306.970,357.360
-443801.750,-1172310.570,356.420
-443731.930,-1172319.560,361.860
-443731.250,-1172319.040,361.420
-443716.960,-1172316.700,358.030
-443826.770,-1172438.640,351.440
-443834.670,-1172388.160,354.250
-443838.250,-1172416.730,374.180
-443841.090,-1172407.310,374.790
-443849.990,-1172394.130,375.030
-443835.020,-1172398.120,371.110
-443770.450,-1172435.910,361.380
-443834.000,-1172373.860,357.000
-443830.890,-1172360.940,370.810
-443824.940,-1172308.910,356.000
-443827.880,-1172306.480,356.820
-443828.440,-1172306.720,357.200
-443806.140,-1172309.170,358.250
-443801.670,-1172310.580,356.510
-443780.120,-1172313.690,360.770
-443768.330,-1172320.090,358.160
-443717.060,-1172317.490,358.060
