-443827.580,-1172382.370,350.140
-443798.080,-1172331.720,350.900
-443844.150,-1172393.430,374.710
-443815.580,-1172433.200,352.250
-443719.510,-1172342.940,352.570
-443718.800,-1172342.970,352.610
-443843.900,-1172432.590,372.050
-443714.270,-1172336.920,360.730
-443837.640,-1172418.780,378.270
-443772.020,-1172321.730,355.650
-443831.090,-1172421.710,348.170
-443830.420,-1172421.800,348.200
-443739.300,-1172411.650,346.990
-443735.970,-1172437.560,354.130
-443736.670,-1172437.490,350.850
-443738.330,-1172437.410,354.360
-443739.480,-1172437.480,354.290
-443739.450,-1172437.490,350.820
-443740.830,-1172437.420,354.010
-443741.960,-1172437.360,354.220
-443744.620,-1172437.190,354.290
-443749.140,-1172436.950,354.380
-443749.760,-1172436.850,354.320
-443751.550,-1172436.800,353.980
-443752.400,-1172436.800,353.980
-443752.740,-1172436.630,354.450
-443753.120,-1172436.840,354.350
-443754.800,-1172436.630,354.050
-443755.480,-1172436.720,354.390
-443757.210,-1172436.600,354.390
-443757.250,-1172436.490,353.980
-443757.200,-1172436.580,350.900
-443758.040,-1172436.690,354.240
-443758.070,-1172436.610,353.970
-443758.340,-1172436.480,350.860
-443760.760,-1172436.260,354.490
-443761.020,-1172436.550,353.900
-443763.360,-1172436.360,350.870
-443775.270,-1172424.820,351.330
-443825.500,-1172351.940,351.950
-443825.640,-1172352.140,352.070
-443836.490,-1172313.470,348.060
-443831.890,-1172314.100,347.280
-443787.720,-1172320.840,354.580
-443720.140,-1172299.550,351.570
-443737.310,-1172297.570,351.880
-443750.890,-1172296.090,354.070
-443750.800,-1172296.340,353.730
-443741.810,-1172325.790,351.510
-443743.240,-1172325.320,352.500
-443743.130,-1172325.640,352.380
-443743.380,-1172325.770,351.710
-443747.690,-1172325.030,351.330
-443785.210,-1172320.450,353.730
-443715.120,-1172299.890,352.020
-443715.000,-1172300.200,351.860
-443714.590,-1172300.110,351.930
-443843.790,-1172432.540,373.590
-443843.520,-1172432.540,369.040
-443840.720,-1172432.840,363.260
-443837.260,-1172421.570,374.470
-443835.020,-1172421.670,374.350
-443832.690,-1172421.550,366.420
-443830.460,-1172421.790,359.720
-443830.480,-1172421.810,368.170
-443830.400,-1172421.380,359.880
-443838.310,-1172366.990,370.080
-443769.540,-1172436.780,360.940
-443768.230,-1172436.930,360.680
-443766.760,-1172436.810,360.890
-443764.040,-1172437.120,360.820
-443761.480,-1172437.010,361.090
-443757.330,-1172437.310,360.640
-443757.850,-1172437.280,360.970
-443755.500,-1172437.390,360.800
-443755.200,-1172437.530,360.730
-443754.600,-1172437.260,360.800
-443750.400,-1172437.700,360.690
-443749.480,-1172437.680,360.760
-443747.930,-1172437.690,360.760
-443747.750,-1172437.580,360.670
-443746.870,-1172437.710,360.820
-443746.160,-1172437.800,360.590
-443745.850,-1172437.830,360.960
-443741.790,-1172437.910,360.910
-443741.880,-1172436.810,357.040
-443741.740,-1172437.200,357.230
-443739.890,-1172438.020,360.770
-443736.150,-1172437.130,357.290
-443735.700,-1172438.400,360.670
-443736.040,-1172437.430,357.170
-443735.810,-1172437.130,357.320
-443715.970,-1172336.560,360.270
-443709.290,-1172337.620,358.360
-443709.020,-1172337.210,358.560
-443709.960,-1172322.930,361.490
-443840.610,-1172432.320,346.690
-443831.030,-1172421.700,348.260
-443830.330,-1172421.690,348.450
-443804.630,-1172433.130,347.420
-443736.910,-1172437.200,354.490
-443739.320,-1172437.400,354.110
-443740.240,-1172437.280,354.400
-443740.580,-1172437.260,354.250
-443741.100,-1172437.290,354.170
-443741.760,-1172437.240,350.890
-443745.450,-1172437.120,353.970
-443751.880,-1172436.910,353.850
-443752.070,-1172436.760,354.240
-443752.790,-1172436.750,354.040
-443757.100,-1172436.580,354.350
-443757.640,-1172436.560,350.880
-443772.950,-1172425.450,353.250
-443760.410,-1172436.400,354.180
-443774.480,-1172425.360,353.060
-443775.150,-1172425.410,352.900
-443760.880,-1172436.450,353.920
-443776.560,-1172425.270,352.920
-443821.010,-1172315.080,349.620
-443743.000,-1172325.630,352.460
-443743.450,-1172325.860,351.740
-443749.880,-1172324.880,351.060
-443844.180,-1172432.520,368.910
-443841.420,-1172419.630,374.440
-443830.350,-1172421.660,359.800
-443844.140,-1172400.530,374.760
-443767.230,-1172436.920,360.700
-443766.730,-1172436.860,360.840
-443763.430,-1172437.070,360.770
-443757.240,-1172437.320,360.760
-443756.100,-1172437.380,360.910
-443755.470,-1172437.420,360.810
-443754.920,-1172437.420,360.820
-443749.150,-1172437.640,360.990
-443747.650,-1172437.700,360.860
-443746.870,-1172437.800,360.760
-443746.130,-1172437.830,360.870
-443745.200,-1172437.930,360.670
-443739.600,-1172438.050,360.890
-443738.820,-1172438.180,360.780
-443738.360,-1172438.170,360.780
-443736.970,-1172438.260,360.800
-443735.490,-1172438.340,360.700
-443832.980,-1172309.030,355.940
-443783.770,-1172319.940,357.350
-443772.010,-1172321.760,355.650
-443770.880,-1172321.950,355.590
-443768.410,-1172294.230,358.330
