-443803.150,-1172436.970,350.930
-443803.580,-1172439.740,351.450
-443805.140,-1172437.590,351.080
-443806.900,-1172433.790,350.310
-443806.790,-1172434.060,351.550
-443807.060,-1172437.350,351.040
-443807.880,-1172436.630,350.900
-443808.180,-1172436.400,350.870
-443806.890,-1172439.700,351.460
-443807.820,-1172439.020,351.340
-443811.180,-1172436.220,350.850
-443811.660,-1172435.010,350.610
-443812.130,-1172433.800,350.450
-443814.060,-1172436.020,350.800
-443818.370,-1172435.280,350.700
-443821.410,-1172435.170,350.710
-443820.820,-1172438.680,351.320
-443821.290,-1172437.480,351.120
-443821.900,-1172435.940,350.870
-443822.020,-1172435.630,350.790
-443822.240,-1172435.060,350.690
-443822.600,-1172434.160,350.540
-443821.630,-1172438.800,351.360
-443823.530,-1172438.770,351.360
-443823.640,-1172438.480,351.320
-443826.660,-1172436.070,350.930
-443799.390,-1172411.400,353.220
-443796.070,-1172413.950,353.970
-443797.060,-1172412.220,353.410
-443795.200,-1172413.080,353.680
-443795.610,-1172413.360,353.750
-443793.780,-1172411.740,353.190
-443788.310,-1172424.010,350.190
-443792.960,-1172410.810,352.900
-443792.580,-1172410.790,352.860
-443826.850,-1172367.210,347.720
-443847.150,-1172301.630,349.330
-443808.390,-1172319.730,351.330
-443722.330,-1172314.680,355.030
-443745.330,-1172332.550,352.960
-443735.900,-1172437.760,361.360
-443739.270,-1172437.240,361.310
-443746.380,-1172437.340,361.420
-443749.690,-1172436.580,361.260
-443765.230,-1172437.180,361.840
-443830.840,-1172337.880,370.560
-443848.500,-1172431.830,374.210
-443849.090,-1172417.000,374.260
-443849.430,-1172399.160,374.340
-443846.090,-1172406.520,374.250
-443845.690,-1172406.420,374.170
-443846.390,-1172384.230,374.280
-443831.200,-1172421.810,377.540
-443838.380,-1172399.500,374.280
-443837.740,-1172399.480,374.290
-443840.520,-1172392.400,374.310
-443840.990,-1172383.170,380.760
-443835.960,-1172355.570,370.600
-443831.330,-1172353.540,370.610
-443707.530,-1172396.340,359.910
-443707.750,-1172397.740,360.290
-443708.270,-1172398.110,360.450
-443708.970,-1172396.370,359.930
-443709.220,-1172395.760,359.720
-443709.400,-1172399.150,360.700
-443710.700,-1172395.880,359.770
-443710.820,-1172395.600,359.700
-443710.950,-1172398.380,360.460
-443711.060,-1172398.100,360.450
-443711.630,-1172397.580,360.260
-443712.100,-1172396.410,359.940
-443718.670,-1172291.240,356.000
-443721.120,-1172293.510,357.780
-443722.770,-1172320.470,359.080
-443737.290,-1172313.180,358.010
-443739.870,-1172318.940,361.980
-443744.920,-1172316.730,360.990
-443760.670,-1172294.890,359.200
-443768.460,-1172293.760,358.800
-443773.660,-1172293.640,359.110
-443767.580,-1172315.600,361.730
-443783.290,-1172313.980,361.120
-443797.650,-1172306.670,357.530
-443803.410,-1172311.520,357.560
-443827.360,-1172308.870,356.080
-443830.820,-1172306.720,357.410
-443832.100,-1172306.590,357.450
-443706.920,-1172316.570,360.130
-443710.390,-1172316.160,360.050
-443708.400,-1172320.230,360.680
-443711.630,-1172316.070,360.190
-443710.950,-1172319.630,360.630
-443710.720,-1172321.770,362.130
-443711.770,-1172326.730,360.550
-443717.090,-1172317.810,358.120
-443714.060,-1172326.390,360.530
-443716.940,-1172319.270,358.560
-443717.070,-1172318.960,358.470
-443717.300,-1172318.370,358.290
-443719.130,-1172320.500,359.050
-443713.260,-1172336.650,361.080
-443807.870,-1172435.170,350.670
-443804.920,-1172438.460,351.280
-443804.460,-1172439.780,351.510
-443808.820,-1172438.140,351.230
-443808.580,-1172438.350,351.270
-443809.250,-1172439.610,351.500
-443813.980,-1172436.070,350.870
-443810.060,-1172439.380,351.460
-443814.550,-1172439.010,351.390
-443818.730,-1172436.370,350.940
-443822.620,-1172434.170,350.590
-443822.380,-1172434.380,350.600
-443821.390,-1172435.220,350.750
-443821.130,-1172435.430,350.790
-443822.070,-1172435.350,350.790
-443821.840,-1172435.550,350.810
-443821.900,-1172435.980,350.910
-443821.680,-1172436.170,350.950
-443823.400,-1172436.610,351.030
-443823.320,-1172437.150,351.110
-443825.950,-1172436.270,350.990
-443825.050,-1172438.100,351.330
-443826.540,-1172438.440,351.410
-443826.520,-1172438.920,351.480
-443797.730,-1172412.130,353.460
-443797.200,-1172412.080,353.420
-443795.730,-1172413.320,353.940
-443798.100,-1172410.200,352.810
-443794.950,-1172412.860,353.690
-443796.600,-1172410.560,352.900
-443794.630,-1172412.240,353.470
-443794.110,-1172410.220,352.930
-443788.750,-1172421.060,350.230
-443791.010,-1172417.830,349.950
-443825.690,-1172352.920,347.360
-443812.890,-1172375.430,348.300
-443743.690,-1172336.110,353.480
-443828.650,-1172338.030,370.640
-443744.500,-1172437.010,361.340
-443752.330,-1172436.820,361.380
-443836.430,-1172366.550,370.750
-443835.930,-1172366.980,371.140
-443755.120,-1172436.790,361.410
-443846.000,-1172427.570,374.790
-443847.610,-1172418.540,374.200
-443845.660,-1172415.080,374.270
-443839.860,-1172418.510,377.530
-443840.080,-1172413.540,374.770
-443848.130,-1172399.340,374.430
-443845.470,-1172399.200,374.310
-443840.490,-1172381.450,377.530
-443840.250,-1172381.660,377.580
-443710.690,-1172395.930,359.840
-443707.140,-1172400.440,361.120
-443718.540,-1172290.960,355.970
-443720.670,-1172294.400,358.310
-443736.950,-1172291.870,359.790
-443738.630,-1172291.750,359.860
-443739.270,-1172291.620,359.860
-443740.880,-1172291.350,359.640
-443758.060,-1172295.060,359.230
-443730.300,-1172318.310,360.950
-443738.340,-1172312.880,358.030
-443734.770,-1172319.390,362.040
-443769.200,-1172294.280,359.180
-443770.620,-1172293.550,358.850
-443772.330,-1172293.900,359.160
-443773.740,-1172293.610,359.160
-443774.940,-1172293.420,359.160
-443770.680,-1172315.300,361.900
-443789.010,-1172307.250,357.280
-443783.440,-1172313.970,361.210
-443797.480,-1172306.450,357.390
-443805.780,-1172308.880,358.020
-443818.270,-1172309.850,357.570
-443832.270,-1172306.590,357.530
-443706.940,-1172316.640,360.160
-443706.690,-1172316.470,360.080
-443709.140,-1172316.350,360.190
-443711.850,-1172316.090,360.220
-443707.900,-1172319.390,360.590
-443716.560,-1172317.010,357.910
-443717.430,-1172318.200,358.300
-443717.080,-1172317.880,358.180
-443717.030,-1172319.000,358.530
-443851.620,-1172301.350,349.360
-443794.650,-1172412.480,353.420
-443794.350,-1172410.550,352.760
-443794.970,-1172412.910,353.530
-443796.790,-1172414.560,354.170
-443797.580,-1172410.970,352.960
-443797.210,-1172411.910,353.310
-443797.090,-1172412.220,353.380
-443799.690,-1172410.330,352.800
-443806.790,-1172403.400,348.020
-443812.940,-1172435.500,350.740
-443815.860,-1172437.370,351.070
-443819.340,-1172437.550,351.120
-443821.160,-1172435.390,350.760
-443822.610,-1172434.130,350.500
-443822.130,-1172435.440,350.790
-443823.690,-1172437.070,351.060
-443824.600,-1172437.490,351.160
-443824.090,-1172438.870,351.360
-443824.370,-1172436.610,350.980
-443826.640,-1172439.050,351.450
-443771.630,-1172411.220,349.570
-443774.180,-1172425.010,353.610
-443792.720,-1172410.620,352.740
-443793.000,-1172411.130,352.990
-443788.400,-1172424.100,350.120
-443850.750,-1172370.710,349.390
-443835.030,-1172302.900,351.410
-443743.340,-1172335.700,353.190
-443849.570,-1172431.840,374.180
-443851.640,-1172424.250,357.020
-443846.980,-1172431.940,374.230
-443847.630,-1172418.650,374.110
-443852.100,-1172400.980,374.070
-443845.590,-1172414.880,374.150
-443851.670,-1172398.180,373.870
-443848.670,-1172406.440,374.180
-443851.500,-1172392.730,373.680
-443838.790,-1172421.690,377.580
-443838.900,-1172421.390,377.470
-443846.390,-1172384.230,374.280
-443830.810,-1172419.550,377.600
-443843.590,-1172385.040,374.640
-443830.350,-1172418.080,368.110
-443830.240,-1172418.380,368.220
-443838.650,-1172366.460,370.710
-443838.070,-1172366.470,370.730
-443766.710,-1172436.530,361.400
-443756.170,-1172437.030,361.420
-443754.600,-1172436.530,361.260
-443737.320,-1172438.350,361.870
-443711.100,-1172398.070,360.280
-443711.650,-1172397.250,360.150
-443711.250,-1172398.220,360.420
-443711.110,-1172398.550,360.530
-443710.680,-1172395.850,359.740
-443709.060,-1172399.750,360.810
-443709.810,-1172396.090,359.810
-443709.240,-1172395.690,359.720
-443708.190,-1172398.220,360.460
-443707.280,-1172397.250,360.130
-443797.520,-1172306.520,357.390
-443791.000,-1172313.220,361.050
-443768.580,-1172315.480,361.760
-443765.750,-1172316.150,362.260
-443773.640,-1172293.610,359.060
-443773.230,-1172293.190,358.810
-443760.600,-1172294.780,359.230
-443735.280,-1172319.400,361.930
-443741.970,-1172291.240,359.660
-443741.270,-1172291.300,359.620
-443728.380,-1172295.760,357.510
-443719.180,-1172294.580,358.160
-443718.440,-1172319.450,358.610
-443714.920,-1172326.340,360.560
-443709.770,-1172336.990,360.940
-443709.270,-1172336.830,360.930
-443717.460,-1172318.220,358.210
-443709.850,-1172321.930,362.120
-443711.440,-1172316.300,360.150
-443707.870,-1172319.380,360.520
-443708.800,-1172316.480,360.110
-443714.620,-1172295.210,358.140
-443707.010,-1172316.700,360.120
-443707.970,-1172296.640,358.600
-443851.220,-1172430.380,354.160
-443826.630,-1172437.480,351.170
-443824.060,-1172438.810,351.370
-443825.160,-1172437.830,351.240
-443823.750,-1172438.290,351.280
-443822.860,-1172438.400,351.480
-443821.610,-1172438.790,351.340
-443821.830,-1172437.700,351.140
-443822.120,-1172437.440,351.110
-443825.120,-1172434.790,350.640
-443819.980,-1172438.350,351.260
-443821.960,-1172435.220,350.700
-443814.540,-1172439.730,351.480
-443813.670,-1172438.430,351.240
-443809.510,-1172439.090,351.320
-443810.190,-1172436.390,350.860
-443804.660,-1172439.570,351.420
-443807.950,-1172436.650,350.880
-443808.220,-1172436.410,350.870
-443798.090,-1172412.040,353.380
-443803.430,-1172407.250,348.170
-443797.950,-1172411.810,353.300
-443793.850,-1172410.190,352.560
-443794.570,-1172412.120,353.330
-443798.000,-1172410.400,352.800
-443790.570,-1172424.280,350.210
-443787.180,-1172417.880,349.890
-443793.800,-1172411.940,353.260
-443808.530,-1172319.700,351.310
-443823.170,-1172303.560,351.960
-443743.700,-1172336.120,353.480
-443849.000,-1172416.830,374.130
-443847.450,-1172418.670,374.210
-443846.410,-1172415.030,374.160
-443848.160,-1172406.550,374.210
-443851.930,-1172400.750,373.930
-443830.230,-1172418.280,368.180
-443849.440,-1172399.230,374.290
-443848.480,-1172399.210,374.300
-443843.600,-1172399.560,374.380
-443839.470,-1172399.410,374.250
-443838.360,-1172399.480,374.260
-443849.470,-1172377.190,374.950
-443840.490,-1172381.440,377.480
-443770.410,-1172436.120,361.330
-443756.330,-1172437.090,361.460
-443833.260,-1172367.100,371.100
-443753.810,-1172436.390,361.230
-443835.900,-1172355.640,370.580
-443743.610,-1172437.160,360.970
-443711.180,-1172398.120,360.440
-443710.610,-1172395.860,359.700
-443708.040,-1172397.280,360.160
-443827.400,-1172308.880,356.100
-443802.260,-1172310.580,356.740
-443797.460,-1172306.510,357.390
-443785.740,-1172313.640,361.120
-443788.990,-1172307.400,357.280
-443745.260,-1172316.700,360.970
-443767.190,-1172294.320,359.130
-443765.640,-1172291.580,358.700
-443760.710,-1172294.770,359.160
-443730.930,-1172318.650,361.180
-443730.510,-1172318.430,360.960
-443718.530,-1172292.330,356.780
-443714.690,-1172336.500,360.960
-443718.560,-1172320.130,358.860
-443717.640,-1172318.660,358.360
-443717.840,-1172318.850,358.450
-443718.080,-1172317.390,358.510
-443717.450,-1172318.420,358.300
-443717.200,-1172316.900,358.140
-443716.920,-1172317.580,358.030
-443714.320,-1172315.730,357.510
-443710.880,-1172319.860,360.640
-443709.800,-1172319.900,360.610
-443709.470,-1172316.350,360.170
-443707.100,-1172319.380,360.560
-443706.840,-1172316.500,359.960
-443707.940,-1172296.670,358.540
-443826.720,-1172438.850,351.510
-443826.570,-1172438.930,351.550
-443813.090,-1172434.510,350.600
-443812.700,-1172435.540,350.780
-443808.670,-1172436.840,351.050
-443807.210,-1172435.730,350.770
-443786.840,-1172417.830,349.900
-443792.860,-1172410.870,352.970
-443791.460,-1172423.860,350.130
-443844.930,-1172432.090,374.190
-443847.640,-1172418.570,374.190
-443842.430,-1172432.140,374.770
-443848.640,-1172406.730,374.350
-443843.500,-1172399.520,374.430
-443842.420,-1172399.410,374.390
-443835.240,-1172337.650,370.600
-443746.330,-1172437.340,361.380
-443812.340,-1172309.040,358.750
-443789.010,-1172307.220,357.410
-443770.650,-1172293.930,359.030
-443740.030,-1172291.460,359.770
-443723.320,-1172320.380,359.190
-443721.190,-1172293.550,357.770
-443719.430,-1172294.500,358.230
-443718.370,-1172319.640,358.730
-443717.500,-1172318.370,358.340
-443708.500,-1172337.050,361.030
-443714.070,-1172319.420,360.610
-443713.150,-1172319.540,360.600
-443708.410,-1172316.390,360.270
-443715.140,-1172295.080,358.140
-443715.790,-1172294.920,358.210
-443703.620,-1172295.210,358.080
-443851.690,-1172301.350,349.350
-443826.480,-1172438.890,351.470
-443824.680,-1172437.460,351.190
-443821.790,-1172438.560,351.370
-443823.200,-1172437.380,351.170
-443823.500,-1172437.130,351.110
-443819.980,-1172438.350,351.280
-443820.260,-1172438.120,351.260
-443824.000,-1172435.000,350.730
-443824.340,-1172434.220,350.600
-443821.910,-1172435.570,350.830
-443818.650,-1172436.470,350.940
-443818.950,-1172436.220,350.910
-443815.810,-1172437.240,351.080
-443819.290,-1172434.350,350.540
-443812.720,-1172435.490,350.760
-443808.800,-1172438.080,351.190
-443813.050,-1172434.550,350.580
-443806.730,-1172438.320,351.240
-443808.710,-1172435.110,350.680
-443793.970,-1172410.540,352.840
-443794.060,-1172411.550,353.200
-443794.570,-1172412.060,353.370
-443794.680,-1172411.590,353.190
-443806.770,-1172403.410,348.000
-443794.590,-1172412.430,353.490
-443798.240,-1172411.630,353.280
-443799.750,-1172410.400,352.910
-443797.690,-1172412.570,353.590
-443796.700,-1172414.490,354.260
-443789.740,-1172424.120,350.190
-443787.410,-1172424.240,350.250
-443793.090,-1172411.270,353.040
-443793.760,-1172411.790,353.290
-443787.200,-1172417.690,349.860
-443840.390,-1172432.090,374.250
-443848.580,-1172417.510,374.250
-443849.120,-1172417.060,374.310
-443847.560,-1172418.690,374.280
-443831.250,-1172419.000,377.580
-443852.000,-1172400.830,374.130
-443849.270,-1172399.130,374.340
-443845.590,-1172399.340,374.410
-443843.460,-1172399.520,374.470
-443842.470,-1172399.470,374.400
-443834.040,-1172391.790,359.780
-443836.960,-1172366.910,371.160
-443744.500,-1172436.970,361.330
-443830.480,-1172336.160,370.850
-443710.390,-1172398.420,360.480
-443709.340,-1172398.850,360.590
-443709.920,-1172397.790,360.370
-443711.920,-1172396.130,359.900
-443708.280,-1172398.090,360.430
-443812.980,-1172306.540,357.710
-443789.090,-1172307.460,357.450
-443770.680,-1172315.180,361.800
-443773.930,-1172293.160,358.850
-443767.430,-1172293.790,358.830
-443759.790,-1172295.000,359.280
-443731.280,-1172318.790,361.400
-443730.920,-1172318.660,361.250
-443730.520,-1172318.380,361.040
-443718.810,-1172291.060,355.930
-443709.010,-1172337.310,361.070
-443709.280,-1172337.080,361.060
-443707.210,-1172337.150,360.890
-443717.770,-1172318.720,358.430
-443717.040,-1172318.780,358.440
-443708.430,-1172320.130,360.690
-443709.280,-1172316.380,360.210
-443710.340,-1172316.130,360.190
-443707.030,-1172316.560,360.160
-443707.580,-1172316.610,360.230
-443714.650,-1172295.050,358.210
