-443852.480,-1172301.250,349.370
-443852.710,-1172301.320,349.300
-443803.030,-1172437.280,351.000
-443803.450,-1172436.770,350.920
-443803.620,-1172435.790,350.750
-443804.670,-1172434.810,350.550
-443804.180,-1172436.800,350.860
-443804.050,-1172438.540,351.250
-443804.640,-1172439.530,351.420
-443806.680,-1172434.350,351.580
-443806.770,-1172434.110,350.420
-443807.590,-1172437.900,351.160
-443808.660,-1172435.180,350.660
-443807.470,-1172438.210,351.190
-443808.330,-1172437.050,350.980
-443810.870,-1172432.670,349.250
-443810.160,-1172436.420,350.870
-443811.610,-1172433.590,350.330
-443809.720,-1172438.390,351.220
-443811.010,-1172439.600,351.460
-443812.420,-1172436.020,350.810
-443812.650,-1172435.440,350.700
-443812.890,-1172434.800,350.590
-443813.950,-1172433.530,350.350
-443811.890,-1172439.550,351.440
-443814.700,-1172433.530,350.410
-443814.650,-1172435.710,350.770
-443813.430,-1172439.430,351.450
-443817.500,-1172433.480,350.420
-443816.080,-1172437.090,351.050
-443816.440,-1172436.180,350.860
-443817.300,-1172434.840,350.630
-443817.790,-1172434.660,350.600
-443818.150,-1172433.740,351.540
-443818.470,-1172433.430,350.370
-443817.160,-1172436.760,350.950
-443817.990,-1172434.660,350.570
-443818.040,-1172438.080,351.200
-443818.630,-1172436.570,350.930
-443819.940,-1172433.250,350.290
-443820.640,-1172433.460,350.370
-443821.140,-1172433.420,350.450
-443821.800,-1172433.330,350.380
-443821.410,-1172437.190,351.080
-443822.210,-1172437.340,351.110
-443824.570,-1172433.290,350.420
-443822.960,-1172438.240,351.260
-443822.990,-1172438.960,351.410
-443826.020,-1172436.350,350.980
-443806.730,-1172403.470,347.970
-443806.430,-1172403.380,347.970
-443803.790,-1172407.140,348.180
-443800.440,-1172410.410,352.890
-443799.850,-1172410.920,353.060
-443798.410,-1172412.610,353.590
-443798.520,-1172412.310,353.480
-443799.860,-1172410.200,352.810
-443797.840,-1172413.040,353.710
-443797.950,-1172412.750,353.640
-443798.420,-1172411.550,353.240
-443798.660,-1172410.950,353.020
-443797.640,-1172411.860,353.290
-443798.100,-1172410.690,352.900
-443798.210,-1172410.400,352.830
-443796.880,-1172414.400,354.150
-443796.990,-1172414.120,354.060
-443797.570,-1172412.650,353.560
-443798.170,-1172411.120,353.030
-443798.400,-1172410.540,352.840
-443796.180,-1172413.660,353.910
-443796.650,-1172412.470,353.510
-443796.760,-1172412.180,353.390
-443796.880,-1172411.870,353.300
-443797.230,-1172411.000,352.980
-443797.350,-1172410.680,352.920
-443796.360,-1172414.020,354.000
-443797.170,-1172411.950,353.320
-443797.640,-1172410.770,352.890
-443796.700,-1172414.250,354.100
-443796.810,-1172413.960,354.020
-443795.870,-1172413.490,353.910
-443796.450,-1172412.020,353.410
-443796.810,-1172411.090,353.020
-443796.930,-1172410.800,352.910
-443797.170,-1172410.180,352.740
-443795.660,-1172411.910,353.270
-443795.790,-1172411.590,353.140
-443795.900,-1172411.300,353.060
-443796.140,-1172410.700,352.850
-443796.270,-1172410.370,352.750
-443796.790,-1172410.350,352.780
-443796.900,-1172410.060,352.710
-443794.350,-1172412.280,353.380
-443794.580,-1172411.690,353.200
-443794.690,-1172411.390,353.140
-443795.040,-1172410.500,352.820
-443794.640,-1172412.340,353.390
-443795.330,-1172410.590,352.840
-443794.890,-1172412.780,353.580
-443795.020,-1172412.470,353.480
-443795.730,-1172410.660,352.870
-443795.840,-1172410.380,352.810
-443793.710,-1172411.000,352.960
-443793.900,-1172411.440,353.120
-443794.150,-1172410.820,352.920
-443794.060,-1172411.920,353.270
-443734.710,-1172423.770,347.590
-443736.420,-1172423.420,347.560
-443736.540,-1172423.110,347.560
-443736.250,-1172423.060,347.490
-443738.930,-1172423.290,347.550
-443739.040,-1172423.010,347.510
-443743.910,-1172422.890,347.520
-443744.140,-1172422.970,347.540
-443751.640,-1172422.660,347.550
-443754.470,-1172422.430,347.550
-443770.990,-1172409.860,349.520
-443771.230,-1172409.250,349.310
-443771.450,-1172409.370,349.360
-443771.570,-1172409.090,349.270
-443771.020,-1172411.280,349.650
-443771.490,-1172410.080,349.570
-443771.730,-1172409.480,349.380
-443771.830,-1172409.200,349.250
-443772.010,-1172409.830,349.560
-443772.430,-1172409.830,349.520
-443771.630,-1172425.630,354.080
-443772.270,-1172425.020,353.660
-443772.570,-1172425.450,354.040
-443773.660,-1172425.300,354.020
-443773.980,-1172425.570,354.020
-443791.580,-1172424.490,350.290
-443790.110,-1172423.950,350.160
-443791.910,-1172417.450,349.790
-443791.080,-1172417.730,349.880
-443793.310,-1172411.190,353.010
-443793.430,-1172410.880,352.930
-443789.950,-1172417.560,349.800
-443788.960,-1172417.570,349.800
-443786.130,-1172424.060,350.120
-443785.720,-1172424.150,350.110
-443785.770,-1172417.920,349.820
-443785.350,-1172418.100,349.880
-443833.450,-1172391.900,346.560
-443711.340,-1172403.420,352.240
-443710.570,-1172403.460,352.240
-443710.090,-1172403.530,352.250
-443709.410,-1172403.240,352.150
-443708.960,-1172403.430,352.250
-443708.510,-1172403.460,352.270
-443847.980,-1172301.500,349.350
-443849.870,-1172301.510,349.340
-443799.530,-1172323.970,350.960
-443796.410,-1172331.050,349.630
-443722.140,-1172314.650,355.010
-443748.790,-1172335.270,352.650
-443719.370,-1172328.610,352.600
-443717.560,-1172328.470,352.620
-443735.530,-1172437.600,361.330
-443736.760,-1172437.850,361.430
-443736.870,-1172437.560,361.330
-443738.050,-1172437.640,361.370
-443738.170,-1172437.350,361.340
-443737.600,-1172437.760,361.400
-443738.730,-1172437.570,361.360
-443739.150,-1172437.530,361.350
-443740.040,-1172437.590,361.420
-443739.730,-1172437.420,361.350
-443741.540,-1172437.610,361.440
-443741.660,-1172437.310,361.330
-443742.700,-1172438.290,361.860
-443742.190,-1172438.160,361.850
-443744.190,-1172437.380,361.390
-443744.310,-1172437.080,361.310
-443744.930,-1172437.390,361.380
-443745.060,-1172437.070,361.320
-443745.370,-1172437.360,361.400
-443745.890,-1172437.140,361.340
-443746.570,-1172437.770,361.850
-443746.790,-1172437.210,361.390
-443746.910,-1172436.910,361.320
-443747.200,-1172437.180,361.380
-443747.990,-1172437.200,361.380
-443748.070,-1172437.680,361.830
-443748.290,-1172437.140,361.370
-443748.370,-1172437.810,361.830
-443748.600,-1172437.240,361.400
-443749.440,-1172438.070,361.940
-443750.210,-1172437.070,361.370
-443750.570,-1172437.060,361.390
-443751.280,-1172437.100,361.400
-443751.380,-1172436.840,361.320
-443751.820,-1172437.820,361.880
-443752.670,-1172436.970,361.380
-443753.530,-1172437.630,361.860
-443753.970,-1172437.630,361.850
-443754.580,-1172436.770,361.360
-443754.940,-1172437.640,361.820
-443755.300,-1172436.740,361.350
-443755.420,-1172436.440,361.290
-443755.700,-1172436.950,361.390
-443757.350,-1172436.820,361.380
-443757.670,-1172436.790,361.390
-443759.040,-1172436.720,361.370
-443758.530,-1172436.740,361.390
-443759.410,-1172436.660,361.400
-443759.520,-1172436.380,361.310
-443760.670,-1172436.760,361.420
-443760.560,-1172436.340,361.280
-443761.470,-1172436.600,361.390
-443762.260,-1172436.580,361.390
-443762.380,-1172436.270,361.320
-443763.380,-1172436.450,361.350
-443763.010,-1172436.430,361.370
-443764.080,-1172436.480,361.360
-443763.450,-1172437.110,361.840
-443764.710,-1172436.160,361.290
-443765.100,-1172436.490,361.410
-443766.250,-1172436.450,361.400
-443765.950,-1172436.270,361.340
-443767.400,-1172436.360,361.380
-443767.060,-1172436.270,361.340
-443769.030,-1172436.130,361.360
-443770.070,-1172436.210,361.360
-443769.300,-1172436.360,361.380
-443830.310,-1172335.990,370.770
-443830.610,-1172336.090,370.840
-443847.150,-1172432.090,374.750
-443846.380,-1172431.960,374.200
-443844.910,-1172431.980,374.220
-443848.460,-1172417.670,374.260
-443848.250,-1172414.960,374.240
-443845.110,-1172421.230,374.810
-443847.910,-1172414.980,374.200
-443840.430,-1172432.270,374.270
-443839.810,-1172432.200,374.230
-443846.580,-1172414.990,374.240
-443846.060,-1172415.130,374.280
-443848.910,-1172406.610,374.340
-443844.080,-1172415.720,374.860
-443851.440,-1172392.910,373.840
-443848.140,-1172399.210,374.310
-443847.800,-1172399.260,374.300
-443838.390,-1172421.270,377.470
-443847.410,-1172399.220,374.300
-443839.070,-1172418.770,377.500
-443846.500,-1172399.150,374.260
-443837.650,-1172421.630,377.540
-443837.760,-1172421.340,377.490
-443846.000,-1172399.320,374.340
-443845.520,-1172399.420,374.380
-443845.630,-1172399.140,374.260
-443839.010,-1172415.030,374.300
-443844.840,-1172399.470,374.360
-443843.800,-1172399.340,374.310
-443843.420,-1172399.460,374.330
-443848.800,-1172384.560,375.810
-443842.160,-1172399.420,374.300
-443846.680,-1172384.090,374.250
-443840.340,-1172399.630,374.380
-443839.180,-1172399.450,374.320
-443838.790,-1172399.640,374.360
-443837.990,-1172399.700,374.390
-443837.410,-1172399.660,374.380
-443843.240,-1172384.830,374.240
-443836.890,-1172399.680,374.390
-443836.530,-1172399.560,374.330
-443841.190,-1172377.990,383.630
-443841.200,-1172377.980,381.480
-443842.980,-1172373.520,374.630
-443840.360,-1172377.380,374.690
-443839.800,-1172378.310,374.260
-443835.850,-1172381.400,374.310
-443836.060,-1172381.470,374.330
-443837.840,-1172366.490,370.740
-443838.470,-1172366.450,370.770
-443836.510,-1172355.570,370.640
-443831.800,-1172360.160,373.260
-443830.820,-1172353.590,370.610
-443706.620,-1172395.410,359.660
-443706.820,-1172396.090,359.850
-443707.180,-1172395.190,359.520
-443707.290,-1172394.900,359.530
-443706.860,-1172396.680,360.020
-443707.210,-1172395.810,359.740
-443706.630,-1172398.070,360.420
-443706.760,-1172397.760,360.330
-443707.470,-1172395.980,359.810
-443707.700,-1172395.400,359.640
-443707.810,-1172395.120,359.510
-443706.590,-1172398.690,360.570
-443706.700,-1172398.400,360.520
-443706.930,-1172397.840,360.300
-443707.050,-1172397.540,360.220
-443707.170,-1172397.240,360.170
-443707.290,-1172396.950,360.080
-443707.410,-1172396.640,360.000
-443707.650,-1172396.040,359.840
-443707.890,-1172395.440,359.650
-443708.000,-1172395.160,359.600
-443706.530,-1172399.920,360.900
-443707.120,-1172398.430,360.530
-443708.310,-1172395.480,359.700
-443706.820,-1172400.080,360.980
-443707.050,-1172399.500,360.820
-443707.170,-1172399.190,360.730
-443707.280,-1172398.910,360.650
-443707.410,-1172398.600,360.580
-443708.120,-1172396.830,360.060
-443708.240,-1172396.520,359.980
-443708.360,-1172396.220,359.870
-443708.480,-1172395.930,359.770
-443708.700,-1172395.370,359.650
-443707.270,-1172399.840,360.900
-443707.390,-1172399.550,360.800
-443707.610,-1172398.980,360.650
-443707.730,-1172398.680,360.600
-443707.850,-1172398.380,360.490
-443708.080,-1172397.810,360.360
-443708.320,-1172397.210,360.140
-443709.030,-1172395.430,359.680
-443709.160,-1172395.120,359.560
-443707.330,-1172400.460,361.050
-443707.460,-1172400.160,361.010
-443707.690,-1172399.560,360.850
-443707.810,-1172399.270,360.760
-443707.930,-1172398.970,360.690
-443708.040,-1172398.680,360.580
-443708.160,-1172398.410,360.470
-443708.510,-1172397.530,360.250
-443709.330,-1172395.480,359.660
-443709.440,-1172395.190,359.600
-443709.570,-1172394.880,359.560
-443710.020,-1172395.970,359.780
-443708.040,-1172399.890,360.910
-443708.160,-1172399.600,360.820
-443708.290,-1172399.290,360.790
-443708.990,-1172397.520,360.260
-443709.120,-1172397.210,360.160
-443709.230,-1172396.940,360.090
-443709.340,-1172396.670,360.010
-443709.800,-1172395.500,359.650
-443709.930,-1172395.190,359.550
-443708.690,-1172400.190,361.000
-443708.810,-1172399.890,360.880
-443709.300,-1172398.680,360.550
-443709.410,-1172398.400,360.480
-443709.890,-1172397.210,360.150
-443710.000,-1172396.920,360.070
-443710.120,-1172396.620,359.990
-443710.240,-1172396.330,359.900
-443710.360,-1172396.010,359.820
-443708.600,-1172399.520,360.810
-443708.710,-1172399.240,360.710
-443708.820,-1172398.950,360.640
-443708.950,-1172398.640,360.540
-443709.070,-1172398.340,360.480
-443709.180,-1172398.060,360.390
-443709.540,-1172397.160,360.100
-443709.930,-1172398.860,360.590
-443710.050,-1172398.560,360.520
-443710.400,-1172397.680,360.300
-443710.520,-1172397.390,360.190
-443710.640,-1172397.080,360.120
-443710.880,-1172396.470,359.960
-443711.000,-1172396.180,359.860
-443711.120,-1172395.880,359.750
-443708.920,-1172400.330,361.030
-443709.040,-1172400.030,360.970
-443709.280,-1172399.440,360.740
-443709.510,-1172398.870,360.600
-443709.750,-1172398.260,360.430
-443709.880,-1172397.950,360.350
-443710.120,-1172397.350,360.210
-443710.230,-1172397.060,360.150
-443710.460,-1172396.500,359.900
-443710.230,-1172400.170,360.990
-443710.360,-1172399.860,360.880
-443710.480,-1172399.560,360.820
-443710.590,-1172399.290,360.710
-443710.830,-1172398.680,360.580
-443711.170,-1172397.820,360.300
-443711.290,-1172397.520,360.240
-443711.400,-1172397.250,360.140
-443711.520,-1172396.950,360.080
-443711.640,-1172396.660,359.960
-443711.870,-1172396.060,359.850
-443711.990,-1172395.780,359.770
-443712.110,-1172395.470,359.700
-443710.010,-1172399.600,360.830
-443710.130,-1172399.310,360.700
-443710.240,-1172399.020,360.650
-443710.360,-1172398.730,360.570
-443710.480,-1172398.440,360.520
-443710.710,-1172397.850,360.340
-443710.950,-1172397.270,360.150
-443711.180,-1172396.670,360.010
-443711.660,-1172395.490,359.650
-443711.780,-1172395.180,359.580
-443711.180,-1172399.920,360.920
-443711.520,-1172399.070,360.690
-443711.870,-1172398.190,360.430
-443712.000,-1172397.870,360.350
-443712.120,-1172397.560,360.260
-443710.450,-1172400.540,361.070
-443710.690,-1172399.940,360.920
-443710.810,-1172399.650,360.820
-443710.920,-1172399.360,360.760
-443711.040,-1172399.060,360.650
-443711.170,-1172398.750,360.600
-443711.400,-1172398.160,360.440
-443711.520,-1172397.860,360.350
-443711.760,-1172397.270,360.190
-443711.870,-1172396.980,360.090
-443711.990,-1172396.700,360.010
-443712.210,-1172396.140,359.880
-443712.450,-1172395.540,359.690
-443711.720,-1172400.510,361.050
-443711.830,-1172400.230,360.980
-443711.700,-1172400.070,360.930
-443711.820,-1172399.770,360.890
-443711.950,-1172399.460,360.780
-443712.050,-1172399.190,360.730
-443712.170,-1172398.900,360.600
-443712.530,-1172397.990,360.400
-443711.470,-1172399.990,360.930
-443711.590,-1172399.690,360.800
-443711.710,-1172399.380,360.760
-443711.830,-1172399.080,360.690
-443711.960,-1172398.770,360.560
-443712.080,-1172398.470,360.500
-443712.190,-1172398.180,360.430
-443712.300,-1172397.910,360.360
-443712.280,-1172400.040,360.950
-443712.410,-1172399.730,360.830
-443722.540,-1172296.430,357.700
-443721.500,-1172315.360,357.470
-443736.250,-1172291.910,359.700
-443743.480,-1172291.140,360.380
-443744.630,-1172290.700,360.330
-443744.760,-1172290.390,360.240
-443736.130,-1172313.160,357.990
-443738.470,-1172312.980,358.000
-443738.940,-1172312.680,357.980
-443742.590,-1172317.000,361.080
-443745.500,-1172316.680,361.020
-443757.180,-1172295.430,359.280
-443757.520,-1172295.720,359.300
-443760.170,-1172295.150,359.250
-443767.040,-1172294.240,359.110
-443769.100,-1172294.250,359.120
-443769.470,-1172294.450,359.160
-443769.580,-1172294.160,359.140
-443771.170,-1172293.910,359.120
-443770.830,-1172293.590,358.840
-443770.480,-1172293.540,358.810
-443771.050,-1172294.210,359.080
-443767.150,-1172315.690,361.810
-443771.220,-1172315.260,361.860
-443789.270,-1172307.320,357.420
-443787.090,-1172313.470,361.040
-443789.480,-1172307.420,357.420
-443796.450,-1172312.580,361.030
-443818.870,-1172309.810,357.530
-443825.720,-1172309.040,356.080
-443698.830,-1172292.610,357.040
-443703.680,-1172294.220,357.020
-443705.890,-1172291.830,356.900
-443698.000,-1172317.070,361.000
-443700.120,-1172316.900,360.660
-443709.070,-1172296.600,358.510
-443711.120,-1172293.350,356.880
-443708.670,-1172315.970,359.940
-443707.620,-1172317.320,360.250
-443707.990,-1172316.400,360.030
-443707.740,-1172320.230,360.660
-443709.300,-1172316.380,360.110
-443709.010,-1172316.100,359.990
-443709.580,-1172319.920,360.640
-443710.770,-1172316.990,360.260
-443710.080,-1172319.910,360.660
-443712.680,-1172319.620,360.630
-443707.010,-1172337.500,361.080
-443707.130,-1172337.190,360.870
-443708.280,-1172337.360,361.050
-443708.410,-1172337.040,360.990
-443717.510,-1172318.920,358.500
-443716.810,-1172319.580,358.660
-443709.300,-1172337.140,361.090
-443709.420,-1172336.840,360.960
-443717.000,-1172320.770,359.040
-443717.460,-1172319.610,358.650
-443717.590,-1172319.300,358.550
-443717.700,-1172319.020,358.490
-443717.160,-1172319.790,358.760
-443715.180,-1172326.380,360.560
-443717.590,-1172320.390,358.940
-443717.750,-1172320.880,359.090
-443718.130,-1172319.950,358.770
-443718.230,-1172320.820,359.100
-443718.470,-1172320.210,358.900
-443712.150,-1172336.640,361.000
-443713.390,-1172336.350,360.890
-443851.440,-1172301.320,349.360
-443852.180,-1172301.270,349.370
-443799.160,-1172411.730,353.380
-443798.920,-1172411.940,353.460
-443798.670,-1172412.150,353.510
-443798.430,-1172412.360,353.560
-443797.940,-1172412.770,353.700
-443797.240,-1172413.360,353.900
-443796.990,-1172413.570,353.950
-443796.740,-1172413.780,354.010
-443796.510,-1172413.970,354.070
-443798.180,-1172413.060,353.780
-443796.960,-1172414.100,354.100
-443796.730,-1172414.300,354.160
-443804.110,-1172435.230,350.680
-443803.610,-1172435.650,350.750
-443804.480,-1172435.770,350.780
-443803.490,-1172436.610,350.920
-443803.020,-1172437.510,351.080
-443806.170,-1172434.840,350.610
-443805.450,-1172435.450,350.710
-443804.050,-1172436.980,350.990
-443805.390,-1172437.270,351.040
-443805.150,-1172437.480,351.090
-443803.660,-1172438.730,351.320
-443803.410,-1172438.950,351.360
-443807.610,-1172435.390,350.710
-443805.400,-1172438.050,351.200
-443805.150,-1172438.260,351.250
-443810.160,-1172436.410,350.890
-443809.190,-1172437.220,351.060
-443810.880,-1172435.240,350.710
-443807.690,-1172437.940,351.200
-443811.250,-1172436.080,350.840
-443809.070,-1172437.930,351.190
-443807.850,-1172438.960,351.360
-443807.590,-1172439.180,351.390
-443807.110,-1172439.590,351.480
-443812.970,-1172434.630,350.600
-443812.740,-1172434.820,350.630
-443812.250,-1172435.240,350.720
-443812.000,-1172435.450,350.760
-443813.840,-1172434.670,350.620
-443813.350,-1172435.080,350.680
-443813.110,-1172435.280,350.740
-443812.850,-1172435.510,350.790
-443811.230,-1172437.930,351.210
-443810.980,-1172438.140,351.260
-443810.490,-1172438.560,351.310
-443814.460,-1172435.660,350.800
-443814.230,-1172435.860,350.830
-443813.720,-1172436.290,350.900
-443812.980,-1172436.920,351.000
-443818.410,-1172433.270,350.400
-443816.470,-1172434.900,350.670
-443813.740,-1172437.210,351.100
-443813.270,-1172437.610,351.140
-443812.290,-1172438.440,351.310
-443817.390,-1172434.640,350.640
-443815.460,-1172436.280,350.910
-443817.810,-1172434.700,350.660
-443817.560,-1172434.920,350.690
-443820.120,-1172433.210,350.350
-443817.260,-1172436.710,350.990
-443819.350,-1172434.390,350.600
-443818.370,-1172435.220,350.730
-443817.380,-1172436.060,350.860
-443815.900,-1172437.310,351.120
-443815.650,-1172437.520,351.150
-443817.780,-1172436.710,350.990
-443818.490,-1172436.560,350.960
-443817.030,-1172437.800,351.210
-443816.290,-1172438.430,351.320
-443820.890,-1172435.640,350.840
-443820.620,-1172435.860,350.870
-443820.370,-1172436.790,351.030
-443822.170,-1172436.730,351.020
-443820.200,-1172438.400,351.320
-443825.390,-1172434.000,350.590
-443823.890,-1172435.270,350.780
-443823.910,-1172435.660,350.870
-443823.560,-1172436.950,351.070
-443826.690,-1172435.650,351.030
-443825.520,-1172437.690,351.240
-443825.300,-1172437.890,351.270
-443798.950,-1172411.100,353.130
-443798.480,-1172411.500,353.410
-443797.500,-1172412.330,353.540
-443797.260,-1172412.530,353.610
-443796.510,-1172413.170,353.800
-443796.000,-1172413.600,353.900
-443799.940,-1172410.640,353.000
-443799.200,-1172411.270,353.170
-443798.020,-1172412.270,353.530
-443797.050,-1172413.090,353.770
-443796.790,-1172413.310,353.830
-443796.550,-1172413.520,353.890
-443796.310,-1172413.710,353.950
-443798.410,-1172411.050,353.070
-443798.170,-1172411.250,353.140
-443797.950,-1172411.440,353.230
-443796.940,-1172412.290,353.470
-443795.990,-1172413.100,353.900
-443798.390,-1172410.620,352.990
-443797.190,-1172411.650,353.290
-443797.610,-1172410.610,352.930
-443797.360,-1172410.820,353.000
-443797.950,-1172410.650,352.980
-443796.700,-1172411.710,353.260
-443796.450,-1172411.920,353.350
-443796.210,-1172412.120,353.410
-443795.720,-1172412.540,353.530
-443806.430,-1172403.460,347.910
-443796.840,-1172410.360,352.930
-443796.350,-1172410.770,352.830
-443795.860,-1172411.190,353.100
-443795.630,-1172411.380,353.300
-443796.880,-1172410.770,352.960
-443796.150,-1172411.390,353.150
-443794.930,-1172412.430,353.480
-443795.530,-1172410.700,352.980
-443795.280,-1172410.910,353.000
-443794.790,-1172411.320,353.150
-443794.540,-1172411.540,353.190
-443794.050,-1172411.960,353.300
-443795.650,-1172410.970,352.990
-443795.390,-1172411.190,353.100
-443794.930,-1172411.580,353.200
-443793.980,-1172410.670,352.910
-443794.020,-1172411.040,353.000
-443795.100,-1172410.540,352.860
-443794.880,-1172410.730,352.890
-443794.620,-1172410.950,353.000
-443771.670,-1172409.090,349.290
-443772.040,-1172409.130,349.280
-443771.810,-1172409.330,349.330
-443771.540,-1172410.050,349.560
-443772.470,-1172410.080,349.590
-443770.990,-1172411.330,349.680
-443772.700,-1172411.170,349.700
-443785.690,-1172424.200,350.180
-443786.230,-1172424.130,350.190
-443787.890,-1172424.060,350.170
-443788.330,-1172424.050,350.180
-443790.320,-1172423.940,350.170
-443789.480,-1172424.650,347.490
-443791.710,-1172417.610,349.900
-443789.410,-1172417.560,349.850
-443789.150,-1172417.780,349.900
-443788.140,-1172417.730,349.890
-443793.910,-1172411.550,353.190
-443786.420,-1172417.900,349.910
-443785.810,-1172418.000,349.970
-443793.730,-1172410.880,352.940
-443793.480,-1172411.090,353.010
-443793.250,-1172411.290,353.170
-443793.100,-1172411.080,353.030
-443774.200,-1172425.160,354.050
-443772.500,-1172425.000,353.730
-443772.120,-1172424.860,353.750
-443826.210,-1172363.180,347.010
-443710.080,-1172403.360,352.240
-443708.990,-1172403.300,352.260
-443708.680,-1172403.270,352.210
-443850.670,-1172301.380,349.380
-443850.100,-1172301.440,349.360
-443846.910,-1172301.500,349.340
-443800.530,-1172323.820,351.020
-443749.310,-1172335.230,352.670
-443743.560,-1172338.800,353.320
-443743.250,-1172332.690,353.200
-443750.730,-1172313.770,351.670
-443718.850,-1172329.200,353.000
-443717.630,-1172328.480,352.620
-443830.510,-1172335.970,370.860
-443831.150,-1172353.570,370.640
-443735.180,-1172437.460,361.320
-443736.000,-1172437.290,361.290
-443735.520,-1172437.700,361.410
-443736.170,-1172437.610,361.390
-443735.920,-1172437.820,361.420
-443735.470,-1172438.200,361.830
-443737.560,-1172437.210,361.310
-443737.090,-1172437.600,361.400
-443737.880,-1172437.330,361.320
-443737.380,-1172437.750,361.420
-443738.310,-1172437.400,361.350
-443738.070,-1172437.600,361.390
-443738.430,-1172437.650,361.450
-443739.890,-1172437.350,361.360
-443739.660,-1172437.550,361.390
-443740.580,-1172437.140,361.340
-443741.500,-1172437.150,361.360
-443741.730,-1172437.430,361.420
-443742.650,-1172437.080,361.330
-443742.420,-1172437.270,361.380
-443742.170,-1172437.480,361.440
-443743.390,-1172437.400,361.410
-443744.260,-1172437.210,361.370
-443744.500,-1172437.460,361.440
-443745.060,-1172437.410,361.470
-443745.980,-1172437.160,361.400
-443745.730,-1172437.370,361.450
-443746.830,-1172436.960,361.360
-443746.600,-1172437.160,361.420
-443828.990,-1172366.760,370.760
-443747.380,-1172436.940,361.360
-443747.120,-1172437.160,361.420
-443830.140,-1172366.750,370.750
-443747.990,-1172436.860,361.340
-443747.750,-1172437.070,361.380
-443748.500,-1172436.940,361.370
-443748.260,-1172437.150,361.430
-443747.550,-1172437.750,361.860
-443749.410,-1172437.060,361.420
-443832.400,-1172366.680,370.760
-443751.310,-1172436.830,361.360
-443751.080,-1172437.020,361.420
-443752.560,-1172436.610,361.340
-443752.090,-1172437.010,361.440
-443835.100,-1172366.640,370.780
-443834.610,-1172367.060,371.140
-443753.160,-1172436.590,361.310
-443752.940,-1172436.780,361.380
-443752.690,-1172436.990,361.410
-443753.680,-1172436.710,361.360
-443753.450,-1172436.910,361.410
-443753.910,-1172436.920,361.430
-443754.750,-1172436.660,361.370
-443754.510,-1172436.860,361.430
-443755.370,-1172436.580,361.360
-443756.280,-1172436.690,361.380
-443758.470,-1172436.430,361.360
-443759.880,-1172436.710,361.430
-443837.160,-1172370.720,374.650
-443759.800,-1172436.280,361.330
-443759.560,-1172436.480,361.380
-443759.320,-1172436.690,361.420
-443760.560,-1172436.730,361.430
-443761.470,-1172436.400,361.370
-443761.240,-1172436.600,361.410
-443762.630,-1172436.400,361.360
-443761.930,-1172436.520,361.420
-443763.250,-1172436.390,361.390
-443763.620,-1172436.400,361.400
-443762.900,-1172437.010,361.860
-443764.530,-1172436.470,361.420
-443764.290,-1172436.660,361.480
-443763.810,-1172437.070,361.850
-443764.400,-1172436.150,361.340
-443764.160,-1172436.350,361.380
-443763.930,-1172436.550,361.430
-443765.170,-1172436.440,361.410
-443767.000,-1172436.100,361.350
-443765.980,-1172436.520,361.480
-443767.510,-1172436.130,361.370
-443767.250,-1172436.350,361.440
-443834.250,-1172379.890,373.870
-443767.580,-1172436.400,361.430
-443768.030,-1172436.360,361.440
-443769.050,-1172435.940,361.350
-443768.550,-1172436.360,361.440
-443769.320,-1172436.210,361.420
-443769.800,-1172436.190,361.410
-443847.010,-1172431.940,374.260
-443841.880,-1172432.440,374.770
-443841.620,-1172432.170,374.320
-443839.580,-1172422.020,374.300
-443847.440,-1172414.920,374.180
-443846.230,-1172414.930,374.180
-443841.220,-1172418.460,377.450
-443837.850,-1172421.300,377.480
-443837.620,-1172421.500,377.570
-443843.170,-1172415.250,374.290
-443839.100,-1172418.690,377.480
-443841.840,-1172415.390,374.250
-443842.950,-1172415.000,374.210
-443839.490,-1172415.450,374.350
-443836.800,-1172417.730,374.210
-443839.710,-1172414.760,374.140
-443848.890,-1172406.550,374.350
-443831.230,-1172420.470,377.650
-443846.670,-1172406.130,374.170
-443845.840,-1172406.240,374.160
-443848.380,-1172399.120,374.310
-443847.670,-1172399.240,374.350
-443845.990,-1172399.370,374.410
-443844.820,-1172399.200,374.320
-443842.840,-1172399.470,374.400
-443840.520,-1172399.450,374.310
-443840.270,-1172399.660,374.460
-443839.950,-1172399.390,374.310
-443838.170,-1172399.480,374.300
-443837.940,-1172399.680,374.410
-443838.810,-1172399.450,374.290
-443837.650,-1172399.510,374.350
-443837.400,-1172399.730,374.460
-443841.160,-1172392.420,374.770
-443846.900,-1172384.120,374.360
-443833.790,-1172387.900,363.460
-443841.310,-1172377.870,383.710
-443836.110,-1172381.480,374.340
-443840.330,-1172377.360,374.720
-443839.130,-1172378.380,374.250
-443706.670,-1172395.300,359.660
-443707.580,-1172395.090,359.510
-443706.820,-1172395.730,359.750
-443706.590,-1172395.920,359.810
-443708.260,-1172394.970,359.530
-443708.020,-1172395.170,359.580
-443707.790,-1172395.370,359.670
-443707.550,-1172395.570,359.730
-443707.310,-1172395.770,359.810
-443706.820,-1172396.180,359.910
-443707.900,-1172395.740,359.790
-443707.410,-1172396.150,359.920
-443707.160,-1172396.360,359.970
-443709.260,-1172394.970,359.530
-443708.770,-1172395.380,359.670
-443707.800,-1172396.210,359.940
-443707.570,-1172396.400,359.970
-443710.020,-1172394.920,359.490
-443709.320,-1172395.520,359.730
-443708.830,-1172395.930,359.800
-443708.350,-1172396.340,359.940
-443708.110,-1172396.550,360.000
-443707.390,-1172397.160,360.230
-443707.140,-1172397.370,360.270
-443706.900,-1172397.570,360.270
-443706.670,-1172397.770,360.350
-443710.150,-1172395.400,359.660
-443709.190,-1172396.210,359.900
-443708.940,-1172396.420,359.970
-443707.280,-1172397.830,360.400
-443707.030,-1172398.030,360.450
-443711.310,-1172394.980,359.500
-443710.600,-1172395.580,359.730
-443709.110,-1172396.840,360.060
-443708.640,-1172397.230,360.210
-443707.910,-1172397.860,360.370
-443707.430,-1172398.270,360.490
-443707.200,-1172398.460,360.560
-443706.720,-1172398.870,360.650
-443709.240,-1172397.160,360.220
-443708.760,-1172397.570,360.300
-443708.510,-1172397.780,360.390
-443708.260,-1172397.990,360.450
-443707.770,-1172398.400,360.560
-443707.520,-1172398.620,360.620
-443706.800,-1172399.230,360.820
-443706.580,-1172399.420,360.810
-443711.900,-1172394.910,359.510
-443711.680,-1172395.090,359.590
-443711.440,-1172395.300,359.660
-443711.190,-1172395.510,359.740
-443711.920,-1172395.450,359.740
-443711.700,-1172395.640,359.770
-443711.470,-1172395.840,359.810
-443711.210,-1172396.060,359.860
-443710.960,-1172396.260,359.950
-443710.730,-1172396.460,359.960
-443710.500,-1172396.660,360.040
-443710.230,-1172396.880,360.110
-443709.750,-1172397.290,360.220
-443708.040,-1172398.740,360.620
-443707.800,-1172398.940,360.680
-443707.070,-1172399.560,360.860
-443706.580,-1172399.980,361.020
-443712.520,-1172395.430,359.770
-443712.280,-1172395.630,359.750
-443711.810,-1172396.030,359.830
-443711.090,-1172396.640,360.040
-443710.840,-1172396.850,360.090
-443710.610,-1172397.050,360.130
-443710.360,-1172397.260,360.170
-443710.100,-1172397.470,360.250
-443709.870,-1172397.670,360.340
-443709.640,-1172397.870,360.360
-443708.890,-1172398.500,360.560
-443708.150,-1172399.130,360.760
-443707.440,-1172399.730,360.950
-443706.950,-1172400.150,361.030
-443708.600,-1172399.200,360.770
-443708.360,-1172399.410,360.790
-443708.110,-1172399.620,360.890
-443707.860,-1172399.830,360.930
-443707.600,-1172400.050,360.990
-443707.370,-1172400.250,361.040
-443711.720,-1172396.560,360.000
-443711.480,-1172396.760,360.060
-443711.240,-1172396.970,360.110
-443711.010,-1172397.160,360.150
-443710.790,-1172397.340,360.230
-443710.520,-1172397.570,360.320
-443709.820,-1172398.170,360.480
-443709.580,-1172398.380,360.530
-443709.320,-1172398.590,360.620
-443708.850,-1172398.990,360.670
-443711.670,-1172397.020,360.170
-443711.410,-1172397.230,360.180
-443710.450,-1172398.050,360.410
-443710.210,-1172398.250,360.470
-443709.510,-1172398.850,360.680
-443708.320,-1172399.860,360.980
-443711.760,-1172397.530,360.300
-443711.020,-1172398.160,360.480
-443710.510,-1172398.590,360.540
-443710.040,-1172398.990,360.650
-443709.320,-1172399.600,360.880
-443708.840,-1172400.010,360.940
-443711.750,-1172398.120,360.430
-443711.520,-1172398.320,360.490
-443711.020,-1172398.740,360.620
-443710.780,-1172398.940,360.680
-443710.300,-1172399.350,360.790
-443710.050,-1172399.560,360.820
-443709.800,-1172399.780,360.890
-443709.570,-1172399.970,360.950
-443712.480,-1172397.500,360.220
-443712.230,-1172397.710,360.340
-443711.990,-1172397.920,360.360
-443712.270,-1172398.250,360.450
-443712.020,-1172398.460,360.540
-443711.760,-1172398.690,360.590
-443711.280,-1172399.100,360.720
-443711.030,-1172399.300,360.760
-443710.570,-1172399.700,360.870
-443710.320,-1172399.910,360.940
-443712.500,-1172398.480,360.520
-443712.250,-1172398.690,360.640
-443711.990,-1172398.910,360.670
-443711.760,-1172399.110,360.740
-443711.530,-1172399.300,360.790
-443710.790,-1172399.930,360.970
-443710.530,-1172400.150,361.000
-443712.290,-1172399.290,360.800
-443712.050,-1172399.490,360.860
-443711.570,-1172399.900,360.920
-443711.330,-1172400.110,361.000
-443712.260,-1172399.770,360.920
-443712.300,-1172400.190,361.020
-443726.000,-1172296.000,357.730
-443729.430,-1172295.710,357.800
-443734.240,-1172292.150,359.860
-443736.160,-1172291.890,359.780
-443748.950,-1172290.400,358.950
-443735.570,-1172312.850,358.030
-443735.330,-1172313.060,358.040
-443757.790,-1172295.280,359.280
-443758.610,-1172295.070,359.270
-443758.830,-1172295.140,359.290
-443737.970,-1172312.630,358.030
-443737.480,-1172313.030,358.040
-443759.890,-1172294.810,359.220
-443759.660,-1172295.010,359.280
-443738.090,-1172313.080,358.040
-443738.950,-1172312.730,358.030
-443732.940,-1172319.700,362.050
-443742.690,-1172317.000,361.090
-443773.110,-1172293.250,358.840
-443740.760,-1172321.560,362.000
-443774.680,-1172293.640,359.180
-443771.460,-1172315.240,361.910
-443780.590,-1172313.820,360.920
-443789.520,-1172307.230,357.360
-443782.810,-1172314.010,361.200
-443793.070,-1172306.770,357.380
-443786.370,-1172313.580,361.170
-443787.030,-1172313.480,361.160
-443817.580,-1172309.980,357.550
-443829.890,-1172306.800,357.420
-443830.660,-1172306.690,357.440
-443840.480,-1172307.460,356.100
-443698.040,-1172292.260,359.240
-443703.020,-1172290.690,356.820
-443703.860,-1172290.880,356.780
-443703.320,-1172293.990,357.050
-443703.740,-1172295.290,357.990
-443711.280,-1172293.170,356.870
-443697.760,-1172316.810,360.730
-443707.180,-1172316.440,360.110
-443708.500,-1172316.430,360.350
-443708.110,-1172316.350,360.050
-443707.510,-1172316.420,360.080
-443707.400,-1172320.250,360.710
-443713.840,-1172315.970,360.230
-443710.120,-1172319.930,360.690
-443709.690,-1172319.960,360.700
-443711.600,-1172319.740,360.680
-443710.900,-1172319.880,360.730
-443716.570,-1172316.420,357.880
-443717.170,-1172315.610,357.400
-443712.330,-1172319.650,360.670
-443716.820,-1172317.720,358.130
-443717.190,-1172318.400,358.360
-443716.840,-1172318.080,358.250
-443717.520,-1172318.590,358.390
-443717.730,-1172319.110,358.570
-443717.240,-1172319.520,358.710
-443717.000,-1172319.720,358.760
-443717.710,-1172318.860,358.470
-443716.960,-1172319.490,358.690
-443717.190,-1172320.050,358.860
-443717.690,-1172320.540,359.080
-443717.430,-1172320.760,359.110
-443717.700,-1172320.010,358.870
-443717.470,-1172320.210,358.930
-443717.230,-1172320.400,358.980
-443718.070,-1172320.570,359.060
-443717.820,-1172320.780,359.130
-443720.060,-1172320.700,359.120
-443706.970,-1172337.420,361.120
-443708.610,-1172336.950,361.000
-443709.430,-1172337.110,361.130
-443708.860,-1172337.020,361.010
-443851.070,-1172301.360,349.310
-443795.380,-1172410.630,352.820
-443795.250,-1172410.950,352.930
-443795.000,-1172410.350,352.690
-443794.620,-1172411.320,352.980
-443794.380,-1172411.930,353.230
-443794.260,-1172412.240,353.320
-443796.970,-1172410.970,352.910
-443796.730,-1172411.580,353.230
-443795.990,-1172411.860,353.250
-443795.580,-1172411.330,353.080
-443795.220,-1172412.260,353.390
-443797.650,-1172412.360,353.430
-443797.400,-1172413.010,353.640
-443797.150,-1172413.640,353.840
-443796.920,-1172414.240,354.100
-443797.820,-1172410.350,352.750
-443797.710,-1172410.640,352.880
-443796.720,-1172413.160,353.720
-443796.610,-1172413.450,353.820
-443799.090,-1172411.870,353.270
-443799.110,-1172410.280,352.770
-443798.740,-1172411.240,353.080
-443798.250,-1172412.500,353.500
-443807.160,-1172403.550,348.070
-443803.410,-1172434.140,350.400
-443806.110,-1172434.870,350.550
-443805.610,-1172436.180,350.770
-443805.100,-1172437.520,351.010
-443806.060,-1172436.540,350.900
-443806.010,-1172438.240,351.160
-443806.890,-1172437.490,351.100
-443810.420,-1172436.410,350.900
-443812.030,-1172433.650,350.400
-443810.110,-1172438.750,351.260
-443811.860,-1172435.680,350.760
-443813.210,-1172433.710,349.420
-443813.240,-1172433.640,350.400
-443812.350,-1172436.000,350.750
-443811.840,-1172437.360,351.000
-443813.050,-1172436.430,350.860
-443812.300,-1172438.430,351.230
-443814.470,-1172435.850,350.770
-443814.090,-1172436.850,350.950
-443813.450,-1172438.550,351.260
-443816.170,-1172434.720,350.550
-443816.240,-1172436.360,350.880
-443815.980,-1172437.040,351.000
-443815.490,-1172438.350,351.310
-443817.510,-1172434.670,350.540
-443816.510,-1172437.330,351.060
-443818.510,-1172433.430,350.320
-443818.140,-1172434.440,350.560
-443817.520,-1172436.090,350.840
-443817.270,-1172436.770,350.960
-443817.030,-1172437.410,351.100
-443818.450,-1172435.100,350.650
-443817.940,-1172436.440,350.880
-443818.550,-1172436.520,350.930
-443817.780,-1172438.590,351.300
-443819.950,-1172434.550,350.530
-443820.480,-1172434.500,350.590
-443820.050,-1172438.380,351.310
-443820.780,-1172437.890,351.210
-443822.390,-1172436.170,350.860
-443822.570,-1172437.160,351.090
-443824.200,-1172434.440,350.560
-443823.330,-1172436.790,350.990
-443823.080,-1172437.470,351.100
-443824.970,-1172436.500,350.990
-443823.760,-1172438.260,351.250
-443826.600,-1172436.110,350.900
-443826.240,-1172437.100,351.100
-443826.570,-1172437.620,351.220
-443738.660,-1172423.480,347.570
-443738.440,-1172423.350,347.480
-443739.770,-1172423.320,347.500
-443754.760,-1172422.420,347.390
-443770.830,-1172409.470,349.350
-443771.570,-1172410.130,349.610
-443772.190,-1172409.830,349.490
-443771.040,-1172425.640,354.030
-443789.950,-1172417.630,349.780
-443787.850,-1172424.200,350.190
-443793.990,-1172411.470,353.110
-443793.860,-1172411.800,353.160
-443793.540,-1172411.050,352.940
-443793.410,-1172411.370,353.040
-443733.550,-1172397.750,350.400
-443738.160,-1172398.190,347.940
-443809.200,-1172319.110,351.260
-443808.600,-1172319.340,351.190
-443808.480,-1172319.640,351.300
-443807.610,-1172305.510,352.580
-443799.120,-1172324.090,350.920
-443786.570,-1172308.500,354.720
-443746.570,-1172338.390,353.000
-443785.410,-1172308.160,354.570
-443785.290,-1172308.440,354.650
-443719.260,-1172328.730,352.600
-443848.900,-1172432.030,374.210
-443846.420,-1172432.170,374.680
-443844.930,-1172431.920,374.180
-443848.410,-1172415.090,374.200
-443842.050,-1172432.570,374.780
-443848.060,-1172414.930,374.160
-443841.760,-1172432.250,374.270
-443840.650,-1172432.450,374.720
-443846.540,-1172415.000,374.170
-443846.180,-1172414.900,374.080
-443846.070,-1172415.180,374.240
-443839.880,-1172432.160,374.200
-443846.600,-1172406.150,374.170
-443846.030,-1172406.290,374.090
-443839.580,-1172421.300,377.470
-443848.110,-1172399.170,374.290
-443847.030,-1172399.180,374.270
-443846.430,-1172399.280,374.270
-443840.000,-1172415.150,374.210
-443837.660,-1172421.550,377.520
-443839.660,-1172414.780,374.070
-443845.810,-1172399.310,374.340
-443845.370,-1172399.240,374.250
-443844.630,-1172399.440,374.320
-443836.940,-1172417.770,374.190
-443843.420,-1172399.290,374.270
-443836.110,-1172417.750,374.810
-443834.600,-1172421.890,377.670
-443838.810,-1172399.420,374.290
-443837.220,-1172399.640,374.280
-443840.780,-1172377.310,374.640
-443834.010,-1172379.880,373.910
-443836.930,-1172366.530,370.760
-443836.720,-1172367.090,371.120
-443832.770,-1172366.580,370.750
-443829.690,-1172367.270,371.110
-443831.140,-1172353.590,370.580
-443831.760,-1172337.820,370.600
-443769.230,-1172436.130,361.310
-443769.660,-1172436.430,361.420
-443767.350,-1172436.300,361.350
-443767.830,-1172436.380,361.360
-443766.230,-1172436.440,361.360
-443766.830,-1172436.210,361.310
-443765.080,-1172436.540,361.410
-443764.090,-1172436.450,361.330
-443763.220,-1172436.160,361.270
-443763.090,-1172436.490,361.360
-443761.520,-1172436.440,361.310
-443761.990,-1172436.570,361.350
-443760.370,-1172436.610,361.340
-443760.880,-1172436.790,361.420
-443757.320,-1172436.770,361.340
-443756.870,-1172436.550,361.280
-443756.740,-1172436.890,361.360
-443755.910,-1172436.820,361.320
-443754.470,-1172436.850,361.330
-443752.870,-1172437.100,361.400
-443753.250,-1172437.410,361.730
-443749.360,-1172437.010,361.320
-443747.040,-1172436.880,361.260
-443746.910,-1172437.210,361.370
-443745.980,-1172437.150,361.330
-443745.180,-1172436.890,361.250
-443745.040,-1172437.240,361.330
-443744.080,-1172437.440,361.380
-443744.580,-1172437.030,361.290
-443744.460,-1172437.340,361.370
-443743.120,-1172437.470,361.380
-443741.540,-1172437.200,361.280
-443741.410,-1172437.520,361.360
-443742.000,-1172437.540,361.360
-443740.530,-1172437.200,361.290
-443740.390,-1172437.540,361.340
-443739.680,-1172437.440,361.330
-443740.110,-1172437.500,361.310
-443739.320,-1172437.160,361.220
-443737.300,-1172437.460,361.270
-443736.430,-1172437.700,361.310
-443736.800,-1172437.480,361.260
-443735.570,-1172437.470,361.240
-443735.440,-1172437.800,361.330
-443735.920,-1172437.700,361.350
-443710.960,-1172398.410,360.370
-443710.710,-1172399.010,360.600
-443710.290,-1172400.020,360.810
-443712.290,-1172395.700,359.670
-443712.050,-1172396.300,359.870
-443711.900,-1172396.650,359.930
-443711.500,-1172397.600,360.200
-443710.980,-1172398.850,360.620
-443710.710,-1172399.500,360.780
-443710.570,-1172399.840,360.860
-443710.430,-1172400.180,360.950
-443712.050,-1172397.600,360.200
-443711.250,-1172399.540,360.820
-443711.100,-1172399.890,360.800
-443710.980,-1172400.180,360.940
-443712.420,-1172397.460,360.180
-443712.290,-1172397.790,360.300
-443712.160,-1172398.090,360.400
-443711.900,-1172398.710,360.580
-443711.750,-1172399.080,360.590
-443711.630,-1172399.380,360.740
-443711.500,-1172399.690,360.860
-443712.210,-1172399.770,360.890
-443711.950,-1172400.400,361.040
-443711.320,-1172395.660,359.700
-443711.200,-1172395.970,359.790
-443711.050,-1172396.320,359.820
-443710.780,-1172396.970,360.040
-443710.650,-1172397.270,360.120
-443710.510,-1172397.610,360.220
-443710.390,-1172397.910,360.350
-443710.240,-1172398.280,360.340
-443710.110,-1172398.580,360.480
-443709.970,-1172398.900,360.600
-443711.520,-1172395.890,359.750
-443711.250,-1172396.530,359.950
-443710.980,-1172397.180,360.110
-443710.850,-1172397.500,360.200
-443710.580,-1172398.140,360.390
-443710.450,-1172398.460,360.460
-443710.210,-1172399.040,360.700
-443710.060,-1172399.400,360.750
-443709.930,-1172399.710,360.820
-443712.160,-1172395.510,359.620
-443711.760,-1172396.490,359.910
-443708.070,-1172400.270,361.040
-443710.570,-1172395.470,359.600
-443710.320,-1172396.080,359.810
-443709.900,-1172397.080,360.050
-443709.780,-1172397.390,360.180
-443709.370,-1172398.370,360.420
-443709.240,-1172398.680,360.530
-443710.400,-1172396.510,359.940
-443710.130,-1172397.160,360.090
-443710.000,-1172397.470,360.180
-443709.740,-1172398.100,360.380
-443709.610,-1172398.420,360.480
-443709.210,-1172399.390,360.760
-443708.940,-1172400.040,360.950
-443708.800,-1172400.360,361.050
-443709.780,-1172395.510,359.620
-443709.510,-1172396.150,359.730
-443709.130,-1172397.070,360.080
-443708.860,-1172397.720,360.240
-443708.740,-1172398.010,360.380
-443708.070,-1172399.630,360.790
-443707.930,-1172399.950,360.910
-443710.070,-1172395.470,359.660
-443709.940,-1172395.780,359.720
-443709.550,-1172396.730,360.020
-443708.740,-1172398.660,360.560
-443708.590,-1172399.020,360.600
-443708.450,-1172399.350,360.710
-443708.970,-1172395.980,359.790
-443708.840,-1172396.290,359.840
-443708.160,-1172397.930,360.290
-443707.380,-1172399.800,360.870
-443708.970,-1172396.320,359.920
-443707.790,-1172399.170,360.690
-443707.670,-1172399.460,360.850
-443707.540,-1172399.780,360.930
-443707.390,-1172400.120,360.980
-443707.260,-1172400.440,361.120
-443708.640,-1172395.920,359.780
-443708.510,-1172396.240,359.840
-443708.380,-1172396.550,359.960
-443708.230,-1172396.900,360.050
-443707.970,-1172397.520,360.240
-443707.830,-1172397.870,360.290
-443707.700,-1172398.190,360.430
-443707.560,-1172398.500,360.510
-443707.300,-1172399.140,360.680
-443707.960,-1172395.630,359.710
-443707.430,-1172396.900,360.060
-443707.150,-1172397.570,360.260
-443708.220,-1172396.280,359.820
-443708.080,-1172396.590,359.920
-443707.810,-1172397.250,360.100
-443707.750,-1172395.570,359.660
-443707.490,-1172396.200,359.860
-443707.030,-1172395.760,359.720
-443707.350,-1172395.550,359.690
-443707.210,-1172395.890,359.750
-443832.110,-1172306.580,357.310
-443830.570,-1172305.480,356.470
-443830.580,-1172306.700,357.340
-443825.440,-1172309.100,356.080
-443818.820,-1172309.880,357.490
-443816.290,-1172310.190,357.580
-443813.310,-1172308.970,358.730
-443810.250,-1172309.380,358.820
-443793.370,-1172312.940,361.070
-443772.900,-1172293.300,358.750
-443772.670,-1172293.860,359.110
-443770.950,-1172294.070,359.140
-443771.440,-1172293.410,358.810
-443766.480,-1172293.950,358.780
-443758.970,-1172294.880,359.170
-443758.550,-1172295.160,359.230
-443757.740,-1172295.260,359.230
-443739.650,-1172318.920,361.910
-443744.690,-1172290.630,360.270
-443724.610,-1172320.170,359.020
-443729.550,-1172295.690,357.670
-443718.730,-1172290.960,355.870
-443713.920,-1172336.310,360.900
-443713.790,-1172336.640,361.010
-443720.060,-1172320.710,359.000
-443711.970,-1172336.760,360.990
-443712.180,-1172336.750,361.040
-443718.640,-1172320.480,358.930
-443718.520,-1172320.770,359.020
-443718.310,-1172319.760,358.710
-443718.180,-1172320.080,358.800
-443718.070,-1172320.370,358.920
-443717.740,-1172319.420,358.620
-443717.360,-1172320.360,358.900
-443717.240,-1172320.660,358.970
-443717.530,-1172320.440,358.960
-443717.580,-1172318.750,358.420
-443717.080,-1172319.970,358.800
-443717.330,-1172318.530,358.290
-443717.220,-1172318.810,358.420
-443717.080,-1172319.150,358.500
-443716.960,-1172319.440,358.600
-443716.900,-1172317.440,357.970
-443708.820,-1172337.180,361.000
-443707.380,-1172337.070,360.840
-443714.390,-1172319.420,360.580
-443707.110,-1172337.190,360.810
-443707.000,-1172337.470,361.020
-443713.720,-1172315.950,360.170
-443712.480,-1172318.440,360.420
-443712.930,-1172315.930,357.450
-443711.530,-1172316.040,357.370
-443711.400,-1172316.360,357.450
-443711.290,-1172316.630,357.550
-443711.550,-1172316.010,360.030
-443710.630,-1172318.280,360.350
-443711.730,-1172316.030,357.300
-443711.620,-1172316.310,357.520
-443711.490,-1172316.620,357.560
-443710.150,-1172319.950,360.670
-443710.810,-1172316.120,357.410
-443709.240,-1172320.030,360.640
-443711.110,-1172316.080,357.350
-443710.760,-1172316.970,360.260
-443710.220,-1172316.160,357.420
-443710.070,-1172316.530,357.440
-443709.940,-1172316.830,357.590
-443710.230,-1172316.160,360.110
-443708.600,-1172320.150,360.620
-443709.500,-1172316.530,357.420
-443709.380,-1172316.820,357.550
-443709.830,-1172316.300,357.370
-443709.700,-1172316.600,357.530
-443709.570,-1172316.930,357.600
-443709.850,-1172316.270,360.090
-443718.580,-1172292.460,356.800
-443708.890,-1172316.220,357.270
-443709.050,-1172316.450,357.480
-443707.540,-1172316.420,360.050
-443708.010,-1172316.670,360.130
-443711.080,-1172293.330,356.820
-443711.320,-1172294.050,357.260
-443699.590,-1172317.330,360.890
-443697.980,-1172317.130,361.070
-443705.870,-1172291.830,356.830
-443700.370,-1172295.020,358.600
-443851.930,-1172301.320,349.350
-443853.060,-1172301.300,349.310
-443826.930,-1172438.960,351.530
-443824.320,-1172438.580,351.320
-443825.420,-1172437.600,351.200
-443825.320,-1172437.400,351.140
-443825.700,-1172436.580,351.000
-443825.990,-1172436.320,350.960
-443823.110,-1172438.180,351.360
-443822.880,-1172438.190,351.220
-443823.540,-1172437.080,351.060
-443822.940,-1172436.720,350.980
-443823.770,-1172435.990,350.860
-443824.870,-1172435.010,350.690
-443821.030,-1172438.410,351.270
-443821.060,-1172438.060,351.210
-443823.760,-1172435.670,350.770
-443825.450,-1172434.180,350.560
-443820.250,-1172438.110,351.200
-443817.770,-1172439.300,351.420
-443819.990,-1172437.350,351.090
-443821.630,-1172435.900,350.840
-443821.890,-1172435.670,350.780
-443819.230,-1172437.630,351.120
-443820.330,-1172436.660,350.970
-443819.330,-1172436.900,350.950
-443820.430,-1172435.930,350.800
-443816.270,-1172438.530,351.260
-443816.800,-1172438.070,351.180
-443813.340,-1172439.440,351.380
-443815.270,-1172437.730,351.110
-443815.800,-1172437.270,351.010
-443816.080,-1172437.020,350.960
-443816.340,-1172436.790,350.940
-443819.900,-1172433.390,350.400
-443817.520,-1172435.020,350.660
-443817.780,-1172434.790,350.600
-443818.050,-1172434.550,350.570
-443817.620,-1172434.570,350.530
-443812.460,-1172438.770,351.290
-443818.500,-1172433.430,350.390
-443812.180,-1172438.800,351.300
-443816.240,-1172435.210,350.670
-443814.760,-1172435.670,350.760
-443812.730,-1172437.030,350.970
-443810.590,-1172438.140,351.130
-443814.100,-1172434.620,350.560
-443812.610,-1172435.530,350.670
-443812.870,-1172435.310,350.640
-443807.290,-1172439.430,351.370
-443807.550,-1172439.200,351.330
-443807.830,-1172438.950,351.290
-443808.380,-1172438.460,351.230
-443808.930,-1172437.980,351.150
-443813.910,-1172433.570,350.440
-443813.230,-1172433.710,349.530
-443811.910,-1172433.630,350.370
-443806.870,-1172437.610,351.080
-443807.150,-1172437.360,351.020
-443809.340,-1172435.420,350.690
-443804.590,-1172439.290,351.350
-443810.870,-1172433.720,349.380
-443810.450,-1172433.770,349.430
-443806.570,-1172436.790,350.900
-443805.410,-1172437.380,351.020
-443806.510,-1172436.400,350.840
-443807.610,-1172435.420,350.670
-443805.690,-1172436.740,350.890
-443804.800,-1172436.300,350.830
-443804.730,-1172436.050,350.740
-443805.530,-1172435.340,350.610
-443804.780,-1172435.250,350.610
-443804.630,-1172434.920,350.590
-443803.030,-1172435.090,350.580
-443796.780,-1172414.270,354.090
-443797.040,-1172414.030,354.000
-443796.510,-1172413.460,353.800
-443797.030,-1172412.990,353.670
-443796.530,-1172413.960,353.970
-443796.810,-1172413.710,353.910
-443797.060,-1172413.480,353.830
-443797.820,-1172412.800,353.620
-443798.080,-1172412.570,353.550
-443798.880,-1172411.850,353.330
-443799.910,-1172410.930,353.030
-443800.700,-1172410.220,352.800
-443797.370,-1172411.930,353.290
-443797.640,-1172411.690,353.220
-443798.160,-1172411.220,353.080
-443798.430,-1172410.980,352.980
-443799.440,-1172410.080,352.650
-443797.680,-1172412.040,353.340
-443799.290,-1172410.600,352.870
-443799.520,-1172410.390,352.810
-443793.900,-1172411.030,352.940
-443794.410,-1172410.570,352.790
-443794.060,-1172411.710,353.190
-443794.570,-1172411.250,353.050
-443795.100,-1172410.780,352.890
-443795.330,-1172410.570,352.830
-443794.030,-1172411.390,353.080
-443795.070,-1172410.450,352.770
-443795.110,-1172411.630,353.170
-443796.130,-1172410.720,352.840
-443796.390,-1172410.480,352.800
-443794.110,-1172412.040,353.290
-443794.360,-1172411.810,353.210
-443795.650,-1172410.660,352.850
-443794.930,-1172412.740,353.550
-443795.200,-1172412.490,353.450
-443797.010,-1172410.870,352.950
-443797.770,-1172410.180,352.710
-443794.780,-1172412.460,353.440
-443795.550,-1172411.770,353.180
-443796.100,-1172411.280,353.060
-443796.610,-1172410.820,352.890
-443797.360,-1172410.150,352.600
-443796.720,-1172412.030,353.330
-443796.970,-1172411.810,353.260
-443795.670,-1172412.490,353.460
-443796.980,-1172411.320,353.110
-443797.220,-1172411.100,353.010
-443797.500,-1172410.840,352.950
-443790.830,-1172424.040,350.160
-443788.380,-1172424.210,350.190
-443788.060,-1172424.200,350.160
-443787.760,-1172424.180,350.130
-443786.170,-1172424.200,350.150
-443785.740,-1172424.160,350.130
-443791.390,-1172417.690,349.810
-443790.840,-1172417.790,349.870
-443738.610,-1172423.490,347.550
-443738.860,-1172423.260,347.460
-443737.930,-1172423.620,347.490
-443739.100,-1172423.400,347.530
-443744.010,-1172423.010,347.190
-443750.290,-1172422.660,347.350
-443770.750,-1172409.820,349.460
-443771.460,-1172410.090,349.510
-443772.030,-1172409.210,349.190
-443772.100,-1172409.940,349.520
-443772.350,-1172409.710,349.460
-443772.670,-1172409.940,349.510
-443771.980,-1172425.520,354.020
-443773.440,-1172425.030,353.650
-443774.820,-1172425.460,354.050
-443793.100,-1172410.860,352.900
-443793.360,-1172411.030,352.910
-443786.290,-1172417.860,349.830
-443793.770,-1172411.620,353.140
-443786.710,-1172417.960,349.950
-443789.020,-1172417.630,349.770
-443789.390,-1172417.700,349.830
-443789.870,-1172417.690,349.880
-443737.700,-1172397.850,348.000
-443709.690,-1172403.300,352.110
-443708.710,-1172403.460,352.260
-443709.510,-1172403.130,352.080
-443848.080,-1172301.490,349.330
-443847.330,-1172301.570,349.340
-443829.510,-1172303.140,351.410
-443799.250,-1172324.040,350.960
-443808.920,-1172305.450,352.550
-443808.420,-1172305.550,352.570
-443808.000,-1172305.620,352.630
-443786.450,-1172308.160,354.610
-443785.360,-1172308.240,354.640
-443781.350,-1172308.900,353.850
-443746.110,-1172332.040,352.720
-443744.560,-1172332.480,352.970
-443719.370,-1172328.680,352.610
-443847.710,-1172431.960,374.190
-443841.970,-1172432.310,374.690
-443841.650,-1172432.130,374.210
-443841.410,-1172432.100,374.190
-443840.190,-1172432.230,374.250
-443840.590,-1172430.510,374.170
-443837.350,-1172432.180,374.220
-443848.560,-1172415.010,374.180
-443839.590,-1172422.040,374.220
-443847.700,-1172414.880,374.100
-443837.790,-1172421.650,377.550
-443833.400,-1172421.740,377.570
-443837.060,-1172417.770,374.140
-443840.170,-1172415.010,374.250
-443848.770,-1172406.680,374.290
-443848.680,-1172406.530,374.210
-443839.490,-1172414.880,374.100
-443848.430,-1172406.320,374.220
-443838.920,-1172414.730,374.100
-443840.200,-1172413.600,374.630
-443846.720,-1172406.650,374.240
-443847.980,-1172399.250,374.270
-443846.560,-1172399.270,374.290
-443845.960,-1172399.150,374.250
-443844.710,-1172399.350,374.290
-443843.840,-1172399.360,374.280
-443843.150,-1172399.470,374.320
-443842.600,-1172399.500,374.340
-443842.220,-1172399.480,374.280
-443841.330,-1172399.440,374.290
-443840.920,-1172399.360,374.260
-443839.850,-1172399.580,374.280
-443835.470,-1172402.970,374.700
-443838.540,-1172399.730,374.410
-443837.840,-1172399.550,374.270
-443837.320,-1172399.600,374.290
-443836.470,-1172399.570,374.250
-443846.610,-1172384.300,374.300
-443843.230,-1172384.840,374.250
-443839.350,-1172378.240,374.220
-443840.320,-1172377.380,374.690
-443835.810,-1172381.420,374.280
-443840.410,-1172376.990,374.190
-443769.140,-1172436.300,361.350
-443768.030,-1172436.470,361.390
-443767.860,-1172436.100,361.310
-443766.470,-1172436.490,361.390
-443767.080,-1172436.310,361.360
-443767.340,-1172436.070,361.300
-443765.930,-1172436.620,361.410
-443765.370,-1172436.180,361.300
-443764.790,-1172436.300,361.310
-443764.280,-1172436.360,361.300
-443763.650,-1172436.430,361.330
-443763.230,-1172436.280,361.290
-443762.400,-1172436.620,361.370
-443762.960,-1172436.120,361.230
-443761.640,-1172436.510,361.370
-443761.330,-1172436.280,361.270
-443838.600,-1172366.440,370.730
-443760.550,-1172436.620,361.360
-443760.810,-1172436.380,361.300
-443837.580,-1172366.530,370.720
-443759.580,-1172436.670,361.360
-443759.850,-1172436.430,361.300
-443836.570,-1172366.490,370.700
-443835.400,-1172367.050,371.110
-443835.820,-1172366.680,370.700
-443758.480,-1172436.730,361.370
-443756.590,-1172436.850,361.370
-443756.250,-1172436.750,361.320
-443755.280,-1172436.800,361.370
-443755.510,-1172436.590,361.280
-443753.520,-1172437.520,361.840
-443754.250,-1172436.860,361.370
-443754.490,-1172436.640,361.300
-443829.720,-1172367.190,371.100
-443751.540,-1172437.610,361.820
-443752.240,-1172436.980,361.350
-443752.310,-1172436.580,361.240
-443750.710,-1172437.570,361.830
-443751.130,-1172437.180,361.410
-443828.240,-1172367.250,371.100
-443749.430,-1172437.030,361.330
-443748.950,-1172436.940,361.300
-443748.440,-1172437.000,361.340
-443747.760,-1172437.190,361.340
-443831.470,-1172360.590,370.580
-443745.690,-1172437.410,361.400
-443745.940,-1172437.190,361.210
-443745.140,-1172437.470,361.370
-443743.930,-1172437.400,361.350
-443832.640,-1172355.870,370.700
-443742.710,-1172437.530,361.370
-443742.260,-1172437.390,361.350
-443741.650,-1172437.420,361.350
-443741.000,-1172437.580,361.380
-443741.260,-1172437.340,361.330
-443831.230,-1172355.800,370.600
-443739.330,-1172437.730,361.370
-443738.850,-1172437.750,361.390
-443737.910,-1172437.740,361.350
-443738.180,-1172437.500,361.320
-443737.210,-1172437.550,361.320
-443736.740,-1172437.620,361.310
-443735.320,-1172438.390,361.830
-443736.010,-1172437.760,361.360
-443735.410,-1172437.820,361.380
-443735.660,-1172437.600,361.310
-443735.930,-1172437.350,361.260
-443735.200,-1172437.580,361.280
-443830.920,-1172337.800,370.590
-443830.540,-1172336.060,370.820
-443712.380,-1172399.660,360.860
-443712.400,-1172400.110,360.970
-443711.250,-1172400.170,360.980
-443711.510,-1172399.940,360.900
-443712.020,-1172399.480,360.770
-443710.800,-1172400.100,360.950
-443711.070,-1172399.860,360.890
-443711.860,-1172399.140,360.650
-443712.130,-1172398.890,360.610
-443712.420,-1172398.630,360.550
-443709.920,-1172400.440,361.020
-443710.710,-1172399.720,360.840
-443710.960,-1172399.490,360.780
-443711.230,-1172399.240,360.700
-443711.750,-1172398.770,360.550
-443712.020,-1172398.520,360.460
-443712.310,-1172398.260,360.440
-443712.580,-1172398.020,360.350
-443711.710,-1172397.640,360.290
-443711.970,-1172397.410,360.200
-443709.650,-1172400.080,360.950
-443709.920,-1172399.830,360.850
-443710.210,-1172399.580,360.800
-443710.460,-1172399.350,360.720
-443710.730,-1172399.100,360.660
-443711.000,-1172398.850,360.550
-443711.280,-1172398.600,360.530
-443711.520,-1172398.380,360.440
-443712.060,-1172397.890,360.330
-443712.340,-1172397.640,360.290
-443708.250,-1172400.250,360.950
-443709.050,-1172399.530,360.790
-443709.320,-1172399.290,360.730
-443709.580,-1172399.050,360.680
-443710.090,-1172398.580,360.480
-443710.360,-1172398.330,360.490
-443710.620,-1172398.100,360.370
-443711.150,-1172397.620,360.230
-443711.400,-1172397.390,360.180
-443711.680,-1172397.130,360.110
-443711.950,-1172396.890,360.030
-443708.760,-1172400.330,361.010
-443709.310,-1172399.830,360.910
-443709.850,-1172399.340,360.760
-443710.100,-1172399.110,360.670
-443710.350,-1172398.880,360.600
-443710.890,-1172398.390,360.460
-443708.190,-1172399.870,360.920
-443708.980,-1172399.150,360.700
-443709.230,-1172398.930,360.610
-443709.500,-1172398.680,360.590
-443709.740,-1172398.460,360.480
-443710.510,-1172397.760,360.260
-443711.060,-1172397.250,360.190
-443711.290,-1172397.050,360.050
-443711.850,-1172396.540,359.980
-443712.110,-1172396.300,359.910
-443708.840,-1172398.610,360.540
-443709.100,-1172398.380,360.460
-443709.630,-1172397.890,360.310
-443710.150,-1172397.410,360.180
-443711.160,-1172396.500,359.900
-443711.680,-1172396.020,359.720
-443711.950,-1172395.780,359.710
-443712.220,-1172395.530,359.670
-443712.480,-1172395.290,359.590
-443706.820,-1172399.870,360.920
-443707.070,-1172399.640,360.820
-443707.350,-1172399.390,360.790
-443707.870,-1172398.910,360.630
-443708.120,-1172398.680,360.570
-443708.930,-1172397.950,360.370
-443709.720,-1172397.220,360.140
-443710.240,-1172396.750,360.010
-443710.760,-1172396.280,359.850
-443711.290,-1172395.790,359.730
-443711.810,-1172395.320,359.630
-443712.040,-1172395.110,359.490
-443707.450,-1172398.740,360.570
-443707.700,-1172398.520,360.450
-443708.250,-1172398.010,360.370
-443709.030,-1172397.300,360.140
-443709.560,-1172396.820,359.980
-443710.900,-1172395.600,359.700
-443706.830,-1172398.890,360.650
-443707.370,-1172398.390,360.540
-443707.640,-1172398.150,360.470
-443708.930,-1172396.970,360.040
-443709.500,-1172396.450,359.960
-443710.000,-1172395.990,359.780
-443710.270,-1172395.750,359.740
-443710.520,-1172395.530,359.660
-443706.780,-1172398.430,360.550
-443707.260,-1172398.000,360.320
-443707.800,-1172397.510,360.230
-443708.850,-1172396.550,359.960
-443709.120,-1172396.300,359.890
-443706.800,-1172398.080,360.420
-443707.040,-1172397.860,360.320
-443707.820,-1172397.150,360.090
-443708.080,-1172396.910,360.070
-443708.330,-1172396.690,359.980
-443709.390,-1172395.720,359.740
-443709.640,-1172395.490,359.650
-443706.830,-1172397.730,360.300
-443707.350,-1172397.250,360.150
-443708.130,-1172396.550,359.940
-443708.410,-1172396.290,359.890
-443708.910,-1172395.840,359.730
-443709.170,-1172395.600,359.690
-443709.700,-1172395.120,359.530
-443707.170,-1172397.160,360.090
-443708.540,-1172395.920,359.770
-443709.070,-1172395.430,359.680
-443709.560,-1172394.990,359.440
-443706.760,-1172396.540,360.020
-443707.260,-1172396.090,359.830
-443707.530,-1172395.840,359.740
-443707.820,-1172395.580,359.720
-443707.580,-1172396.260,359.850
-443707.830,-1172396.030,359.800
-443708.070,-1172395.810,359.690
-443708.360,-1172395.540,359.710
-443707.150,-1172395.770,359.710
-443707.910,-1172395.070,359.480
-443706.860,-1172395.700,359.770
-443707.120,-1172395.470,359.690
-443707.220,-1172394.900,359.410
-443833.890,-1172306.360,357.410
-443813.050,-1172306.570,357.620
-443808.560,-1172309.490,358.800
-443807.800,-1172309.660,358.840
-443794.060,-1172312.930,361.130
-443790.620,-1172313.240,361.050
-443782.870,-1172314.010,361.150
-443789.580,-1172307.500,357.450
-443770.400,-1172315.370,361.830
-443767.000,-1172315.660,361.790
-443767.190,-1172315.720,361.850
-443772.200,-1172293.830,359.120
-443772.650,-1172293.420,358.790
-443771.410,-1172293.400,358.800
-443769.140,-1172294.300,359.210
-443769.360,-1172294.090,359.120
-443732.980,-1172319.710,362.020
-443759.840,-1172295.050,359.240
-443758.430,-1172295.180,359.260
-443757.900,-1172295.260,359.240
-443744.690,-1172290.500,360.270
-443721.130,-1172293.850,357.940
-443718.670,-1172291.100,356.000
-443712.350,-1172336.710,361.000
-443712.600,-1172336.480,360.930
-443712.970,-1172336.520,360.890
-443714.440,-1172336.330,360.810
-443708.870,-1172337.490,361.090
-443706.160,-1172337.590,361.070
-443720.060,-1172320.700,359.080
-443717.810,-1172320.820,359.110
-443718.070,-1172320.590,359.010
-443718.420,-1172320.800,359.110
-443717.020,-1172320.670,359.010
-443717.280,-1172320.430,358.940
-443717.780,-1172319.970,358.820
-443718.020,-1172319.760,358.740
-443717.240,-1172320.940,359.100
-443717.890,-1172319.370,358.590
-443717.160,-1172319.100,358.510
-443715.170,-1172321.300,362.100
-443717.080,-1172319.550,358.660
-443717.590,-1172319.070,358.520
-443716.910,-1172318.470,358.310
-443717.170,-1172318.230,358.210
-443716.930,-1172317.950,358.160
-443713.700,-1172321.420,362.170
-443714.380,-1172319.500,360.620
-443713.240,-1172319.490,360.590
-443716.450,-1172316.530,357.710
-443709.600,-1172322.010,362.240
-443714.110,-1172315.930,360.200
-443710.280,-1172320.010,360.680
-443710.820,-1172319.520,360.570
-443712.780,-1172315.890,357.460
-443713.010,-1172315.680,357.360
-443711.800,-1172315.940,359.980
-443711.290,-1172316.410,357.480
-443711.570,-1172316.160,357.480
-443711.820,-1172315.920,357.410
-443711.770,-1172316.420,357.480
-443712.050,-1172316.150,357.450
-443712.560,-1172315.690,357.260
-443709.190,-1172316.610,357.500
-443709.480,-1172316.350,357.500
-443710.230,-1172316.190,360.080
-443709.660,-1172316.710,357.450
-443709.940,-1172316.460,357.440
-443710.230,-1172316.190,357.440
-443710.450,-1172315.980,357.310
-443710.050,-1172316.670,357.520
-443710.800,-1172315.980,357.320
-443711.340,-1172316.000,360.090
-443711.030,-1172316.290,357.460
-443711.330,-1172316.010,357.450
-443711.540,-1172315.820,357.290
-443707.500,-1172316.700,360.140
-443708.020,-1172316.230,357.340
-443709.050,-1172316.220,360.040
-443708.780,-1172316.480,357.470
-443709.060,-1172316.220,357.410
-443697.750,-1172317.600,361.210
-443698.040,-1172316.970,360.980
-443716.800,-1172294.850,358.210
-443717.610,-1172291.250,355.980
-443713.810,-1172295.170,358.140
-443712.780,-1172295.270,358.220
-443704.780,-1172291.550,356.820
-443703.960,-1172291.010,356.780
-443702.970,-1172290.680,356.770
-443697.980,-1172292.280,359.140
-443824.340,-1172437.140,351.160
-443823.800,-1172438.560,351.410
-443823.730,-1172437.110,351.110
-443823.550,-1172436.960,351.120
-443820.740,-1172437.900,351.160
-443820.650,-1172435.580,350.810
-443820.520,-1172435.930,350.860
-443820.120,-1172436.980,351.020
-443818.110,-1172436.490,350.940
-443817.430,-1172436.760,350.950
-443816.320,-1172436.950,351.030
-443815.980,-1172436.340,350.870
-443814.190,-1172437.860,351.190
-443814.540,-1172435.640,350.750
-443813.720,-1172437.770,351.170
-443814.320,-1172435.690,350.810
-443814.190,-1172436.030,350.880
-443813.890,-1172434.730,350.640
-443812.830,-1172435.200,350.690
-443812.560,-1172435.920,350.830
-443812.140,-1172437.010,351.030
-443811.740,-1172438.060,351.240
-443812.220,-1172435.160,350.640
-443811.840,-1172435.630,350.780
-443810.910,-1172438.090,351.220
-443809.130,-1172438.050,351.210
-443809.180,-1172436.420,350.850
-443808.370,-1172438.560,351.280
-443807.860,-1172438.980,351.350
-443808.050,-1172436.650,350.930
-443807.650,-1172437.700,351.090
-443808.250,-1172435.230,350.710
-443806.280,-1172436.600,350.900
-443804.640,-1172437.670,351.120
-443804.480,-1172436.470,350.830
-443804.350,-1172436.810,350.930
-443803.270,-1172439.650,351.410
-443803.360,-1172436.900,351.020
-443794.900,-1172411.990,353.420
-443794.760,-1172412.350,353.490
-443795.330,-1172410.860,352.940
-443794.710,-1172410.980,352.930
-443794.580,-1172411.340,353.020
-443794.430,-1172411.730,353.130
-443794.390,-1172410.970,353.060
-443796.520,-1172410.510,352.820
-443796.230,-1172411.270,353.030
-443796.080,-1172411.670,353.210
-443795.520,-1172413.160,353.730
-443796.140,-1172410.790,352.960
-443795.720,-1172411.900,353.300
-443795.580,-1172410.790,352.870
-443794.860,-1172412.700,353.540
-443798.070,-1172410.290,352.830
-443797.930,-1172410.640,352.880
-443796.680,-1172413.980,354.060
-443797.020,-1172411.350,353.070
-443796.870,-1172411.760,353.300
-443796.740,-1172412.090,353.330
-443796.590,-1172412.490,353.460
-443796.300,-1172413.260,353.820
-443796.900,-1172410.920,352.960
-443796.460,-1172412.090,353.410
-443796.180,-1172412.830,353.690
-443798.700,-1172410.890,353.060
-443798.130,-1172412.420,353.640
-443798.000,-1172412.770,353.680
-443797.840,-1172413.190,353.870
-443798.270,-1172410.630,352.900
-443797.990,-1172411.380,353.260
-443796.990,-1172414.020,354.110
-443796.860,-1172414.370,354.170
-443799.690,-1172410.710,353.020
-443799.540,-1172411.100,353.150
-443799.390,-1172411.490,353.230
-443799.170,-1172410.290,352.830
-443799.040,-1172410.630,352.850
-443798.910,-1172410.990,352.990
-443798.310,-1172412.560,353.540
-443798.170,-1172412.950,353.700
-443806.740,-1172403.290,348.000
-443776.100,-1172425.030,354.070
-443785.920,-1172424.270,350.290
-443792.400,-1172410.430,352.840
-443791.040,-1172417.680,350.010
-443793.940,-1172410.550,352.770
-443793.810,-1172410.910,352.890
-443794.100,-1172411.740,353.300
-443799.620,-1172376.630,348.170
-443734.490,-1172387.690,348.860
-443762.540,-1172404.890,349.780
-443709.620,-1172403.300,352.220
-443708.660,-1172403.340,352.230
-443743.580,-1172338.860,353.230
-443744.110,-1172338.710,353.080
-443718.550,-1172328.590,352.600
-443847.800,-1172431.990,374.220
-443848.240,-1172414.820,374.120
-443847.640,-1172414.920,374.170
-443847.370,-1172415.210,374.340
-443846.220,-1172414.910,374.160
-443848.600,-1172406.370,374.350
-443837.680,-1172432.510,374.750
-443846.830,-1172406.230,374.210
-443839.440,-1172421.500,377.480
-443847.940,-1172399.300,374.390
-443846.990,-1172399.160,374.240
-443845.770,-1172399.360,374.420
-443839.020,-1172415.040,374.370
-443844.350,-1172399.420,374.270
-443848.380,-1172384.290,374.450
-443840.340,-1172399.430,374.310
-443839.670,-1172399.550,374.390
-443839.510,-1172399.480,374.390
-443838.990,-1172399.640,374.460
-443837.290,-1172399.630,374.350
-443838.190,-1172366.800,371.140
-443837.530,-1172366.930,371.120
-443835.400,-1172366.950,371.180
-443834.470,-1172366.640,370.760
-443832.550,-1172367.040,371.220
-443835.970,-1172355.600,370.600
-443830.870,-1172366.720,370.720
-443769.360,-1172436.340,361.420
-443769.740,-1172436.250,361.360
-443766.750,-1172436.070,361.360
-443766.970,-1172436.280,361.350
-443765.900,-1172436.420,361.370
-443765.400,-1172436.460,361.380
-443763.640,-1172436.430,361.340
-443764.350,-1172436.290,361.370
-443764.230,-1172436.620,361.400
-443761.920,-1172436.600,361.380
-443760.660,-1172436.610,361.360
-443761.000,-1172436.690,361.330
-443759.860,-1172436.380,361.340
-443758.890,-1172436.680,361.410
-443758.400,-1172436.440,361.320
-443758.280,-1172436.790,361.360
-443757.500,-1172436.890,361.380
-443755.700,-1172436.870,361.380
-443754.240,-1172436.910,361.350
-443753.290,-1172436.480,361.300
-443753.160,-1172436.820,361.390
-443752.510,-1172436.580,361.370
-443752.400,-1172436.910,361.440
-443751.760,-1172436.980,361.350
-443751.020,-1172436.880,361.340
-443750.020,-1172437.010,361.350
-443748.780,-1172437.010,361.350
-443749.180,-1172436.940,361.360
-443749.060,-1172437.270,361.390
-443747.910,-1172437.150,361.430
-443746.170,-1172436.950,361.350
-443746.050,-1172437.280,361.400
-443745.440,-1172437.370,361.380
-443744.430,-1172437.220,361.400
-443743.780,-1172437.400,361.350
-443742.720,-1172437.470,361.370
-443741.990,-1172437.360,361.360
-443742.510,-1172437.350,361.370
-443741.690,-1172437.370,361.420
-443741.210,-1172437.120,361.350
-443741.090,-1172437.450,361.350
-443738.380,-1172437.380,361.360
-443738.260,-1172437.700,361.360
-443737.460,-1172437.710,361.410
-443737.600,-1172437.880,361.360
-443736.010,-1172437.570,361.360
-443736.600,-1172437.820,361.410
-443735.660,-1172437.610,361.370
-443712.220,-1172399.590,360.760
-443712.090,-1172399.950,360.830
-443711.960,-1172400.310,361.020
-443711.750,-1172397.590,360.290
-443711.610,-1172397.980,360.390
-443711.080,-1172399.420,360.820
-443712.160,-1172397.540,360.230
-443712.030,-1172397.900,360.330
-443711.760,-1172398.630,360.530
-443711.630,-1172399.010,360.680
-443711.220,-1172400.110,360.960
-443712.430,-1172398.320,360.540
-443712.290,-1172398.690,360.670
-443712.170,-1172399.030,360.710
-443712.040,-1172399.390,360.820
-443711.690,-1172395.160,359.580
-443711.420,-1172395.890,359.810
-443711.300,-1172396.230,359.860
-443711.150,-1172396.640,360.040
-443711.020,-1172396.990,360.060
-443710.900,-1172397.330,360.200
-443710.620,-1172398.090,360.450
-443710.490,-1172398.450,360.530
-443710.240,-1172399.130,360.680
-443710.110,-1172399.500,360.810
-443711.970,-1172395.210,359.580
-443711.850,-1172395.530,359.570
-443711.450,-1172396.640,359.910
-443711.320,-1172397.000,360.050
-443711.070,-1172397.690,360.230
-443710.810,-1172398.410,360.420
-443710.160,-1172400.190,360.920
-443710.770,-1172395.720,359.810
-443710.510,-1172396.440,359.920
-443710.380,-1172396.810,360.090
-443710.250,-1172397.150,360.180
-443710.130,-1172397.500,360.280
-443709.980,-1172397.890,360.410
-443709.850,-1172398.250,360.460
-443709.590,-1172398.970,360.690
-443709.450,-1172399.360,360.800
-443711.290,-1172395.010,359.550
-443710.900,-1172396.070,359.830
-443710.640,-1172396.790,359.980
-443710.500,-1172397.160,360.120
-443710.370,-1172397.530,360.240
-443710.330,-1172395.090,359.730
-443709.290,-1172397.960,360.460
-443709.160,-1172398.320,360.520
-443708.890,-1172399.060,360.780
-443710.410,-1172395.420,359.610
-443710.140,-1172396.150,359.820
-443709.880,-1172396.880,360.050
-443709.740,-1172397.270,360.180
-443709.580,-1172395.190,359.660
-443709.450,-1172395.550,359.770
-443709.320,-1172395.900,359.790
-443709.190,-1172396.270,359.980
-443708.930,-1172396.980,360.080
-443708.670,-1172397.690,360.360
-443708.150,-1172399.110,360.750
-443708.020,-1172399.470,360.830
-443707.890,-1172399.840,360.940
-443709.510,-1172396.130,359.820
-443709.130,-1172397.190,360.050
-443709.000,-1172397.550,360.220
-443708.860,-1172397.940,360.390
-443708.330,-1172399.400,360.840
-443708.200,-1172399.740,360.900
-443708.840,-1172395.440,359.700
-443708.710,-1172395.780,359.770
-443708.450,-1172396.500,360.020
-443708.170,-1172397.260,360.260
-443708.050,-1172397.610,360.370
-443707.920,-1172397.970,360.460
-443707.650,-1172398.690,360.580
-443707.520,-1172399.050,360.690
-443707.250,-1172399.790,361.010
-443707.120,-1172400.150,361.010
-443709.140,-1172395.000,359.530
-443708.350,-1172397.190,360.210
-443707.830,-1172398.620,360.600
-443707.700,-1172398.980,360.660
-443707.560,-1172399.350,360.800
-443707.440,-1172399.690,360.900
-443708.120,-1172395.650,359.780
-443708.130,-1172396.310,359.860
-443707.860,-1172397.060,360.110
-443706.810,-1172399.940,360.940
-443707.770,-1172395.130,359.600
-443707.640,-1172395.480,359.650
-443707.510,-1172395.860,359.800
-443707.380,-1172396.220,359.910
-443707.260,-1172396.530,359.920
-443706.850,-1172397.650,360.300
-443706.730,-1172398.000,360.330
-443706.590,-1172398.390,360.520
-443706.720,-1172396.100,359.830
-443707.380,-1172395.610,359.740
-443830.750,-1172305.500,356.560
-443830.640,-1172306.750,357.290
-443817.580,-1172309.940,357.580
-443797.570,-1172306.530,357.510
-443785.400,-1172311.020,359.330
-443768.650,-1172293.680,358.820
-443759.710,-1172294.850,359.090
-443758.680,-1172295.080,359.110
-443743.280,-1172317.000,361.070
-443737.660,-1172319.150,361.990
-443744.090,-1172290.410,360.340
-443727.310,-1172295.210,356.900
-443714.850,-1172336.530,361.100
-443714.400,-1172336.280,360.850
-443719.870,-1172320.660,359.170
-443718.320,-1172320.580,359.010
-443717.940,-1172320.830,359.150
-443717.770,-1172319.500,358.690
-443717.620,-1172319.900,358.870
-443717.930,-1172319.630,358.690
-443717.510,-1172320.790,359.070
-443717.310,-1172319.760,358.650
-443717.220,-1172319.150,358.610
-443717.090,-1172319.510,358.690
-443717.090,-1172318.150,358.210
-443716.960,-1172318.510,358.270
-443716.700,-1172317.400,357.980
-443709.480,-1172337.150,361.040
-443716.970,-1172317.760,358.150
-443714.550,-1172319.450,360.620
-443707.020,-1172337.590,361.070
-443713.230,-1172318.510,360.510
-443713.580,-1172315.550,360.270
-443712.490,-1172316.040,360.230
-443711.010,-1172319.800,360.690
-443710.830,-1172319.480,360.640
-443710.830,-1172319.640,360.580
-443711.840,-1172315.950,360.180
-443709.640,-1172319.960,360.580
-443718.690,-1172290.940,355.880
-443709.180,-1172316.110,360.120
-443709.050,-1172316.460,360.210
-443707.500,-1172316.460,360.210
-443707.940,-1172316.220,360.190
-443713.720,-1172295.140,358.160
-443711.290,-1172293.250,356.780
-443711.360,-1172293.950,357.330
-443711.930,-1172293.790,357.360
-443711.090,-1172293.010,356.880
-443701.830,-1172293.620,356.870
-443851.060,-1172301.320,349.310
-443823.330,-1172438.920,351.420
-443822.890,-1172438.190,351.310
-443825.210,-1172436.250,350.970
-443821.500,-1172438.800,351.370
-443821.710,-1172438.180,351.260
-443825.490,-1172434.150,350.660
-443821.130,-1172437.390,351.140
-443821.410,-1172437.160,351.090
-443821.670,-1172436.940,351.050
-443823.130,-1172435.720,350.840
-443825.120,-1172434.070,350.590
-443817.800,-1172439.310,351.470
-443819.170,-1172437.570,351.140
-443821.990,-1172435.230,350.740
-443822.260,-1172435.000,350.700
-443814.670,-1172439.780,351.640
-443817.200,-1172436.750,351.010
-443814.990,-1172437.920,351.210
-443816.110,-1172436.990,351.030
-443816.530,-1172436.150,350.920
-443811.920,-1172439.520,351.470
-443812.790,-1172438.790,351.350
-443817.590,-1172434.800,350.660
-443812.510,-1172437.530,351.150
-443812.810,-1172437.280,351.100
-443813.140,-1172437.020,351.050
-443814.820,-1172435.620,350.800
-443811.780,-1172437.680,351.160
-443812.980,-1172436.330,350.890
-443809.770,-1172438.310,351.270
-443811.490,-1172436.880,351.030
-443811.000,-1172436.920,351.020
-443813.000,-1172435.260,350.720
-443807.490,-1172439.480,351.450
-443806.790,-1172439.750,351.470
-443809.080,-1172437.850,351.120
-443811.310,-1172436.000,350.830
-443812.760,-1172434.800,350.630
-443810.560,-1172435.440,350.730
-443808.830,-1172436.190,350.880
-443804.600,-1172439.280,351.410
-443803.260,-1172439.620,351.470
-443804.680,-1172438.440,351.260
-443803.500,-1172438.910,351.360
-443804.070,-1172438.440,351.270
-443805.210,-1172437.500,351.120
-443803.580,-1172435.670,350.740
-443804.030,-1172434.190,350.560
-443794.640,-1172411.080,353.060
-443795.230,-1172410.600,352.910
-443795.540,-1172410.350,352.820
-443793.940,-1172411.100,353.030
-443794.240,-1172410.860,352.950
-443794.830,-1172410.370,352.800
-443796.090,-1172410.820,352.940
-443796.370,-1172410.600,352.900
-443795.190,-1172411.560,353.200
-443795.240,-1172411.130,353.080
-443795.570,-1172410.870,352.940
-443796.170,-1172410.370,352.810
-443796.490,-1172410.110,352.690
-443795.570,-1172412.540,353.520
-443796.730,-1172411.590,353.240
-443795.070,-1172412.480,353.510
-443797.160,-1172410.780,352.990
-443797.730,-1172410.310,352.840
-443794.870,-1172412.200,353.410
-443795.480,-1172411.710,353.230
-443795.780,-1172411.460,353.170
-443796.690,-1172410.720,352.950
-443796.860,-1172412.290,353.480
-443797.440,-1172411.810,353.330
-443797.100,-1172411.690,353.300
-443798.590,-1172410.480,352.940
-443798.210,-1172410.390,352.870
-443796.150,-1172413.330,353.800
-443796.750,-1172412.840,353.650
-443799.430,-1172410.660,352.980
-443799.420,-1172411.480,353.300
-443797.040,-1172413.420,353.900
-443798.550,-1172412.190,353.550
-443796.240,-1172413.750,353.970
-443796.530,-1172413.510,353.880
-443796.830,-1172413.270,353.790
-443798.010,-1172412.300,353.490
-443798.900,-1172411.580,353.300
-443799.810,-1172410.840,353.050
-443797.000,-1172414.250,354.190
-443797.290,-1172414.010,354.120
-443797.570,-1172413.350,353.840
-443797.860,-1172413.110,353.790
-443793.110,-1172424.470,347.580
-443788.030,-1172424.150,350.210
-443787.710,-1172423.990,350.170
-443785.890,-1172424.140,350.200
-443734.940,-1172422.460,353.440
-443771.260,-1172409.130,349.280
-443771.040,-1172409.880,349.550
-443772.560,-1172409.850,349.510
-443793.690,-1172410.780,352.900
-443786.930,-1172417.920,349.910
-443787.730,-1172417.640,349.880
-443788.020,-1172417.800,349.900
-443791.460,-1172417.650,349.890
-443791.960,-1172417.570,349.900
-443833.780,-1172392.000,346.720
-443833.180,-1172391.710,346.600
-443833.270,-1172392.040,346.780
-443833.590,-1172391.780,346.640
-443799.760,-1172376.760,348.120
-443799.740,-1172377.130,348.160
-443800.060,-1172376.860,348.020
-443710.030,-1172403.420,352.240
-443709.010,-1172403.360,352.280
-443709.290,-1172403.120,352.150
-443848.880,-1172301.380,349.330
-443799.990,-1172323.730,350.950
-443790.880,-1172320.790,351.140
-443743.670,-1172335.770,353.290
-443720.770,-1172328.740,352.670
-443719.210,-1172328.640,352.620
-443842.030,-1172432.080,374.310
-443839.520,-1172432.410,374.810
-443837.670,-1172432.550,374.760
-443848.030,-1172414.970,374.210
-443838.830,-1172421.480,377.450
-443846.590,-1172415.000,374.290
-443839.520,-1172418.610,377.450
-443839.770,-1172414.900,374.180
-443839.000,-1172415.080,374.320
-443839.310,-1172414.820,374.170
-443833.460,-1172419.330,377.510
-443848.110,-1172399.240,374.380
-443847.610,-1172399.320,374.390
-443847.920,-1172399.060,374.270
-443846.360,-1172399.260,374.350
-443843.780,-1172399.250,374.340
-443843.160,-1172399.430,374.400
-443842.910,-1172399.350,374.340
-443839.560,-1172399.520,374.370
-443837.340,-1172399.670,374.430
-443848.720,-1172384.650,375.780
-443770.160,-1172436.140,361.440
-443767.870,-1172436.390,361.460
-443767.370,-1172436.330,361.440
-443767.670,-1172436.090,361.380
-443766.800,-1172436.400,361.450
-443767.080,-1172436.170,361.380
-443842.950,-1172373.420,374.690
-443766.660,-1172436.110,361.350
-443765.910,-1172436.260,361.390
-443765.120,-1172436.460,361.380
-443764.530,-1172436.560,361.480
-443764.800,-1172436.340,361.390
-443764.080,-1172436.530,361.440
-443764.360,-1172436.310,361.370
-443762.820,-1172437.020,361.790
-443763.450,-1172436.500,361.430
-443762.740,-1172436.530,361.420
-443763.000,-1172436.320,361.390
-443762.430,-1172436.250,361.360
-443761.590,-1172436.460,361.380
-443761.890,-1172436.220,361.330
-443760.060,-1172436.670,361.410
-443759.460,-1172436.760,361.440
-443759.740,-1172436.530,361.380
-443759.220,-1172436.640,361.390
-443758.530,-1172436.750,361.420
-443758.180,-1172436.550,361.370
-443757.340,-1172436.800,361.420
-443756.840,-1172436.780,361.400
-443754.970,-1172437.380,361.750
-443755.590,-1172436.880,361.420
-443755.860,-1172436.650,361.360
-443754.100,-1172437.470,361.750
-443754.440,-1172436.780,361.400
-443752.430,-1172437.030,361.430
-443752.970,-1172436.600,361.320
-443752.010,-1172436.800,361.370
-443751.280,-1172436.820,361.370
-443751.560,-1172436.590,361.310
-443835.770,-1172366.960,371.110
-443750.130,-1172436.840,361.360
-443749.120,-1172437.090,361.420
-443748.340,-1172437.130,361.430
-443746.820,-1172437.270,361.440
-443745.090,-1172437.400,361.470
-443744.210,-1172437.220,361.390
-443829.740,-1172367.380,371.060
-443829.120,-1172366.800,370.730
-443743.270,-1172437.460,361.460
-443742.700,-1172437.360,361.410
-443742.470,-1172437.090,361.340
-443741.530,-1172437.410,361.400
-443740.270,-1172437.510,361.420
-443740.850,-1172437.030,361.310
-443739.970,-1172437.490,361.390
-443739.480,-1172437.630,361.420
-443739.780,-1172437.390,361.340
-443737.590,-1172437.750,361.460
-443737.880,-1172437.510,361.380
-443737.090,-1172437.600,361.390
-443737.360,-1172437.390,361.330
-443736.400,-1172437.600,361.390
-443735.750,-1172437.570,361.360
-443735.220,-1172437.510,361.340
-443831.110,-1172342.520,370.580
-443835.950,-1172337.490,370.600
-443712.450,-1172399.970,360.970
-443711.580,-1172400.210,361.040
-443711.040,-1172400.150,361.010
-443711.320,-1172399.920,360.940
-443711.600,-1172399.690,360.920
-443711.920,-1172399.430,360.790
-443712.210,-1172399.190,360.740
-443710.080,-1172400.460,361.070
-443710.360,-1172400.240,361.030
-443710.660,-1172399.980,360.960
-443710.950,-1172399.750,360.870
-443711.230,-1172399.510,360.810
-443711.490,-1172399.300,360.760
-443711.800,-1172399.040,360.660
-443712.090,-1172398.810,360.620
-443712.360,-1172398.580,360.560
-443712.170,-1172398.090,360.430
-443712.450,-1172397.850,360.350
-443709.880,-1172399.980,360.920
-443710.720,-1172399.290,360.740
-443711.000,-1172399.050,360.720
-443708.890,-1172400.210,361.000
-443709.160,-1172399.990,360.970
-443709.470,-1172399.740,360.880
-443710.000,-1172399.290,360.780
-443710.320,-1172399.030,360.680
-443710.590,-1172398.810,360.630
-443711.170,-1172398.330,360.480
-443711.450,-1172398.090,360.450
-443708.130,-1172400.290,361.060
-443708.980,-1172399.580,360.830
-443709.270,-1172399.350,360.790
-443709.550,-1172399.120,360.760
-443710.110,-1172398.650,360.580
-443710.980,-1172397.930,360.340
-443711.530,-1172397.480,360.240
-443711.800,-1172397.250,360.200
-443707.320,-1172400.530,361.080
-443707.880,-1172400.060,360.980
-443708.160,-1172399.830,360.950
-443709.610,-1172398.630,360.590
-443710.470,-1172397.920,360.380
-443711.580,-1172397.000,360.150
-443707.640,-1172399.690,360.910
-443708.770,-1172398.750,360.600
-443710.210,-1172397.550,360.280
-443710.500,-1172397.310,360.220
-443710.790,-1172397.070,360.130
-443706.750,-1172399.880,360.930
-443707.040,-1172399.640,360.880
-443707.910,-1172398.920,360.690
-443708.200,-1172398.680,360.610
-443708.500,-1172398.430,360.540
-443709.060,-1172397.970,360.420
-443709.920,-1172397.250,360.220
-443710.200,-1172397.020,360.110
-443710.780,-1172396.540,360.020
-443711.090,-1172396.280,359.930
-443711.370,-1172396.050,359.870
-443711.640,-1172395.830,359.810
-443711.930,-1172395.580,359.730
-443707.130,-1172399.030,360.710
-443707.430,-1172398.790,360.610
-443707.720,-1172398.550,360.560
-443708.560,-1172397.850,360.350
-443708.850,-1172397.610,360.290
-443710.310,-1172396.400,359.940
-443711.170,-1172395.690,359.740
-443711.440,-1172395.460,359.690
-443711.740,-1172395.220,359.600
-443706.800,-1172398.790,360.600
-443707.910,-1172397.870,360.350
-443708.200,-1172397.630,360.320
-443709.070,-1172396.910,360.100
-443709.340,-1172396.690,360.020
-443710.220,-1172395.960,359.850
-443711.380,-1172394.990,359.520
-443706.880,-1172398.070,360.430
-443707.140,-1172397.860,360.400
-443708.820,-1172396.460,359.980
-443709.130,-1172396.210,359.920
-443710.290,-1172395.250,359.590
-443707.440,-1172396.940,360.140
-443708.280,-1172396.240,359.920
-443708.570,-1172396.000,359.860
-443708.840,-1172395.780,359.780
-443709.120,-1172395.550,359.740
-443709.720,-1172395.050,359.520
-443707.630,-1172396.260,359.930
-443706.830,-1172396.420,359.950
-443707.110,-1172396.190,359.880
-443707.680,-1172395.720,359.760
-443708.240,-1172395.250,359.620
-443706.810,-1172395.830,359.800
-443707.090,-1172395.600,359.760
-443707.710,-1172395.080,359.530
-443706.690,-1172395.350,359.620
-443707.240,-1172394.890,359.540
-443834.480,-1172306.260,357.390
-443826.220,-1172309.090,356.200
-443812.180,-1172308.960,358.680
-443812.640,-1172309.080,358.860
-443794.630,-1172312.750,361.110
-443797.560,-1172306.540,357.420
-443781.900,-1172314.200,361.190
-443781.140,-1172314.110,361.180
-443769.110,-1172293.630,358.850
-443766.780,-1172294.340,359.150
-443760.500,-1172294.940,359.250
-443758.290,-1172295.360,359.270
-443744.720,-1172290.420,360.320
-443741.410,-1172291.200,359.770
-443734.270,-1172292.130,359.810
-443714.670,-1172336.230,360.870
-443715.670,-1172336.010,360.780
-443707.530,-1172337.390,361.110
-443718.190,-1172320.770,359.120
-443718.460,-1172320.540,359.060
-443718.770,-1172320.280,358.960
-443717.640,-1172320.790,359.110
-443717.480,-1172318.970,358.500
-443717.540,-1172319.580,358.740
-443717.860,-1172319.320,358.610
-443717.330,-1172318.540,358.370
-443717.180,-1172319.230,358.600
-443713.560,-1172319.440,360.630
-443714.080,-1172319.450,360.650
-443712.010,-1172319.620,360.650
-443717.290,-1172315.630,357.430
-443711.010,-1172321.620,362.040
-443710.260,-1172319.980,360.730
-443710.850,-1172319.480,360.620
-443711.250,-1172319.680,360.670
-443709.260,-1172320.050,360.710
-443707.880,-1172316.350,360.140
-443708.850,-1172316.260,360.130
-443699.530,-1172317.350,361.000
-443711.100,-1172293.250,356.860
-443705.530,-1172296.750,358.690
-443703.720,-1172294.130,357.050
-443704.160,-1172290.950,356.890
-443696.970,-1172291.980,359.140
