-443850.120,-1172416.980,374.690
-443849.370,-1172387.940,374.740
-443849.050,-1172382.870,374.680
-443839.780,-1172377.290,374.670
-443833.580,-1172377.470,359.580
-443839.090,-1172362.430,371.000
-443826.600,-1172365.660,365.370
-443835.130,-1172338.100,370.590
-443737.390,-1172293.940,358.830
-443738.150,-1172296.960,359.100
-443838.570,-1172344.810,371.030
-443838.480,-1172346.500,370.830
-443838.830,-1172353.790,371.080
-443838.830,-1172355.080,370.990
-443838.910,-1172357.380,371.070
-443838.910,-1172362.030,370.970
-443839.050,-1172362.850,371.060
-443839.070,-1172364.700,371.080
-443770.360,-1172430.360,361.630
-443833.510,-1172377.560,359.640
-443849.690,-1172392.360,374.840
-443834.940,-1172391.000,374.660
-443848.930,-1172376.110,374.430
-443848.920,-1172374.670,374.680
-443838.180,-1172334.010,370.930
-443838.070,-1172332.770,370.870
-443851.290,-1172380.950,347.450
-443850.340,-1172414.550,374.210
-443849.860,-1172400.180,374.710
-443849.950,-1172398.570,374.720
-443838.470,-1172340.940,370.660
-443737.730,-1172296.480,358.860
-443850.680,-1172415.030,348.530
-443777.170,-1172415.360,354.020
-443851.030,-1172378.500,355.380
-443851.170,-1172379.330,361.370
-443839.110,-1172363.720,370.850
-443838.930,-1172355.850,370.960
-443838.750,-1172346.280,371.000
-443838.330,-1172339.500,370.730
-443838.290,-1172335.220,370.880
-443737.810,-1172296.470,358.810
-443802.090,-1172436.020,347.510
-443826.290,-1172354.240,354.130
-443826.630,-1172354.260,354.130
-443769.090,-1172400.750,349.750
-443835.500,-1172426.020,358.100
-443849.490,-1172386.010,374.710
-443849.370,-1172386.330,374.690
-443849.270,-1172381.980,374.680
-443849.040,-1172379.190,374.670
-443848.900,-1172379.550,374.680
-443849.050,-1172378.880,374.320
-443834.550,-1172405.890,371.850
-443834.190,-1172397.240,362.330
-443834.130,-1172390.500,365.170
-443833.940,-1172388.660,370.830
-443838.930,-1172360.070,370.740
-443838.750,-1172353.950,370.870
-443838.760,-1172350.740,370.830
-443838.700,-1172348.410,370.950
-443838.590,-1172344.540,370.840
-443826.720,-1172365.730,365.370
-443838.300,-1172337.080,370.760
-443826.650,-1172365.250,368.150
-443826.630,-1172356.570,370.280
-443826.440,-1172354.030,369.990
-443826.360,-1172349.880,370.220
-443775.000,-1172292.580,359.020
-443774.900,-1172292.860,358.770
-443736.740,-1172297.200,358.170
-443721.120,-1172293.190,357.670
-443802.120,-1172436.060,347.470
-443792.920,-1172416.790,350.390
-443826.540,-1172354.430,354.160
-443826.650,-1172354.740,351.480
-443835.410,-1172425.890,358.130
-443850.090,-1172410.620,374.260
-443834.870,-1172407.090,369.110
-443849.360,-1172386.990,374.350
-443843.040,-1172385.260,374.400
-443833.860,-1172388.820,370.800
-443833.910,-1172386.680,365.190
-443838.770,-1172356.510,370.820
-443826.750,-1172366.330,370.240
-443826.740,-1172365.550,365.350
-443838.780,-1172355.390,370.890
-443838.740,-1172353.950,370.910
-443838.600,-1172345.780,370.910
-443826.720,-1172355.040,359.880
-443838.550,-1172344.580,371.000
-443835.100,-1172338.190,370.610
-443838.200,-1172334.310,370.890
-443826.020,-1172336.990,359.810
-443838.240,-1172332.540,371.010
