-443834.140,-1172398.060,353.900
-443834.150,-1172399.010,353.890
-443826.040,-1172350.360,351.350
-443769.140,-1172401.530,349.660
-443786.960,-1172379.430,350.630
-443825.600,-1172332.500,354.140
-443823.920,-1172309.960,355.240
-443823.920,-1172308.790,355.270
-443748.590,-1172323.540,355.240
-443765.620,-1172320.620,355.110
-443765.030,-1172315.500,355.140
-443765.000,-1172314.630,355.130
-443770.550,-1172434.980,361.830
-443830.080,-1172336.580,370.710
-443850.570,-1172424.410,374.180
-443850.160,-1172418.640,374.700
-443849.850,-1172402.180,374.210
-443849.970,-1172399.670,374.830
-443849.880,-1172398.940,374.780
-443849.930,-1172396.720,374.760
-443849.560,-1172392.890,374.720
-443849.490,-1172384.860,374.760
-443835.760,-1172415.710,374.670
-443835.030,-1172400.190,374.630
-443835.100,-1172397.580,374.640
-443834.270,-1172398.510,370.730
-443834.030,-1172397.110,370.770
-443834.140,-1172396.830,370.840
-443834.120,-1172392.920,362.330
-443834.570,-1172386.110,374.680
-443834.030,-1172386.140,365.180
-443834.940,-1172377.410,373.850
-443833.810,-1172376.880,359.590
-443834.670,-1172374.520,373.890
-443838.890,-1172359.650,371.090
-443833.360,-1172373.880,356.780
-443838.750,-1172358.230,370.810
-443833.150,-1172373.720,356.730
-443838.850,-1172355.210,371.060
-443838.500,-1172347.190,370.730
-443838.350,-1172341.530,370.700
-443735.910,-1172294.680,357.860
-443736.880,-1172294.250,358.470
-443736.120,-1172294.870,358.040
-443736.690,-1172295.690,358.280
-443736.930,-1172295.110,358.420
-443737.040,-1172294.830,358.600
-443737.160,-1172294.520,358.720
-443737.510,-1172293.640,358.980
-443735.810,-1172296.910,357.720
-443735.930,-1172296.620,357.760
-443737.090,-1172295.970,358.450
-443737.440,-1172295.100,358.720
-443738.160,-1172293.320,359.340
-443736.870,-1172297.110,358.300
-443737.230,-1172296.230,358.610
-443737.350,-1172295.920,358.730
-443738.190,-1172293.840,359.420
-443738.310,-1172293.530,359.480
-443738.430,-1172293.230,359.590
-443738.440,-1172295.170,359.460
-443737.570,-1172296.610,358.720
-443737.690,-1172296.310,358.840
-443738.280,-1172294.840,359.300
-443738.270,-1172296.660,359.180
-443738.390,-1172296.350,359.310
-443738.560,-1172296.540,359.460
-443738.670,-1172296.260,359.570
-443738.800,-1172295.960,359.650
-443730.440,-1172318.940,361.000
-443730.960,-1172319.340,361.290
-443731.560,-1172319.900,361.670
-443731.890,-1172320.040,361.790
-443736.860,-1172325.780,358.480
-443736.980,-1172325.480,358.530
-443737.090,-1172325.180,358.650
-443737.030,-1172326.090,358.530
-443737.390,-1172325.200,358.870
-443737.510,-1172324.900,358.910
-443737.620,-1172324.600,359.060
-443737.860,-1172324.010,359.270
-443739.490,-1172322.130,360.450
-443739.950,-1172321.880,360.710
-443740.070,-1172321.590,360.850
-443740.300,-1172321.000,361.080
-443740.390,-1172321.460,361.190
-443762.470,-1172291.530,357.260
-443779.060,-1172314.150,360.120
-443779.180,-1172313.850,360.090
-443779.460,-1172313.910,360.400
-443779.480,-1172315.500,360.200
-443779.320,-1172315.400,360.120
-443779.670,-1172314.510,360.400
-443780.160,-1172314.840,360.640
-443780.270,-1172314.540,360.760
-443786.970,-1172318.100,358.700
-443786.200,-1172319.100,358.270
-443786.320,-1172318.790,358.390
-443787.760,-1172317.050,359.500
-443802.010,-1172311.120,356.790
-443801.630,-1172310.790,356.500
-443802.240,-1172312.430,356.880
-443802.000,-1172311.970,356.680
-443802.250,-1172311.340,356.830
-443805.910,-1172309.660,358.010
-443806.030,-1172309.350,358.180
-443807.680,-1172307.150,357.410
-443806.320,-1172309.680,358.370
-443806.490,-1172310.200,358.410
-443824.290,-1172309.970,355.440
-443824.520,-1172309.390,355.710
-443824.630,-1172309.110,355.780
-443824.160,-1172309.360,355.460
-443828.040,-1172307.120,356.910
-443828.160,-1172306.810,356.960
-443828.350,-1172307.270,357.090
-443825.500,-1172333.540,356.960
-443700.230,-1172297.000,357.260
-443704.110,-1172328.260,360.470
-443704.220,-1172327.970,360.460
-443717.340,-1172317.190,358.200
-443792.630,-1172422.350,352.730
-443825.750,-1172335.720,348.570
-443826.140,-1172350.240,351.370
-443787.060,-1172379.280,350.990
-443787.100,-1172379.630,350.960
-443825.630,-1172332.610,354.170
-443824.090,-1172310.280,355.390
-443824.030,-1172309.840,355.400
-443824.010,-1172309.290,355.390
-443765.580,-1172320.650,355.180
-443765.580,-1172319.600,355.150
-443743.090,-1172337.160,353.100
-443742.810,-1172334.310,353.210
-443764.770,-1172312.230,355.170
-443748.720,-1172323.240,355.410
-443830.050,-1172336.350,370.830
-443838.280,-1172339.940,370.830
-443838.290,-1172340.890,370.760
-443826.180,-1172354.840,365.420
-443838.640,-1172347.210,371.060
-443838.750,-1172348.560,371.120
-443838.520,-1172348.760,370.790
-443838.570,-1172350.720,370.810
-443838.640,-1172351.010,370.910
-443838.880,-1172352.930,371.130
-443826.490,-1172364.260,365.360
-443838.840,-1172354.120,371.080
-443838.960,-1172359.720,371.070
-443839.010,-1172361.490,371.050
-443833.250,-1172373.030,356.760
-443833.340,-1172373.940,356.740
-443770.280,-1172428.940,361.790
-443849.890,-1172398.620,374.960
-443849.830,-1172399.150,374.820
-443849.600,-1172393.310,374.730
-443849.680,-1172391.700,374.940
-443834.060,-1172393.130,362.360
-443849.060,-1172374.970,374.840
-443849.200,-1172372.990,375.030
-443737.390,-1172293.790,358.900
-443736.170,-1172294.800,358.020
-443737.450,-1172294.210,358.940
-443737.220,-1172294.410,358.750
-443736.980,-1172294.610,358.590
-443736.730,-1172294.820,358.430
-443736.490,-1172295.020,358.280
-443737.100,-1172295.020,358.610
-443736.160,-1172295.810,357.960
-443738.320,-1172294.440,359.480
-443737.830,-1172294.860,359.120
-443737.570,-1172295.070,358.960
-443737.340,-1172295.260,358.770
-443736.590,-1172295.890,358.270
-443738.420,-1172294.970,359.470
-443737.470,-1172295.760,358.800
-443738.140,-1172295.680,359.240
-443737.890,-1172295.890,359.070
-443737.390,-1172296.310,358.730
-443738.410,-1172295.990,359.390
-443737.680,-1172296.600,358.850
-443738.610,-1172296.150,359.580
-443738.360,-1172296.360,359.380
-443737.640,-1172296.960,358.850
-443730.370,-1172318.990,361.100
-443730.760,-1172319.230,361.190
-443730.870,-1172319.500,361.260
-443731.130,-1172319.820,361.370
-443731.310,-1172320.020,361.510
-443730.810,-1172320.440,361.190
-443730.850,-1172321.040,361.150
-443740.490,-1172320.660,361.280
-443740.860,-1172320.760,361.500
-443740.210,-1172321.790,360.950
-443738.980,-1172322.830,360.160
-443738.740,-1172323.030,359.970
-443738.240,-1172323.450,359.630
-443738.230,-1172324.290,359.460
-443737.480,-1172324.920,358.950
-443737.180,-1172325.550,358.710
-443736.940,-1172325.750,358.550
-443779.320,-1172313.790,360.270
-443779.080,-1172314.000,360.080
-443779.140,-1172313.560,360.210
-443778.920,-1172313.740,360.040
-443779.420,-1172314.320,360.410
-443780.120,-1172314.210,360.750
-443780.380,-1172314.550,360.970
-443780.140,-1172314.750,360.800
-443779.910,-1172314.950,360.610
-443779.440,-1172315.350,360.290
-443788.030,-1172317.010,359.700
-443787.530,-1172317.430,359.340
-443789.220,-1172315.400,360.700
-443786.450,-1172318.900,358.590
-443786.220,-1172319.100,358.440
-443785.990,-1172319.290,358.270
-443785.740,-1172319.500,358.090
-443802.030,-1172311.190,356.810
-443801.630,-1172310.930,356.480
-443802.260,-1172311.450,356.910
-443802.040,-1172311.640,356.720
-443801.960,-1172312.490,356.640
-443802.630,-1172311.560,357.260
-443802.380,-1172311.760,357.050
-443801.900,-1172312.170,356.660
-443806.110,-1172309.530,358.220
-443805.880,-1172309.730,358.060
-443806.600,-1172309.650,358.570
-443824.510,-1172309.420,355.760
-443824.270,-1172309.630,355.580
-443824.270,-1172309.070,355.630
-443828.350,-1172307.100,357.200
-443828.120,-1172307.300,356.980
-443825.660,-1172333.420,362.610
-443838.180,-1172331.250,371.060
-443838.270,-1172333.540,371.070
-443700.430,-1172296.760,357.350
-443700.190,-1172296.960,357.210
-443717.920,-1172317.790,358.510
-443718.220,-1172318.700,358.700
-443718.230,-1172318.430,358.660
-443704.820,-1172332.650,360.670
-443704.860,-1172333.410,360.510
-443823.960,-1172308.890,355.230
-443850.010,-1172395.410,374.170
-443838.330,-1172341.300,370.650
-443838.400,-1172334.660,371.050
-443828.170,-1172307.100,356.910
-443824.420,-1172309.030,355.520
-443824.260,-1172309.430,355.380
-443824.730,-1172309.580,355.690
-443812.650,-1172306.760,357.360
-443807.840,-1172307.440,357.350
-443740.290,-1172321.130,360.970
-443739.950,-1172321.940,360.660
-443739.790,-1172322.330,360.510
-443739.570,-1172322.490,360.190
-443739.050,-1172322.870,359.980
-443738.720,-1172323.670,359.660
-443738.550,-1172324.080,359.480
-443738.040,-1172324.620,359.040
-443737.820,-1172323.880,359.220
-443737.460,-1172324.740,358.770
-443737.300,-1172325.140,358.640
-443731.830,-1172319.780,361.640
-443731.100,-1172319.530,361.270
-443730.930,-1172319.930,361.080
-443730.910,-1172319.290,361.020
-443738.540,-1172296.520,359.320
-443738.370,-1172296.930,359.140
-443738.530,-1172294.540,359.450
-443737.870,-1172296.140,358.890
-443738.470,-1172293.190,359.520
-443738.300,-1172293.610,359.330
-443737.650,-1172295.170,358.810
-443737.330,-1172295.950,358.580
-443737.180,-1172296.320,358.450
-443736.980,-1172295.020,358.410
-443736.340,-1172296.570,357.910
-443738.230,-1172293.130,359.260
-443737.900,-1172293.920,358.890
-443736.880,-1172294.920,358.210
-443736.400,-1172296.080,357.870
-443718.570,-1172319.140,358.510
-443717.850,-1172318.090,358.340
-443700.650,-1172298.690,357.640
-443826.840,-1172437.890,351.300
-443851.040,-1172415.020,348.510
-443850.640,-1172412.280,348.500
-443824.030,-1172309.920,355.260
-443824.120,-1172309.430,355.360
-443823.590,-1172308.520,355.100
-443743.160,-1172336.870,353.270
-443850.870,-1172419.730,362.630
-443851.660,-1172418.570,360.020
-443849.610,-1172382.210,371.010
-443839.170,-1172366.290,370.930
-443770.400,-1172427.430,361.720
-443838.990,-1172364.320,370.740
-443838.820,-1172358.200,370.750
-443838.810,-1172349.340,371.040
-443830.540,-1172354.140,370.660
-443838.380,-1172334.560,371.050
-443824.490,-1172309.090,355.670
-443824.700,-1172309.320,355.790
-443812.720,-1172306.870,357.410
-443806.190,-1172309.410,358.250
-443806.350,-1172309.870,358.200
-443807.670,-1172307.070,357.430
-443802.160,-1172312.540,356.600
-443802.510,-1172312.220,356.900
-443807.710,-1172307.490,357.360
-443802.050,-1172312.200,356.630
-443802.420,-1172311.860,356.950
-443801.830,-1172311.240,356.540
-443785.160,-1172320.100,357.490
-443787.750,-1172316.820,359.430
-443789.120,-1172315.580,360.440
-443786.000,-1172318.870,358.220
-443787.330,-1172317.660,359.140
-443787.660,-1172317.360,359.350
-443789.080,-1172313.680,361.360
-443780.000,-1172314.460,360.520
-443779.210,-1172314.230,360.090
-443779.550,-1172313.910,360.320
-443779.430,-1172314.560,360.190
-443779.090,-1172313.950,360.050
-443778.950,-1172313.690,359.940
-443737.130,-1172325.630,358.540
-443737.010,-1172325.270,358.530
-443739.610,-1172322.530,360.360
-443737.750,-1172323.850,359.100
-443740.390,-1172321.170,361.040
-443731.400,-1172320.000,361.460
-443730.880,-1172319.690,361.130
-443730.830,-1172319.270,361.040
-443738.080,-1172295.770,359.080
-443737.320,-1172296.040,358.570
-443738.360,-1172295.080,359.310
-443735.930,-1172296.770,357.730
-443736.270,-1172296.460,357.900
-443737.600,-1172295.230,358.870
-443736.550,-1172295.800,358.110
-443736.320,-1172295.450,357.930
-443736.980,-1172294.840,358.410
-443737.350,-1172294.500,358.740
-443737.700,-1172294.180,358.940
-443736.080,-1172295.110,357.800
-443737.070,-1172294.200,358.460
-443718.580,-1172319.240,358.700
-443718.860,-1172319.450,358.830
-443718.290,-1172318.060,358.570
-443718.140,-1172318.570,358.530
-443717.740,-1172317.710,358.300
-443701.370,-1172296.510,357.840
-443802.440,-1172437.760,347.590
-443802.210,-1172437.740,347.560
-443834.440,-1172396.500,354.000
-443834.310,-1172396.840,353.940
-443834.140,-1172395.400,353.910
-443833.700,-1172387.350,353.900
-443833.560,-1172387.700,353.890
-443826.670,-1172346.590,354.190
-443826.160,-1172350.790,354.150
-443826.390,-1172350.150,351.370
-443826.260,-1172350.500,351.370
-443733.140,-1172405.790,349.110
-443769.010,-1172402.380,349.640
-443825.960,-1172332.670,354.190
-443825.730,-1172332.560,354.160
-443824.330,-1172309.170,355.560
-443824.210,-1172309.490,355.490
-443824.090,-1172309.790,355.330
-443824.140,-1172308.960,355.410
-443824.010,-1172309.290,355.340
-443823.900,-1172309.580,355.210
-443822.580,-1172306.020,347.540
-443802.660,-1172316.990,351.090
-443765.520,-1172317.690,355.350
-443765.540,-1172319.610,355.210
-443849.720,-1172401.100,374.190
-443836.430,-1172426.710,374.120
-443835.030,-1172423.690,369.270
-443834.840,-1172423.600,369.310
-443835.670,-1172415.710,374.580
-443849.120,-1172374.860,374.740
-443835.100,-1172409.770,369.320
-443834.930,-1172410.080,358.030
-443835.150,-1172408.960,358.140
-443834.740,-1172406.250,369.000
-443834.610,-1172406.580,368.980
-443834.390,-1172406.290,368.900
-443835.070,-1172402.180,363.750
-443834.600,-1172401.800,363.630
-443834.050,-1172398.510,362.320
-443834.300,-1172397.970,370.800
-443834.160,-1172398.310,370.830
-443834.130,-1172393.160,362.340
-443833.940,-1172393.040,362.400
-443834.060,-1172391.150,365.160
-443834.000,-1172386.730,371.020
-443833.940,-1172386.280,365.210
-443839.070,-1172360.240,371.080
-443833.190,-1172373.510,356.720
-443839.040,-1172358.310,371.060
-443838.810,-1172358.910,370.710
-443838.930,-1172355.830,371.090
-443838.890,-1172352.750,371.030
-443838.570,-1172341.080,371.060
-443838.510,-1172337.320,371.060
-443826.980,-1172365.050,365.350
-443838.290,-1172335.340,371.040
-443838.340,-1172334.490,371.010
-443826.220,-1172354.490,359.700
-443826.290,-1172335.860,362.650
-443826.020,-1172336.520,359.770
-443838.270,-1172332.210,370.940
-443838.300,-1172333.040,371.030
-443825.740,-1172333.360,362.580
-443828.210,-1172307.180,356.930
-443824.830,-1172309.160,355.920
-443806.280,-1172309.650,358.130
-443806.150,-1172310.010,358.140
-443806.390,-1172310.180,358.340
-443802.070,-1172312.290,356.660
-443801.830,-1172312.930,356.470
-443801.760,-1172311.030,356.670
-443801.640,-1172311.340,356.520
-443785.340,-1172320.160,357.710
-443779.380,-1172314.940,360.240
-443779.360,-1172314.310,360.100
-443765.460,-1172292.030,358.400
-443741.020,-1172320.780,361.550
-443739.640,-1172322.330,360.510
-443739.160,-1172322.600,360.160
-443738.160,-1172323.530,359.510
-443737.120,-1172325.570,358.640
-443737.450,-1172324.660,358.920
-443731.020,-1172319.680,361.280
-443730.900,-1172320.000,361.180
-443730.310,-1172318.950,360.920
-443730.800,-1172319.200,361.200
-443738.410,-1172295.880,359.380
-443738.180,-1172296.500,359.140
-443737.960,-1172297.090,358.880
-443738.460,-1172296.630,359.340
-443737.990,-1172295.130,359.100
-443737.530,-1172296.370,358.750
-443737.310,-1172296.980,358.430
-443738.160,-1172295.350,359.220
-443737.940,-1172295.960,359.020
-443737.820,-1172296.280,358.910
-443737.700,-1172296.610,358.830
-443737.420,-1172294.850,358.750
-443737.300,-1172295.190,358.700
-443737.190,-1172295.470,358.550
-443736.950,-1172296.120,358.350
-443736.740,-1172296.710,358.170
-443736.610,-1172297.050,358.040
-443738.020,-1172293.730,359.290
-443737.550,-1172295.010,358.920
-443737.440,-1172295.310,358.790
-443737.100,-1172296.240,358.470
-443736.980,-1172296.580,358.420
-443736.860,-1172296.880,358.280
-443736.820,-1172294.430,358.370
-443736.250,-1172296.000,357.930
-443737.440,-1172293.610,358.910
-443737.330,-1172293.910,358.720
-443736.990,-1172294.850,358.520
-443736.650,-1172295.770,358.230
-443736.410,-1172296.430,358.120
-443736.300,-1172296.710,357.980
-443718.970,-1172319.860,359.000
-443718.160,-1172318.430,358.640
-443704.350,-1172328.030,360.540
-443705.880,-1172321.800,358.470
-443835.160,-1172423.060,348.590
-443834.560,-1172410.830,351.020
-443802.400,-1172437.850,347.560
-443802.680,-1172437.620,347.580
-443802.180,-1172437.580,347.430
-443792.600,-1172422.150,352.580
-443793.040,-1172418.710,350.410
-443793.030,-1172417.950,350.380
-443792.970,-1172417.540,350.380
-443834.120,-1172398.070,353.910
-443834.340,-1172397.890,354.050
-443834.330,-1172396.080,354.300
-443834.170,-1172396.580,353.930
-443834.090,-1172395.500,353.930
-443833.970,-1172390.560,353.940
-443833.820,-1172388.120,353.880
-443825.920,-1172339.920,349.190
-443826.710,-1172353.740,351.460
-443825.850,-1172332.590,354.240
-443823.970,-1172309.720,355.340
-443824.220,-1172309.510,355.470
-443823.980,-1172308.590,355.440
-443743.130,-1172336.640,353.140
-443765.580,-1172319.470,355.290
-443779.760,-1172319.010,351.960
-443835.570,-1172427.970,358.140
-443835.500,-1172424.240,369.430
-443849.960,-1172405.980,374.580
-443835.060,-1172415.470,369.320
-443850.030,-1172400.420,374.780
-443834.840,-1172410.210,358.020
-443834.860,-1172409.030,358.080
-443834.880,-1172408.730,363.700
-443835.550,-1172407.990,373.880
-443849.760,-1172395.150,374.730
-443834.910,-1172407.050,372.050
-443843.680,-1172399.820,374.500
-443834.970,-1172405.190,369.100
-443834.760,-1172402.640,366.860
-443834.790,-1172401.770,363.770
-443834.720,-1172401.820,366.920
-443849.640,-1172387.590,374.900
-443849.460,-1172387.270,374.720
-443834.340,-1172398.260,362.460
-443834.350,-1172398.250,365.350
-443834.250,-1172398.330,370.830
-443834.180,-1172397.600,362.360
-443835.100,-1172395.440,374.440
-443842.760,-1172378.100,374.620
-443848.930,-1172370.750,374.710
-443770.350,-1172430.320,361.490
-443770.280,-1172429.380,361.480
-443770.210,-1172427.220,361.630
-443833.400,-1172373.870,356.770
-443833.350,-1172371.520,356.750
-443839.260,-1172366.200,371.100
-443839.200,-1172364.600,371.100
-443838.880,-1172352.760,371.100
-443734.160,-1172436.540,360.780
-443838.560,-1172348.820,370.770
-443838.720,-1172347.110,371.110
-443838.600,-1172343.400,371.080
-443838.590,-1172342.930,371.070
-443838.490,-1172339.910,371.080
-443838.400,-1172338.320,371.060
-443838.350,-1172335.520,371.050
-443826.150,-1172346.060,368.360
-443838.390,-1172336.020,371.080
-443826.160,-1172333.540,362.970
-443828.250,-1172307.410,357.040
-443824.450,-1172309.320,355.670
-443828.220,-1172306.900,357.040
-443806.150,-1172310.100,358.200
-443806.600,-1172309.730,358.560
-443805.920,-1172309.350,357.990
-443806.090,-1172309.730,358.140
-443801.920,-1172312.080,356.660
-443801.780,-1172312.800,356.460
-443802.220,-1172312.430,356.820
-443802.460,-1172312.230,357.020
-443801.590,-1172311.310,356.380
-443801.830,-1172311.120,356.620
-443802.290,-1172311.270,356.940
-443785.320,-1172319.930,357.700
-443785.780,-1172319.550,358.020
-443786.010,-1172319.360,358.190
-443786.360,-1172318.440,358.490
-443787.060,-1172317.850,358.990
-443787.780,-1172317.250,359.480
-443788.340,-1172316.120,360.020
-443789.040,-1172315.530,360.500
-443789.280,-1172315.330,360.680
-443779.860,-1172314.420,360.570
-443779.100,-1172313.980,360.070
-443779.320,-1172313.800,360.250
-443779.180,-1172314.470,360.090
-443779.430,-1172314.260,360.290
-443779.660,-1172314.070,360.450
-443779.880,-1172313.890,360.610
-443778.970,-1172313.530,360.020
-443737.270,-1172325.430,358.740
-443737.470,-1172324.680,358.910
-443737.880,-1172323.700,359.290
-443739.730,-1172322.130,360.580
-443739.960,-1172321.930,360.730
-443740.210,-1172321.720,360.900
-443740.200,-1172321.070,361.050
-443740.450,-1172320.850,361.180
-443731.350,-1172320.300,361.460
-443730.760,-1172319.690,361.140
-443730.990,-1172319.490,361.300
-443730.770,-1172319.230,361.160
-443737.880,-1172296.290,359.000
-443738.330,-1172295.900,359.310
-443738.550,-1172295.710,359.480
-443737.220,-1172296.070,358.600
-443737.930,-1172295.460,359.080
-443738.410,-1172295.050,359.420
-443738.640,-1172294.850,359.590
-443735.830,-1172296.620,357.520
-443736.030,-1172296.450,357.820
-443736.710,-1172295.860,358.290
-443737.180,-1172295.460,358.620
-443737.400,-1172295.270,358.770
-443737.640,-1172295.060,358.930
-443737.020,-1172294.970,358.540
-443736.250,-1172295.110,358.040
-443736.470,-1172294.920,358.190
-443736.950,-1172294.510,358.520
-443737.400,-1172294.120,358.820
-443738.070,-1172293.550,359.330
-443735.980,-1172294.690,357.900
-443717.850,-1172318.090,358.470
-443704.320,-1172328.390,360.490
-443705.790,-1172321.780,358.500
-443700.110,-1172298.990,357.670
-443700.340,-1172297.080,357.280
-443700.840,-1172296.640,357.550
