-443823.400,-1172433.250,351.550
-443825.250,-1172433.190,351.550
-443754.240,-1172329.700,355.130
-443719.900,-1172342.510,352.960
-443762.140,-1172421.340,361.790
-443840.820,-1172414.340,374.750
-443839.610,-1172415.560,377.460
-443849.830,-1172383.980,375.080
-443831.540,-1172420.940,377.810
-443836.760,-1172356.760,370.650
-443832.420,-1172340.900,370.580
-443724.750,-1172320.530,359.030
-443739.950,-1172292.480,359.150
-443743.750,-1172292.080,358.800
-443744.150,-1172293.140,358.570
-443749.400,-1172291.120,358.820
-443747.210,-1172317.630,360.370
-443750.560,-1172320.320,358.310
-443764.640,-1172290.470,357.270
-443790.780,-1172316.760,359.710
-443791.140,-1172315.840,359.580
-443793.620,-1172318.860,358.100
-443795.480,-1172314.080,360.440
-443793.890,-1172319.140,357.970
-443797.040,-1172312.840,360.970
-443794.200,-1172319.430,357.860
-443794.550,-1172318.540,357.650
-443795.020,-1172318.870,357.450
-443794.910,-1172320.120,357.330
-443798.730,-1172314.230,359.950
-443819.200,-1172310.040,357.480
-443820.420,-1172310.900,356.700
-443834.990,-1172306.500,357.400
-443707.100,-1172299.700,356.040
-443696.900,-1172328.490,360.550
-443710.740,-1172294.280,357.200
-443705.930,-1172324.720,361.030
-443706.170,-1172324.740,360.950
-443706.290,-1172324.430,361.010
-443706.490,-1172324.950,360.830
-443712.690,-1172321.770,362.060
-443713.370,-1172327.010,360.910
-443712.570,-1172331.760,360.960
-443714.270,-1172338.300,360.100
-443801.510,-1172423.990,352.800
-443842.570,-1172308.860,355.040
-443808.830,-1172319.580,351.550
-443807.470,-1172319.460,351.650
-443795.150,-1172290.600,355.470
-443747.150,-1172331.940,352.780
-443719.980,-1172342.540,352.960
-443836.100,-1172338.510,370.850
-443840.520,-1172423.030,374.170
-443839.730,-1172419.180,377.490
-443841.790,-1172407.700,374.850
-443848.880,-1172399.950,374.090
-443836.040,-1172400.040,374.400
-443734.490,-1172292.320,359.900
-443743.810,-1172295.170,358.410
-443762.160,-1172292.910,356.180
-443746.060,-1172316.880,361.090
-443747.740,-1172318.220,359.950
-443748.050,-1172318.370,359.830
-443749.230,-1172319.250,359.160
-443749.560,-1172319.500,358.920
-443784.270,-1172317.640,358.860
-443798.520,-1172314.160,360.110
-443793.190,-1172318.680,358.380
-443794.180,-1172318.300,357.810
-443794.860,-1172320.140,357.340
-443810.520,-1172310.870,359.210
-443814.390,-1172309.050,358.760
-443816.090,-1172310.200,357.630
-443702.200,-1172300.720,356.940
-443715.480,-1172295.950,357.960
-443706.400,-1172324.600,360.930
-443706.170,-1172324.800,360.990
-443706.050,-1172325.210,360.990
-443798.320,-1172421.000,353.850
-443795.880,-1172290.570,355.020
-443719.340,-1172342.970,353.160
-443848.810,-1172415.410,374.260
-443851.340,-1172376.380,373.520
-443831.230,-1172344.020,370.560
-443738.870,-1172422.440,361.640
-443708.620,-1172395.910,355.680
-443708.350,-1172395.920,355.670
-443797.750,-1172313.500,360.530
-443798.100,-1172313.820,360.280
-443794.020,-1172319.290,357.980
-443748.930,-1172318.990,359.490
-443745.040,-1172320.360,359.130
-443741.700,-1172323.420,357.680
-443741.830,-1172293.530,358.160
-443740.980,-1172293.050,358.630
-443739.920,-1172292.460,359.170
-443722.920,-1172320.820,359.120
-443722.340,-1172296.690,357.790
-443710.280,-1172322.480,361.870
-443706.430,-1172324.670,360.970
-443801.600,-1172424.010,352.730
-443800.660,-1172423.170,353.080
-443797.260,-1172331.720,351.100
-443743.790,-1172336.300,353.460
-443719.890,-1172342.630,352.950
-443851.660,-1172431.750,373.820
-443848.100,-1172416.150,374.230
-443843.270,-1172419.680,374.270
-443846.330,-1172415.760,374.080
-443845.040,-1172414.860,374.740
-443840.930,-1172414.350,374.750
-443847.570,-1172407.520,374.160
-443831.690,-1172421.120,377.660
-443846.420,-1172407.690,374.350
-443849.530,-1172374.850,374.870
-443839.450,-1172357.150,370.520
-443831.560,-1172354.970,370.660
-443708.530,-1172395.920,355.710
-443820.640,-1172310.900,356.670
-443815.630,-1172309.630,358.130
-443794.130,-1172318.250,357.860
-443793.650,-1172317.900,358.060
-443793.270,-1172318.770,358.330
-443792.700,-1172318.300,358.660
-443797.840,-1172313.620,360.470
-443797.180,-1172312.990,360.890
-443791.460,-1172317.350,359.280
-443791.180,-1172317.200,359.440
-443790.960,-1172315.750,359.650
-443790.720,-1172315.580,359.810
-443750.760,-1172320.410,358.270
-443749.920,-1172319.970,358.580
-443744.880,-1172320.270,358.980
-443743.860,-1172294.510,358.460
-443743.790,-1172291.910,358.950
-443725.610,-1172294.110,357.930
-443713.710,-1172337.400,360.380
-443714.500,-1172326.930,360.830
-443707.410,-1172325.430,360.620
-443706.330,-1172324.610,360.930
-443706.170,-1172325.180,361.010
-443706.380,-1172324.980,360.820
-443696.840,-1172328.530,360.580
-443698.020,-1172321.640,361.140
-443716.760,-1172299.290,357.120
-443716.520,-1172295.660,357.940
-443702.030,-1172300.550,357.050
-443825.220,-1172433.210,351.530
-443823.280,-1172433.420,351.490
-443801.540,-1172424.050,352.740
-443797.720,-1172420.560,354.000
-443752.800,-1172438.130,346.940
-443795.150,-1172290.600,355.490
-443807.830,-1172319.970,351.450
-443808.910,-1172318.100,351.990
-443810.460,-1172317.870,351.340
-443811.100,-1172317.560,351.400
-443744.120,-1172325.520,351.380
-443754.490,-1172329.860,355.130
-443720.140,-1172342.560,352.890
-443850.030,-1172432.010,374.140
-443840.300,-1172431.980,369.200
-443840.190,-1172431.920,366.410
-443847.560,-1172407.520,374.180
-443844.680,-1172407.810,374.730
-443841.800,-1172407.780,374.800
-443830.350,-1172421.670,377.480
-443834.000,-1172386.650,362.920
-443836.800,-1172370.490,374.790
-443836.600,-1172371.010,374.340
-443836.820,-1172356.630,370.740
-443832.410,-1172340.810,370.700
-443761.430,-1172421.500,361.810
-443832.960,-1172306.780,357.520
-443825.200,-1172331.970,362.880
-443819.550,-1172310.290,357.260
-443820.050,-1172310.630,357.030
-443797.650,-1172313.510,360.480
-443794.100,-1172318.250,357.820
-443797.040,-1172312.970,360.930
-443793.440,-1172317.690,358.260
-443793.180,-1172317.400,358.470
-443791.730,-1172317.600,359.160
-443791.090,-1172315.770,359.570
-443790.260,-1172316.370,360.020
-443748.000,-1172324.260,357.130
-443724.250,-1172322.420,359.370
-443721.410,-1172320.850,359.060
-443721.540,-1172294.750,357.960
-443714.220,-1172338.230,360.050
-443715.000,-1172337.070,360.480
-443717.000,-1172324.210,360.860
-443712.730,-1172327.110,360.930
-443706.530,-1172324.900,360.810
-443706.190,-1172324.250,361.100
-443706.320,-1172324.590,360.920
-443715.530,-1172296.230,357.870
-443696.690,-1172328.380,360.570
-443696.880,-1172328.540,360.640
-443697.130,-1172325.100,360.980
-443835.340,-1172404.900,351.490
-443801.700,-1172424.230,352.650
-443842.530,-1172308.890,355.030
-443841.860,-1172308.410,355.410
-443808.880,-1172318.650,351.880
-443743.980,-1172336.520,353.210
-443754.380,-1172329.820,355.120
-443848.140,-1172416.140,374.180
-443836.150,-1172418.910,377.520
-443847.450,-1172407.480,374.220
-443830.810,-1172420.150,378.840
-443844.720,-1172407.840,374.720
-443842.020,-1172407.920,374.190
-443841.760,-1172407.760,374.830
-443848.790,-1172400.050,374.270
-443851.110,-1172392.600,374.980
-443834.470,-1172400.590,357.300
-443850.330,-1172379.590,373.990
-443841.630,-1172370.600,374.640
-443834.950,-1172370.620,374.790
-443831.010,-1172336.940,370.620
-443841.410,-1172308.100,355.660
-443833.110,-1172306.690,357.470
-443819.240,-1172310.060,357.550
-443811.360,-1172310.140,358.320
-443793.280,-1172318.770,358.330
-443792.940,-1172318.510,358.540
-443791.050,-1172316.930,359.630
-443791.740,-1172316.350,359.210
-443782.370,-1172320.630,356.820
-443775.450,-1172315.840,360.930
-443750.570,-1172320.390,358.340
-443750.200,-1172320.140,358.520
-443749.870,-1172319.820,358.760
-443748.130,-1172318.420,359.830
-443746.770,-1172317.380,360.610
-443745.980,-1172316.830,361.080
-443764.650,-1172290.390,357.300
-443725.670,-1172320.920,358.680
-443744.130,-1172296.840,358.030
-443743.540,-1172293.760,358.520
-443744.090,-1172293.280,358.590
-443739.920,-1172292.480,359.170
-443706.180,-1172325.140,360.890
-443706.190,-1172325.760,360.480
-443716.420,-1172295.720,358.000
