-443770.340,-1172432.800,361.770
-443825.750,-1172342.800,356.930
-443850.530,-1172427.720,374.670
-443850.360,-1172425.800,374.700
-443849.780,-1172405.640,374.660
-443849.640,-1172395.400,374.680
-443849.340,-1172393.450,374.630
-443848.930,-1172382.180,374.660
-443848.940,-1172373.830,374.680
-443848.790,-1172371.350,374.610
-443838.330,-1172339.600,370.940
-443721.100,-1172320.620,359.780
-443699.190,-1172298.200,355.760
-443850.760,-1172430.510,374.560
-443848.840,-1172371.480,374.640
-443849.460,-1172384.940,374.220
-443848.960,-1172372.000,374.290
-443851.520,-1172416.460,349.310
-443851.610,-1172416.060,348.650
-443850.620,-1172407.290,348.470
-443718.770,-1172301.510,352.360
-443851.090,-1172419.540,365.980
-443802.310,-1172435.480,350.150
-443833.900,-1172391.450,353.940
-443827.010,-1172361.610,348.590
-443826.660,-1172357.840,349.640
-443826.710,-1172357.710,349.270
-443825.340,-1172347.590,346.840
-443833.870,-1172317.950,349.000
-443742.650,-1172333.250,352.810
-443850.230,-1172407.760,374.290
-443835.750,-1172425.370,358.160
-443835.560,-1172423.890,358.120
-443835.310,-1172424.550,358.050
-443848.900,-1172374.940,374.310
-443834.420,-1172409.310,365.290
-443834.080,-1172391.140,368.090
-443834.140,-1172390.510,368.060
-443834.060,-1172385.950,365.260
-443825.770,-1172342.770,356.920
-443825.810,-1172333.250,369.820
-443834.160,-1172392.530,354.270
-443833.870,-1172385.850,353.960
-443826.660,-1172361.550,348.550
-443769.120,-1172401.830,349.850
-443802.410,-1172314.820,351.170
-443765.170,-1172315.990,355.380
-443706.020,-1172322.840,355.430
-443718.710,-1172301.240,352.480
-443718.700,-1172300.820,352.330
-443850.500,-1172422.080,374.350
-443835.030,-1172412.830,363.760
-443849.770,-1172398.260,374.620
-443849.730,-1172396.760,374.610
-443834.890,-1172409.370,358.050
-443834.660,-1172402.380,366.500
-443849.400,-1172388.330,374.640
-443849.260,-1172383.520,374.670
-443834.010,-1172386.990,371.030
-443770.500,-1172432.070,361.740
-443826.790,-1172361.430,357.010
-443733.880,-1172430.660,360.730
-443838.240,-1172334.700,370.990
-443825.890,-1172336.780,370.220
-443825.730,-1172333.270,369.890
-443825.730,-1172332.200,369.970
