-443800.030,-1172406.420,350.450
-443770.240,-1172422.120,353.960
-443785.070,-1172419.720,350.100
-443785.010,-1172418.960,350.260
-443784.980,-1172418.090,350.250
-443784.680,-1172417.920,350.260
-443795.440,-1172378.610,351.600
-443795.660,-1172383.110,351.750
-443796.240,-1172381.640,351.320
-443797.450,-1172379.410,350.490
-443797.580,-1172379.090,350.460
-443797.700,-1172379.710,350.400
-443797.450,-1172384.050,350.800
-443797.560,-1172383.770,350.680
-443798.050,-1172383.770,350.470
-443799.540,-1172402.040,350.550
-443798.290,-1172403.060,351.300
-443798.640,-1172402.180,351.070
-443798.170,-1172401.440,351.280
-443798.310,-1172399.260,351.120
-443799.350,-1172396.620,350.340
-443797.830,-1172400.480,351.410
-443798.850,-1172395.800,350.590
-443798.900,-1172393.740,350.490
-443797.820,-1172394.930,351.120
-443797.090,-1172395.100,351.540
-443798.470,-1172390.700,350.620
-443798.590,-1172390.420,350.400
-443798.700,-1172390.130,350.420
-443796.810,-1172393.590,351.630
-443797.270,-1172392.430,351.340
-443798.570,-1172389.130,350.470
-443798.150,-1172387.370,350.590
-443796.390,-1172391.860,351.750
-443797.830,-1172387.110,350.710
-443798.190,-1172386.180,350.480
-443797.880,-1172385.130,350.570
-443798.120,-1172384.520,350.450
-443842.270,-1172307.770,355.010
-443841.850,-1172306.770,355.210
-443841.920,-1172307.450,355.230
-443758.210,-1172329.160,353.140
-443760.070,-1172335.740,352.470
-443759.730,-1172334.550,352.600
-443826.440,-1172342.860,371.050
-443826.430,-1172342.170,371.070
-443826.560,-1172343.540,370.760
-443831.150,-1172342.950,370.610
-443850.040,-1172402.720,373.820
-443850.550,-1172398.200,374.630
-443850.190,-1172385.840,374.820
-443850.560,-1172379.050,373.800
-443849.660,-1172370.770,374.600
-443849.410,-1172370.650,374.840
-443827.070,-1172366.380,370.890
-443827.180,-1172366.100,370.740
-443721.370,-1172294.420,357.880
-443721.790,-1172294.390,357.710
-443721.410,-1172316.430,357.720
-443725.200,-1172320.270,358.900
-443725.810,-1172320.540,358.470
-443739.870,-1172293.280,359.100
-443740.060,-1172296.680,359.250
-443742.510,-1172296.020,357.820
-443747.450,-1172317.020,360.160
-443747.930,-1172315.830,359.730
-443748.040,-1172315.550,359.510
-443748.530,-1172314.310,359.240
-443748.770,-1172313.720,358.980
-443748.890,-1172313.430,358.920
-443747.750,-1172317.240,359.970
-443748.100,-1172316.360,359.670
-443748.810,-1172314.580,359.020
-443749.050,-1172313.990,358.810
-443749.420,-1172313.070,358.440
-443749.660,-1172312.460,358.290
-443748.360,-1172316.490,359.500
-443748.470,-1172316.200,359.440
-443748.580,-1172315.920,359.220
-443749.890,-1172312.660,358.150
-443748.490,-1172317.230,359.520
-443748.610,-1172316.930,359.350
-443748.860,-1172316.320,359.160
-443749.090,-1172315.740,359.030
-443749.220,-1172315.430,358.870
-443749.330,-1172315.130,358.730
-443749.680,-1172314.260,358.340
-443749.680,-1172314.260,358.260
-443748.840,-1172317.530,359.350
-443748.950,-1172317.250,359.190
-443749.070,-1172316.950,359.070
-443749.310,-1172316.340,358.910
-443749.430,-1172316.050,358.810
-443749.680,-1172315.420,358.610
-443748.950,-1172318.370,359.320
-443749.180,-1172317.790,359.000
-443749.680,-1172316.560,358.610
-443749.790,-1172316.260,358.480
-443750.150,-1172315.370,358.200
-443749.170,-1172318.840,359.220
-443749.290,-1172318.540,358.880
-443749.660,-1172317.630,358.820
-443750.010,-1172318.010,358.520
-443750.130,-1172317.710,358.340
-443750.150,-1172318.730,358.530
-443761.740,-1172293.350,359.300
-443765.960,-1172293.930,358.840
-443774.510,-1172314.960,361.450
-443775.430,-1172314.750,360.850
-443793.150,-1172318.110,358.340
-443793.740,-1172318.550,358.070
-443798.420,-1172313.150,360.170
-443819.880,-1172309.930,357.070
-443820.000,-1172309.630,356.980
-443826.250,-1172332.530,370.740
-443837.130,-1172306.030,357.050
-443841.610,-1172307.360,355.520
-443715.910,-1172328.500,360.500
-443716.430,-1172334.130,360.490
-443716.310,-1172333.200,360.460
-443802.570,-1172438.240,351.260
-443798.320,-1172407.820,351.540
-443799.800,-1172405.730,350.620
-443798.640,-1172404.890,351.200
-443770.300,-1172422.060,354.100
-443770.790,-1172433.670,350.980
-443770.740,-1172433.390,350.940
-443784.910,-1172418.020,350.110
-443795.890,-1172377.300,351.260
-443796.510,-1172378.180,350.990
-443796.270,-1172378.370,351.170
-443797.070,-1172378.540,350.660
-443796.090,-1172379.370,351.260
-443797.430,-1172378.750,350.520
-443797.560,-1172379.120,350.430
-443797.480,-1172379.690,350.510
-443797.780,-1172382.380,350.490
-443797.860,-1172383.710,350.520
-443796.160,-1172385.150,351.560
-443798.090,-1172384.090,350.350
-443797.860,-1172385.270,350.580
-443796.330,-1172387.340,351.580
-443798.410,-1172387.710,350.450
-443797.820,-1172388.570,350.820
-443798.660,-1172390.510,350.390
-443798.440,-1172390.700,350.590
-443797.240,-1172391.720,351.300
-443797.400,-1172392.140,351.290
-443798.120,-1172392.930,350.890
-443797.230,-1172395.100,351.510
-443797.860,-1172395.970,351.210
-443799.210,-1172396.630,350.420
-443798.220,-1172399.340,351.140
-443797.590,-1172400.330,351.560
-443798.830,-1172402.210,351.000
-443798.630,-1172401.720,351.020
-443799.390,-1172400.570,350.540
-443799.410,-1172399.230,350.440
-443842.080,-1172307.840,355.140
-443842.210,-1172306.820,354.960
-443841.960,-1172307.030,355.140
-443841.700,-1172306.880,355.350
-443760.000,-1172335.870,352.570
-443759.980,-1172335.640,352.450
-443758.900,-1172332.710,353.000
-443755.500,-1172335.580,354.750
-443758.820,-1172332.210,353.070
-443758.400,-1172329.010,353.030
-443754.870,-1172329.250,354.930
-443727.590,-1172321.310,350.520
-443826.450,-1172336.930,370.720
-443826.600,-1172341.090,370.740
-443826.480,-1172345.320,370.980
-443826.590,-1172346.110,370.800
-443826.940,-1172359.040,370.960
-443827.200,-1172361.560,370.770
-443827.050,-1172363.420,371.000
-443827.200,-1172364.950,370.870
-443845.230,-1172414.520,374.230
-443832.050,-1172419.280,377.550
-443850.560,-1172398.530,374.680
-443851.080,-1172397.610,374.050
-443850.810,-1172392.280,373.830
-443835.680,-1172399.780,374.560
-443851.030,-1172387.350,374.530
-443835.710,-1172395.520,374.340
-443850.560,-1172380.580,373.390
-443850.550,-1172379.160,373.890
-443850.870,-1172376.660,373.680
-443849.690,-1172372.580,374.780
-443721.830,-1172295.150,357.740
-443739.300,-1172293.630,359.580
-443740.120,-1172294.560,359.110
-443741.070,-1172294.100,358.440
-443740.060,-1172294.940,359.170
-443740.600,-1172295.090,358.840
-443741.810,-1172294.520,358.030
-443741.550,-1172294.740,358.230
-443740.310,-1172295.770,359.060
-443741.530,-1172295.270,358.330
-443741.020,-1172295.690,358.670
-443740.270,-1172296.320,359.170
-443742.010,-1172294.870,357.980
-443741.670,-1172295.470,358.230
-443741.420,-1172295.680,358.400
-443741.170,-1172295.880,358.580
-443740.910,-1172296.100,358.750
-443740.180,-1172296.710,359.220
-443742.340,-1172295.480,357.820
-443741.620,-1172296.090,358.310
-443741.380,-1172296.280,358.500
-443725.850,-1172319.840,358.500
-443726.550,-1172321.020,358.160
-443765.870,-1172293.290,358.860
-443749.340,-1172313.220,358.620
-443748.820,-1172313.660,359.000
-443749.430,-1172313.560,358.580
-443748.920,-1172313.990,358.960
-443748.690,-1172314.180,359.120
-443749.530,-1172313.960,358.540
-443749.020,-1172314.390,358.870
-443748.800,-1172314.570,359.060
-443747.570,-1172315.610,359.970
-443747.070,-1172316.030,360.330
-443746.830,-1172316.230,360.580
-443746.570,-1172316.450,360.750
-443748.820,-1172314.780,359.070
-443748.100,-1172315.390,359.620
-443747.850,-1172315.590,359.780
-443747.600,-1172315.810,359.980
-443747.110,-1172316.220,360.320
-443746.860,-1172316.430,360.530
-443749.710,-1172314.640,358.460
-443749.210,-1172315.050,358.850
-443748.970,-1172315.260,359.030
-443748.730,-1172315.460,359.210
-443748.240,-1172315.870,359.560
-443748.010,-1172316.060,359.740
-443747.780,-1172316.260,359.920
-443747.520,-1172316.480,360.100
-443749.170,-1172315.470,358.910
-443748.660,-1172315.900,359.270
-443748.430,-1172316.090,359.480
-443747.450,-1172316.920,360.200
-443750.150,-1172315.220,358.290
-443749.920,-1172315.420,358.430
-443749.190,-1172316.030,358.960
-443748.450,-1172316.650,359.520
-443748.190,-1172316.870,359.690
-443747.690,-1172317.290,360.060
-443749.430,-1172316.200,358.770
-443749.170,-1172316.410,358.980
-443748.930,-1172316.610,359.160
-443748.690,-1172316.820,359.330
-443747.950,-1172317.440,359.870
-443749.710,-1172316.560,358.630
-443749.480,-1172316.760,358.810
-443749.220,-1172316.980,358.980
-443748.960,-1172317.190,359.270
-443748.710,-1172317.400,359.420
-443749.000,-1172318.130,359.240
-443749.870,-1172317.690,358.610
-443749.630,-1172317.900,358.790
-443748.920,-1172318.490,359.320
-443749.580,-1172318.550,358.880
-443749.320,-1172318.780,359.070
-443749.960,-1172318.630,358.640
-443750.290,-1172318.890,358.410
-443775.550,-1172313.630,360.670
-443775.800,-1172313.820,360.590
-443775.540,-1172314.040,360.860
-443775.050,-1172314.450,361.160
-443775.440,-1172314.970,360.890
-443775.190,-1172315.180,361.020
-443774.790,-1172315.170,361.350
-443790.810,-1172316.300,359.690
-443798.080,-1172312.350,360.270
-443808.800,-1172307.250,357.430
-443819.900,-1172309.720,357.080
-443841.460,-1172307.080,355.580
-443716.080,-1172316.840,358.000
-443715.860,-1172328.600,360.490
-443716.430,-1172334.020,360.510
-443716.400,-1172333.150,360.520
-443798.770,-1172406.340,351.320
-443798.270,-1172407.620,351.620
-443802.480,-1172438.270,351.530
-443770.020,-1172414.020,354.040
-443770.810,-1172432.080,350.890
-443776.770,-1172419.750,346.990
-443771.230,-1172433.670,350.860
-443770.810,-1172434.710,350.940
-443777.710,-1172423.870,354.020
-443796.490,-1172378.000,351.030
-443796.370,-1172378.300,351.190
-443796.900,-1172378.310,350.870
-443796.820,-1172379.870,351.020
-443795.800,-1172382.450,351.690
-443797.580,-1172379.300,350.530
-443797.720,-1172381.750,350.610
-443796.730,-1172384.250,351.290
-443797.920,-1172383.520,350.590
-443797.930,-1172385.070,350.670
-443797.810,-1172385.370,350.790
-443798.610,-1172389.160,350.600
-443797.450,-1172392.090,351.300
-443797.330,-1172392.390,351.410
-443797.950,-1172392.130,351.000
-443798.710,-1172390.190,350.480
-443798.600,-1172391.600,350.680
-443798.350,-1172392.240,350.810
-443797.730,-1172393.820,351.210
-443797.240,-1172395.070,351.600
-443798.800,-1172397.650,350.840
-443799.060,-1172398.530,350.770
-443797.670,-1172402.080,351.710
-443840.320,-1172339.190,351.470
-443840.320,-1172339.220,354.270
-443840.170,-1172343.670,348.730
-443840.900,-1172360.290,354.270
-443821.100,-1172313.760,350.450
-443726.530,-1172320.000,354.810
-443749.510,-1172313.810,352.350
-443749.940,-1172313.920,352.280
-443751.340,-1172322.950,352.300
-443751.200,-1172323.290,352.340
-443755.780,-1172329.410,354.420
-443758.130,-1172328.800,353.280
-443758.320,-1172329.040,353.160
-443758.870,-1172332.630,353.100
-443759.730,-1172334.700,352.790
-443759.880,-1172335.240,352.740
-443844.710,-1172407.260,374.930
-443849.780,-1172372.500,374.880
-443849.780,-1172371.320,374.810
-443835.950,-1172399.980,374.620
-443840.540,-1172364.860,357.210
-443840.570,-1172364.830,360.000
-443840.650,-1172362.100,362.760
-443840.530,-1172362.410,362.780
-443840.700,-1172362.040,368.390
-443840.980,-1172360.190,362.660
-443840.570,-1172361.230,359.920
-443840.990,-1172360.180,365.460
-443840.700,-1172359.430,365.590
-443840.390,-1172358.760,368.400
-443840.600,-1172353.920,359.910
-443840.150,-1172355.180,365.590
-443840.340,-1172353.290,365.550
-443840.360,-1172346.580,368.340
-443840.060,-1172344.060,357.160
-443840.080,-1172344.080,362.730
-443840.410,-1172343.290,370.360
-443839.830,-1172340.560,359.940
-443839.680,-1172336.000,365.570
-443831.350,-1172354.500,370.870
-443827.260,-1172361.430,370.950
-443827.040,-1172354.870,370.810
-443830.900,-1172335.900,370.790
-443826.830,-1172346.400,370.890
-443839.680,-1172332.590,357.130
-443841.450,-1172307.080,355.690
-443819.780,-1172309.550,357.240
-443819.670,-1172309.830,357.390
-443798.640,-1172313.360,360.160
-443798.620,-1172312.520,360.030
-443793.860,-1172318.560,358.080
-443792.550,-1172317.500,358.790
-443775.140,-1172315.220,361.200
-443775.730,-1172314.960,360.810
-443775.090,-1172314.510,361.240
-443749.520,-1172319.060,359.000
-443749.040,-1172316.150,359.120
-443749.250,-1172313.080,358.760
-443748.430,-1172314.290,359.410
-443746.630,-1172316.570,360.790
-443742.620,-1172296.190,357.840
-443742.500,-1172295.890,357.860
-443742.080,-1172295.860,358.070
-443741.780,-1172295.680,358.300
-443741.400,-1172296.600,358.600
-443741.050,-1172297.460,359.090
-443742.200,-1172294.110,357.880
-443741.330,-1172296.220,358.610
-443741.200,-1172296.530,358.710
-443741.310,-1172294.780,358.480
-443740.930,-1172295.710,358.790
-443740.560,-1172296.620,359.080
-443740.280,-1172296.580,359.320
-443740.110,-1172295.760,359.320
-443739.830,-1172293.400,359.350
-443740.270,-1172293.390,359.090
-443739.640,-1172294.920,359.570
-443726.820,-1172319.660,357.990
-443726.220,-1172319.930,358.380
-443725.180,-1172293.570,356.530
-443721.820,-1172294.510,357.830
-443721.670,-1172294.570,357.950
-443721.520,-1172293.970,357.930
-443716.550,-1172333.180,360.570
-443716.270,-1172333.870,360.650
-443716.460,-1172334.180,360.560
-443716.490,-1172319.210,358.680
-443716.370,-1172319.490,358.850
-443716.210,-1172317.730,358.300
-443802.570,-1172438.740,351.490
-443802.470,-1172438.380,351.490
-443802.380,-1172438.140,351.500
-443800.210,-1172409.780,350.630
-443798.280,-1172403.050,351.340
-443799.640,-1172403.140,350.620
-443799.840,-1172402.970,350.400
-443800.000,-1172406.030,350.530
-443777.060,-1172411.600,352.920
-443776.730,-1172419.840,347.160
-443784.990,-1172418.150,350.060
-443770.390,-1172431.670,351.050
-443795.570,-1172378.630,351.550
-443796.340,-1172378.400,351.130
-443839.890,-1172339.040,351.530
-443797.500,-1172379.270,350.540
-443797.700,-1172379.090,350.330
-443797.650,-1172379.490,350.400
-443797.720,-1172379.810,350.370
-443795.830,-1172382.470,351.620
-443797.880,-1172380.970,350.280
-443796.450,-1172382.700,351.290
-443797.860,-1172381.430,350.370
-443796.620,-1172383.910,351.270
-443798.010,-1172382.650,350.320
-443797.640,-1172383.810,350.710
-443797.850,-1172383.630,350.520
-443798.120,-1172383.880,350.340
-443798.180,-1172384.200,350.310
-443796.640,-1172386.460,351.430
-443798.230,-1172385.030,350.320
-443796.570,-1172387.070,351.480
-443798.430,-1172386.190,350.350
-443796.810,-1172388.180,351.410
-443797.820,-1172388.270,350.800
-443798.500,-1172387.650,350.350
-443798.280,-1172388.950,350.620
-443798.540,-1172389.320,350.490
-443798.650,-1172390.170,350.460
-443798.630,-1172390.750,350.470
-443798.950,-1172392.850,350.370
-443798.180,-1172393.960,350.940
-443797.900,-1172395.050,351.120
-443840.200,-1172356.950,348.810
-443840.510,-1172357.130,348.690
-443840.440,-1172360.640,354.360
-443799.680,-1172399.190,350.270
-443799.870,-1172402.150,350.350
-443840.690,-1172365.870,354.340
-443840.630,-1172365.930,348.740
-443842.170,-1172307.890,355.090
-443842.390,-1172307.680,354.920
-443842.030,-1172307.490,355.180
-443760.010,-1172335.690,352.600
-443759.820,-1172334.620,352.690
-443759.000,-1172333.180,353.020
-443758.840,-1172332.790,353.120
-443758.630,-1172331.450,353.140
-443750.590,-1172337.760,352.360
-443755.750,-1172329.340,354.380
-443751.250,-1172323.070,352.190
-443730.770,-1172297.250,352.150
-443726.540,-1172319.820,354.890
-443726.870,-1172322.390,350.710
-443727.020,-1172322.780,350.520
-443749.380,-1172313.940,352.370
-443749.630,-1172313.710,352.290
-443851.070,-1172428.120,374.010
-443850.840,-1172422.020,374.660
-443836.030,-1172417.720,374.670
-443850.860,-1172399.610,374.440
-443850.770,-1172398.380,374.560
-443851.040,-1172397.800,374.170
-443850.980,-1172395.360,374.260
-443850.010,-1172385.850,374.920
-443850.210,-1172384.360,374.760
-443850.440,-1172384.160,374.630
-443850.620,-1172377.830,373.630
-443850.460,-1172375.520,374.200
-443849.740,-1172373.160,374.760
-443850.960,-1172371.550,373.640
-443834.990,-1172378.180,374.710
-443840.260,-1172362.690,368.390
-443840.490,-1172362.480,362.760
-443840.320,-1172362.060,368.480
-443840.310,-1172362.070,365.720
-443840.680,-1172361.200,359.870
-443840.540,-1172360.550,365.530
-443840.490,-1172360.590,362.720
-443840.230,-1172360.830,359.990
-443840.470,-1172360.610,359.940
-443840.430,-1172358.920,368.370
-443840.280,-1172357.690,357.390
-443827.280,-1172365.930,370.850
-443840.250,-1172352.670,359.910
-443827.110,-1172363.560,371.030
-443840.290,-1172350.510,365.530
-443827.180,-1172361.340,370.920
-443831.450,-1172354.600,370.820
-443840.070,-1172344.320,365.530
-443826.630,-1172348.810,371.070
-443839.590,-1172337.100,362.790
-443839.640,-1172336.030,368.470
-443734.320,-1172431.270,361.800
-443826.450,-1172346.250,371.080
-443826.670,-1172346.050,370.870
-443826.630,-1172344.680,370.890
-443839.440,-1172331.000,357.180
-443826.360,-1172332.650,370.880
-443841.520,-1172307.450,355.590
-443819.850,-1172309.410,357.160
-443819.880,-1172309.900,357.160
-443815.400,-1172308.810,358.260
-443793.890,-1172318.470,357.970
-443798.700,-1172312.420,359.900
-443792.600,-1172317.630,358.710
-443798.640,-1172312.130,359.920
-443792.860,-1172317.730,358.560
-443797.280,-1172312.490,360.870
-443775.390,-1172315.140,360.990
-443774.650,-1172315.010,361.480
-443775.740,-1172314.010,360.610
-443774.880,-1172314.350,361.280
-443775.080,-1172314.160,361.130
-443775.500,-1172313.780,360.750
-443775.750,-1172313.550,360.550
-443749.830,-1172319.150,358.810
-443750.060,-1172318.950,358.620
-443750.270,-1172318.750,358.470
-443749.380,-1172318.930,359.080
-443749.810,-1172318.540,358.750
-443749.830,-1172318.070,358.690
-443748.920,-1172318.410,359.340
-443749.140,-1172318.210,359.190
-443749.820,-1172317.580,358.670
-443748.940,-1172318.050,359.330
-443749.620,-1172317.440,358.830
-443749.840,-1172317.240,358.670
-443748.750,-1172317.690,359.410
-443748.980,-1172317.480,359.240
-443749.200,-1172317.280,359.070
-443749.630,-1172316.890,358.760
-443748.610,-1172317.480,359.470
-443748.840,-1172317.280,359.290
-443749.060,-1172317.070,359.150
-443749.280,-1172316.870,358.990
-443749.490,-1172316.680,358.810
-443749.700,-1172316.490,358.660
-443748.500,-1172317.230,359.530
-443748.970,-1172316.810,359.170
-443748.380,-1172317.060,359.600
-443748.590,-1172316.870,359.440
-443749.050,-1172316.450,359.120
-443749.270,-1172316.240,358.930
-443749.710,-1172315.840,358.620
-443749.960,-1172315.610,358.430
-443750.170,-1172315.420,358.300
-443750.380,-1172315.230,358.090
-443747.590,-1172317.260,360.150
-443748.270,-1172316.630,359.640
-443748.490,-1172316.430,359.480
-443748.710,-1172316.230,359.310
-443747.240,-1172317.170,360.360
-443747.470,-1172316.950,360.190
-443749.270,-1172315.320,358.860
-443749.490,-1172315.110,358.700
-443749.820,-1172314.330,358.420
-443747.380,-1172316.560,360.230
-443747.820,-1172316.160,359.910
-443748.050,-1172315.950,359.760
-443748.480,-1172315.560,359.410
-443749.150,-1172314.940,358.900
-443749.450,-1172314.350,358.670
-443747.690,-1172315.960,359.970
-443747.920,-1172315.750,359.840
-443748.140,-1172315.550,359.650
-443748.790,-1172314.950,359.170
-443749.610,-1172313.720,358.520
-443746.930,-1172316.170,360.500
-443747.160,-1172315.960,360.300
-443747.620,-1172315.550,359.970
-443748.500,-1172314.730,359.320
-443748.730,-1172314.530,359.170
-443748.950,-1172314.330,359.010
-443749.150,-1172314.140,358.830
-443748.590,-1172314.310,359.240
-443748.790,-1172314.120,359.090
-443749.020,-1172313.910,358.910
-443748.130,-1172314.730,359.590
-443748.360,-1172314.520,359.420
-443749.380,-1172313.190,358.630
-443749.840,-1172312.770,358.290
-443750.060,-1172312.580,358.140
-443749.220,-1172313.080,358.710
-443749.900,-1172312.450,358.270
-443726.410,-1172320.930,358.250
-443726.260,-1172320.080,358.300
-443741.860,-1172297.290,358.540
-443741.200,-1172297.340,358.960
-443742.010,-1172296.590,358.120
-443742.480,-1172296.160,357.800
-443740.200,-1172297.450,359.600
-443741.950,-1172295.850,358.120
-443742.380,-1172295.450,357.810
-443740.810,-1172296.450,358.870
-443741.250,-1172296.040,358.550
-443739.930,-1172296.760,359.410
-443741.960,-1172294.890,358.000
-443740.400,-1172295.950,359.080
-443741.760,-1172294.700,358.110
-443742.200,-1172294.290,357.790
-443740.130,-1172295.780,359.240
-443740.370,-1172295.560,359.080
-443740.580,-1172295.360,358.930
-443741.250,-1172294.740,358.460
-443741.470,-1172294.540,358.290
-443741.700,-1172294.330,358.120
-443740.080,-1172295.320,359.250
-443740.950,-1172294.520,358.620
-443739.870,-1172294.950,359.360
-443741.000,-1172293.540,358.540
-443739.950,-1172293.610,359.190
-443739.500,-1172294.020,359.530
-443721.820,-1172294.620,357.740
-443716.500,-1172334.100,360.620
-443715.820,-1172327.390,360.590
-443715.630,-1172327.140,360.630
-443834.730,-1172408.400,354.290
-443834.570,-1172401.750,351.370
-443798.150,-1172403.960,351.490
-443799.860,-1172403.060,350.510
-443799.240,-1172408.050,351.100
-443796.980,-1172378.840,350.900
-443797.810,-1172380.840,350.490
-443797.670,-1172381.220,350.600
-443798.010,-1172382.580,350.480
-443796.540,-1172388.670,351.630
-443796.710,-1172394.020,351.610
-443798.640,-1172390.560,350.590
-443798.100,-1172392.920,350.900
-443798.510,-1172398.440,350.850
-443799.580,-1172399.580,350.480
-443755.040,-1172329.230,354.910
-443758.330,-1172328.990,353.050
-443758.660,-1172332.260,353.090
-443851.010,-1172422.790,374.770
-443850.570,-1172378.590,373.620
-443835.040,-1172411.590,370.980
-443832.050,-1172419.470,377.750
-443834.680,-1172400.780,359.850
-443835.530,-1172391.140,374.390
-443827.010,-1172365.030,371.030
-443826.770,-1172354.100,371.050
-443826.810,-1172353.070,371.110
-443826.660,-1172351.030,371.070
-443826.760,-1172348.830,371.140
-443826.580,-1172347.630,371.090
-443826.540,-1172340.910,370.710
-443826.590,-1172339.890,370.780
-443815.360,-1172308.790,358.450
-443808.980,-1172307.140,357.350
-443798.470,-1172313.020,360.370
-443798.590,-1172313.380,360.110
-443793.030,-1172317.810,358.590
-443790.410,-1172315.990,359.950
-443746.860,-1172316.380,360.470
-443742.060,-1172295.930,358.150
-443741.620,-1172294.600,358.300
-443741.480,-1172294.990,358.430
-443741.090,-1172293.470,358.570
-443740.100,-1172296.200,359.370
-443740.410,-1172293.930,358.860
-443740.260,-1172294.350,359.010
-443739.600,-1172293.500,359.320
-443726.560,-1172320.970,358.040
-443726.350,-1172320.980,358.330
-443726.030,-1172319.770,358.460
-443721.420,-1172290.790,357.650
-443719.970,-1172319.350,358.660
-443720.460,-1172319.030,358.410
-443715.940,-1172328.690,360.530
-443715.630,-1172327.140,360.750
-443798.620,-1172404.840,351.250
-443799.850,-1172403.070,350.470
-443798.370,-1172403.350,351.310
-443800.110,-1172405.060,350.510
-443798.210,-1172407.620,351.620
-443799.840,-1172405.760,350.650
-443798.960,-1172409.320,351.320
-443799.950,-1172408.510,350.700
-443800.180,-1172408.780,350.590
-443734.260,-1172435.940,347.580
-443795.890,-1172377.420,351.410
-443796.160,-1172379.300,351.270
-443797.360,-1172379.070,350.600
-443797.740,-1172379.760,350.540
-443796.790,-1172381.430,351.000
-443796.980,-1172382.840,351.020
-443797.670,-1172382.280,350.590
-443796.280,-1172385.240,351.520
-443796.130,-1172385.900,351.640
-443798.140,-1172384.250,350.440
-443797.040,-1172390.240,351.350
-443798.380,-1172389.150,350.550
-443796.600,-1172391.500,351.690
-443798.580,-1172390.350,350.500
-443798.540,-1172391.310,350.550
-443798.220,-1172392.600,350.790
-443797.270,-1172394.350,351.430
-443798.710,-1172393.640,350.630
-443798.610,-1172395.590,350.780
-443799.410,-1172396.650,350.450
-443798.760,-1172397.620,350.800
-443798.480,-1172398.320,351.000
-443799.180,-1172398.920,350.650
-443797.860,-1172400.470,351.500
-443797.790,-1172402.160,351.590
-443798.680,-1172402.200,351.080
-443799.710,-1172402.260,350.480
-443842.260,-1172308.080,355.060
-443842.140,-1172307.500,355.110
-443842.290,-1172306.800,355.030
-443758.240,-1172329.170,353.170
-443758.560,-1172328.900,353.030
-443758.630,-1172332.210,353.180
-443759.790,-1172334.700,352.720
-443832.100,-1172419.410,377.550
-443835.530,-1172412.420,359.860
-443850.650,-1172398.930,374.920
-443851.470,-1172398.260,374.080
-443850.890,-1172398.310,374.650
-443851.300,-1172397.970,374.140
-443834.880,-1172400.720,359.810
-443835.790,-1172399.970,374.520
-443834.260,-1172389.330,369.190
-443827.070,-1172363.490,371.010
-443827.130,-1172359.990,370.820
-443826.930,-1172354.090,370.750
-443734.230,-1172429.420,361.730
-443841.540,-1172307.420,355.500
-443819.950,-1172309.470,357.060
-443813.520,-1172306.610,357.380
-443797.320,-1172312.320,360.790
-443775.790,-1172315.560,360.670
-443775.370,-1172314.790,360.940
-443775.070,-1172314.420,361.140
-443775.440,-1172314.110,360.890
-443775.790,-1172313.830,360.670
-443750.210,-1172319.530,358.570
-443750.010,-1172319.170,358.730
-443749.330,-1172318.510,359.070
-443749.700,-1172318.200,358.820
-443750.030,-1172317.920,358.570
-443748.990,-1172318.130,359.230
-443749.690,-1172317.540,358.740
-443748.830,-1172317.830,359.400
-443749.200,-1172317.520,359.100
-443749.550,-1172317.220,358.860
-443748.930,-1172317.240,359.240
-443749.320,-1172316.920,358.940
-443749.680,-1172316.620,358.710
-443748.430,-1172317.110,359.580
-443748.760,-1172316.840,359.360
-443749.500,-1172316.210,358.800
-443748.110,-1172316.750,359.730
-443748.450,-1172316.470,359.460
-443748.810,-1172316.160,359.210
-443749.160,-1172315.860,358.950
-443749.500,-1172315.580,358.710
-443749.860,-1172315.280,358.460
-443747.440,-1172316.820,360.210
-443748.140,-1172316.220,359.730
-443748.520,-1172315.900,359.410
-443749.210,-1172315.320,358.930
-443747.760,-1172315.960,359.890
-443748.120,-1172315.660,359.630
-443748.480,-1172315.350,359.350
-443747.000,-1172315.980,360.490
-443747.340,-1172315.690,360.230
-443749.130,-1172314.170,358.920
-443748.540,-1172314.000,359.200
-443748.870,-1172313.730,359.010
-443749.580,-1172313.120,358.470
-443749.520,-1172312.590,358.500
-443749.840,-1172312.320,358.370
-443766.010,-1172293.790,358.890
-443720.760,-1172316.830,358.130
-443742.200,-1172294.290,357.800
-443739.890,-1172295.130,359.410
-443740.940,-1172294.230,358.650
-443740.190,-1172293.520,359.070
-443739.440,-1172293.520,359.520
-443739.560,-1172292.800,359.400
