-443801.050,-1172410.880,352.790
-443797.510,-1172416.180,354.050
-443799.120,-1172406.180,351.030
-443797.720,-1172405.590,351.760
-443797.840,-1172405.280,351.640
-443770.260,-1172419.800,353.790
-443785.260,-1172421.060,350.040
-443795.390,-1172377.770,351.630
-443796.720,-1172378.290,350.900
-443795.430,-1172382.770,351.810
-443795.940,-1172385.120,351.650
-443796.410,-1172383.930,351.310
-443795.920,-1172387.950,351.820
-443833.610,-1172392.480,346.810
-443798.700,-1172401.190,350.990
-443798.820,-1172400.890,350.890
-443799.310,-1172395.910,350.430
-443796.780,-1172397.580,351.830
-443798.430,-1172392.630,350.630
-443796.390,-1172392.610,351.780
-443796.870,-1172391.410,351.430
-443797.520,-1172386.970,350.890
-443795.990,-1172389.960,351.860
-443732.440,-1172398.030,350.560
-443729.540,-1172292.770,354.920
-443746.430,-1172333.120,352.880
-443755.310,-1172330.940,354.600
-443754.960,-1172332.790,354.780
-443755.680,-1172330.970,354.460
-443755.200,-1172333.120,354.790
-443755.310,-1172332.820,354.750
-443756.510,-1172331.010,354.010
-443756.850,-1172331.830,353.800
-443776.430,-1172313.370,350.860
-443759.370,-1172335.460,352.820
-443758.270,-1172336.300,353.510
-443758.380,-1172336.000,353.430
-443758.190,-1172334.700,353.470
-443758.300,-1172334.410,353.440
-443757.220,-1172336.430,354.050
-443756.510,-1172337.060,354.320
-443757.800,-1172333.790,353.560
-443756.830,-1172334.350,354.010
-443758.060,-1172330.600,353.290
-443758.170,-1172330.300,353.230
-443701.100,-1172318.220,351.380
-443826.150,-1172336.970,371.080
-443850.880,-1172422.610,374.650
-443850.560,-1172413.880,373.750
-443850.330,-1172394.620,374.770
-443850.350,-1172393.600,374.680
-443850.930,-1172392.140,373.720
-443840.680,-1172413.960,374.810
-443851.020,-1172384.480,373.850
-443841.800,-1172407.180,374.810
-443850.310,-1172376.580,373.840
-443849.590,-1172376.690,374.110
-443835.920,-1172407.750,374.190
-443835.460,-1172390.680,374.340
-443839.160,-1172355.290,370.490
-443839.100,-1172351.480,370.440
-443838.710,-1172342.580,370.430
-443838.830,-1172340.330,370.460
-443827.210,-1172364.500,370.750
-443721.750,-1172291.010,357.610
-443721.650,-1172293.120,357.700
-443722.870,-1172291.710,357.280
-443723.360,-1172290.500,356.950
-443722.160,-1172296.120,357.610
-443724.110,-1172291.310,356.700
-443722.790,-1172295.810,357.370
-443724.720,-1172292.960,356.650
-443724.840,-1172292.670,356.510
-443723.960,-1172295.470,356.940
-443724.090,-1172295.160,356.840
-443724.530,-1172295.090,356.690
-443725.370,-1172293.020,356.330
-443725.580,-1172293.370,356.220
-443720.900,-1172316.850,358.020
-443721.020,-1172316.560,357.920
-443721.970,-1172315.560,357.460
-443749.780,-1172312.170,358.090
-443813.620,-1172306.330,357.340
-443815.220,-1172308.510,358.300
-443837.250,-1172305.730,356.970
-443840.040,-1172333.360,370.360
-443838.500,-1172332.080,370.450
-443719.820,-1172317.590,358.640
-443715.600,-1172327.330,360.660
-443716.180,-1172332.840,360.590
-443716.010,-1172331.460,360.610
-443797.170,-1172414.860,354.180
-443800.780,-1172411.410,352.890
-443797.830,-1172413.910,353.970
-443797.680,-1172418.500,354.050
-443801.070,-1172422.480,353.040
-443800.270,-1172408.360,350.490
-443769.650,-1172412.470,354.080
-443769.670,-1172412.790,354.200
-443770.230,-1172418.000,353.830
-443770.510,-1172420.970,353.810
-443770.400,-1172421.490,353.850
-443770.730,-1172424.870,353.800
-443795.180,-1172379.750,351.820
-443796.410,-1172384.020,351.380
-443797.460,-1172387.570,351.000
-443797.470,-1172394.900,351.330
-443798.090,-1172396.640,351.080
-443797.840,-1172396.850,351.220
-443797.040,-1172399.380,351.820
-443797.090,-1172400.760,351.850
-443728.750,-1172291.860,355.100
-443728.220,-1172293.290,355.360
-443759.610,-1172335.520,352.830
-443758.390,-1172336.560,353.500
-443758.330,-1172336.160,353.490
-443757.430,-1172336.320,353.900
-443757.190,-1172336.520,354.020
-443756.690,-1172336.950,354.270
-443772.660,-1172323.440,352.130
-443758.620,-1172334.450,353.300
-443755.650,-1172336.970,354.790
-443757.840,-1172334.640,353.620
-443757.610,-1172334.840,353.730
-443757.360,-1172335.050,353.860
-443757.090,-1172335.280,353.990
-443758.330,-1172332.630,353.360
-443758.300,-1172331.550,353.280
-443758.060,-1172331.760,353.420
-443757.810,-1172331.970,353.530
-443757.560,-1172332.180,353.670
-443756.320,-1172333.220,354.280
-443754.950,-1172334.990,354.990
-443758.150,-1172331.290,353.290
-443755.450,-1172333.020,354.690
-443755.210,-1172333.210,354.810
-443758.310,-1172329.440,353.110
-443756.840,-1172330.690,353.860
-443756.340,-1172331.110,354.130
-443757.210,-1172329.510,353.710
-443756.980,-1172329.710,353.810
-443756.180,-1172329.440,354.170
-443755.830,-1172329.400,354.330
-443746.680,-1172334.620,352.740
-443723.230,-1172329.390,352.260
-443701.430,-1172318.200,351.210
-443701.100,-1172318.140,351.460
-443826.640,-1172343.420,370.730
-443838.800,-1172337.080,370.580
-443734.310,-1172428.710,361.550
-443827.270,-1172362.280,370.770
-443827.110,-1172366.400,370.970
-443839.420,-1172360.730,370.620
-443834.940,-1172374.130,374.320
-443851.500,-1172399.060,374.060
-443835.820,-1172404.970,374.710
-443851.060,-1172392.070,373.670
-443850.970,-1172384.590,373.980
-443850.780,-1172378.970,373.790
-443726.750,-1172291.050,355.780
-443722.660,-1172294.010,357.350
-443722.290,-1172295.790,357.590
-443724.110,-1172295.330,356.890
-443726.650,-1172294.110,355.940
-443726.400,-1172294.320,356.040
-443739.620,-1172294.450,359.460
-443739.380,-1172294.640,359.600
-443739.390,-1172295.170,359.670
-443721.870,-1172315.390,357.480
-443720.890,-1172316.470,358.010
-443721.620,-1172316.740,357.630
-443720.970,-1172319.140,358.100
-443727.050,-1172320.590,357.830
-443726.810,-1172320.800,357.990
-443746.310,-1172316.670,360.930
-443797.060,-1172312.600,360.970
-443813.490,-1172306.220,357.360
-443719.410,-1172319.110,359.020
-443720.490,-1172319.540,358.390
-443719.510,-1172320.360,359.000
-443798.140,-1172404.810,351.620
-443797.960,-1172409.970,351.910
-443799.620,-1172411.810,353.340
-443800.660,-1172413.610,352.990
-443800.180,-1172416.210,353.240
-443800.880,-1172417.330,352.980
-443807.410,-1172406.910,348.040
-443802.800,-1172438.750,351.350
-443770.210,-1172414.780,353.970
-443770.240,-1172416.010,353.980
-443795.550,-1172384.440,351.890
-443796.800,-1172382.780,351.160
-443796.420,-1172388.890,351.730
-443797.900,-1172386.640,350.770
-443797.020,-1172400.880,351.940
-443840.410,-1172358.530,354.380
-443754.820,-1172406.110,350.460
-443802.340,-1172330.100,350.440
-443726.470,-1172319.290,354.710
-443749.670,-1172314.570,352.350
-443746.300,-1172332.970,352.880
-443756.250,-1172329.380,354.140
-443755.980,-1172330.050,354.290
-443755.610,-1172330.950,354.540
-443756.910,-1172329.700,353.880
-443756.780,-1172330.030,353.930
-443756.380,-1172330.980,354.160
-443757.990,-1172331.240,353.450
-443758.260,-1172332.470,353.370
-443758.130,-1172332.780,353.440
-443757.300,-1172335.210,353.980
-443757.350,-1172337.070,354.140
-443758.430,-1172336.340,353.470
-443758.310,-1172336.620,353.580
-443852.170,-1172427.160,360.810
-443850.860,-1172422.870,374.700
-443849.320,-1172413.990,374.220
-443849.350,-1172411.400,374.270
-443851.440,-1172398.830,374.050
-443851.110,-1172392.380,373.810
-443850.490,-1172394.090,374.810
-443841.760,-1172407.270,374.890
-443851.360,-1172377.690,373.480
-443835.520,-1172388.300,374.540
-443840.510,-1172358.440,368.360
-443827.210,-1172357.250,370.780
-443831.010,-1172335.630,370.560
-443826.720,-1172341.130,370.830
-443734.400,-1172428.700,361.720
-443820.470,-1172309.060,356.790
-443794.440,-1172319.110,357.810
-443798.290,-1172311.080,360.120
-443742.460,-1172294.950,357.810
-443741.810,-1172296.340,358.270
-443726.960,-1172320.440,357.960
-443726.840,-1172320.750,358.030
-443721.850,-1172318.190,357.680
-443722.080,-1172315.750,357.460
-443721.820,-1172316.390,357.590
-443721.710,-1172316.670,357.690
-443721.580,-1172317.000,357.780
-443721.440,-1172317.320,357.830
-443720.980,-1172316.590,358.060
-443721.590,-1172315.860,357.700
-443727.540,-1172293.580,355.650
-443727.410,-1172293.900,355.720
-443724.550,-1172292.740,356.700
-443723.630,-1172295.000,357.080
-443722.310,-1172296.060,357.610
-443722.210,-1172295.150,357.640
-443721.960,-1172295.770,357.820
-443722.050,-1172295.010,357.660
-443721.910,-1172293.990,357.730
-443721.760,-1172291.010,357.610
-443721.220,-1172290.660,357.850
-443716.040,-1172330.510,360.620
-443720.720,-1172318.000,358.320
-443719.770,-1172317.720,358.780
-443719.380,-1172318.690,359.030
-443714.800,-1172318.960,360.530
-443714.540,-1172317.240,360.320
-443802.710,-1172439.040,351.350
-443801.470,-1172417.830,352.710
-443798.400,-1172418.570,353.830
-443799.230,-1172414.920,353.440
-443801.030,-1172410.880,352.750
-443797.170,-1172414.770,354.160
-443797.610,-1172406.810,351.900
-443799.960,-1172407.280,350.670
-443800.320,-1172408.320,350.490
-443789.140,-1172421.110,350.030
-443770.640,-1172424.210,353.790
-443796.570,-1172379.060,351.020
-443795.320,-1172381.600,351.840
-443795.470,-1172382.310,351.810
-443795.360,-1172382.900,351.870
-443796.780,-1172382.890,351.130
-443796.480,-1172383.670,351.330
-443796.950,-1172384.440,351.130
-443796.120,-1172386.930,351.680
-443797.510,-1172387.540,350.960
-443798.010,-1172388.630,350.740
-443799.130,-1172394.400,350.410
-443797.150,-1172399.110,351.770
-443798.780,-1172400.890,350.960
-443798.210,-1172402.410,351.340
-443711.800,-1172397.550,352.430
-443758.430,-1172336.270,353.440
-443757.210,-1172337.000,354.080
-443757.660,-1172336.590,353.840
-443758.390,-1172335.920,353.440
-443756.920,-1172336.630,354.150
-443757.140,-1172336.420,354.030
-443756.810,-1172334.260,354.100
-443758.400,-1172332.410,353.320
-443758.160,-1172332.380,353.390
-443755.750,-1172333.700,354.550
-443756.000,-1172333.470,354.450
-443756.240,-1172333.250,354.350
-443756.470,-1172333.040,354.210
-443758.010,-1172331.230,353.380
-443755.160,-1172333.110,354.850
-443755.390,-1172332.900,354.720
-443758.270,-1172330.280,353.230
-443754.910,-1172333.010,354.940
-443756.340,-1172331.260,354.170
-443756.560,-1172331.050,354.030
-443757.530,-1172330.170,353.580
-443757.750,-1172329.970,353.440
-443758.260,-1172329.510,353.180
-443758.480,-1172329.310,353.000
-443755.450,-1172331.040,354.550
-443755.700,-1172330.820,354.410
-443756.870,-1172329.750,353.830
-443757.100,-1172329.540,353.720
-443755.910,-1172330.100,354.330
-443750.320,-1172335.210,352.370
-443746.460,-1172334.410,352.900
-443746.490,-1172333.130,352.880
-443743.640,-1172331.870,352.950
-443728.740,-1172293.290,355.180
-443726.730,-1172319.650,354.600
-443726.480,-1172321.310,354.680
-443774.540,-1172291.380,351.870
-443836.750,-1172431.180,374.720
-443849.670,-1172416.710,374.170
-443836.610,-1172426.970,374.690
-443850.950,-1172399.930,374.340
-443851.420,-1172399.510,374.130
-443851.560,-1172398.990,374.020
-443852.090,-1172398.040,373.670
-443850.970,-1172392.070,373.760
-443851.120,-1172384.580,373.880
-443851.130,-1172377.380,373.430
-443850.850,-1172377.150,373.490
-443849.290,-1172370.880,374.960
-443840.810,-1172364.810,370.230
-443840.450,-1172360.990,368.370
-443840.220,-1172358.580,368.490
-443827.020,-1172366.580,371.130
-443826.910,-1172351.190,370.750
-443826.630,-1172350.560,371.100
-443826.840,-1172347.600,370.720
-443826.310,-1172339.890,371.100
-443831.010,-1172335.640,370.550
-443840.890,-1172307.410,356.050
-443837.750,-1172307.780,356.220
-443794.700,-1172319.330,357.910
-443793.530,-1172318.530,358.250
-443798.160,-1172311.250,360.200
-443741.030,-1172317.440,361.080
-443726.870,-1172320.500,357.960
-443756.470,-1172291.330,359.220
-443756.330,-1172290.920,359.290
-443721.510,-1172317.020,357.760
-443742.430,-1172297.280,358.190
-443721.010,-1172316.490,357.990
-443742.390,-1172295.000,357.770
-443739.470,-1172296.380,359.740
-443727.400,-1172293.540,355.650
-443726.890,-1172293.410,355.830
-443724.700,-1172294.950,356.640
-443723.990,-1172295.020,356.940
-443725.540,-1172291.950,356.260
-443727.210,-1172290.420,355.630
-443725.330,-1172291.780,356.320
-443721.310,-1172290.690,357.820
-443716.170,-1172332.740,360.690
-443715.520,-1172326.770,360.710
-443719.840,-1172317.580,358.700
-443714.490,-1172316.130,360.090
-443799.180,-1172404.860,350.910
-443797.280,-1172414.660,354.190
-443798.860,-1172412.910,353.540
-443797.660,-1172418.490,354.150
-443800.740,-1172422.480,353.060
-443785.020,-1172421.650,350.300
-443795.420,-1172383.000,352.020
-443797.370,-1172382.010,350.800
-443795.820,-1172386.140,351.930
-443796.040,-1172390.720,351.820
-443796.460,-1172393.890,351.920
-443732.430,-1172398.060,350.500
-443757.010,-1172329.070,353.760
-443756.890,-1172329.410,353.680
-443756.350,-1172330.890,354.070
-443757.310,-1172330.240,353.520
-443756.890,-1172331.380,353.780
-443757.320,-1172336.630,353.920
-443757.880,-1172336.360,353.720
-443771.940,-1172323.700,352.330
-443851.240,-1172426.900,374.720
-443849.400,-1172411.790,374.120
-443851.720,-1172400.130,371.500
-443836.720,-1172427.670,374.770
-443841.650,-1172392.680,374.760
-443839.380,-1172357.410,370.400
-443827.420,-1172366.470,370.700
-443827.090,-1172366.560,371.150
-443742.470,-1172294.810,357.920
-443726.820,-1172318.460,357.830
-443721.320,-1172318.790,357.970
-443721.060,-1172316.340,357.940
-443726.770,-1172291.000,355.810
-443723.700,-1172295.530,357.050
-443721.780,-1172290.450,357.600
-443721.120,-1172290.680,357.810
-443716.730,-1172335.990,360.660
-443719.740,-1172317.750,358.800
-443714.700,-1172317.710,360.500
-443714.600,-1172316.910,360.310
-443697.240,-1172319.190,361.870
-443799.270,-1172417.080,353.500
-443798.300,-1172414.890,353.820
-443801.150,-1172413.020,352.790
-443798.530,-1172414.220,353.730
-443800.990,-1172411.810,352.850
-443801.300,-1172411.560,352.720
-443797.770,-1172403.420,351.670
-443798.410,-1172408.010,351.560
-443798.720,-1172407.750,351.340
-443798.890,-1172407.070,351.230
-443800.910,-1172410.270,352.850
-443799.720,-1172412.030,353.300
-443769.830,-1172412.850,354.080
-443785.200,-1172420.090,350.020
-443833.730,-1172392.420,346.840
-443795.120,-1172379.600,351.830
-443797.330,-1172382.100,350.760
-443795.780,-1172386.180,351.860
-443796.040,-1172387.170,351.790
-443797.620,-1172387.590,350.910
-443799.320,-1172401.670,350.690
-443755.620,-1172330.750,354.530
-443756.920,-1172329.660,353.870
-443757.000,-1172331.320,353.850
-443758.280,-1172330.250,353.200
-443758.000,-1172332.230,353.520
-443758.320,-1172332.470,353.370
-443757.020,-1172334.320,354.060
-443755.560,-1172336.960,354.870
-443758.210,-1172334.750,353.500
-443757.810,-1172336.350,353.780
-443758.460,-1172335.810,353.450
-443758.320,-1172336.460,353.520
-443758.620,-1172336.210,353.410
-443759.470,-1172336.380,352.980
-443849.770,-1172416.840,374.290
-443840.350,-1172421.370,374.270
-443851.570,-1172398.650,374.040
-443850.200,-1172394.450,374.960
-443850.510,-1172394.190,374.830
-443851.160,-1172387.340,374.540
-443844.360,-1172392.470,374.710
-443850.950,-1172377.570,373.710
-443726.760,-1172321.010,358.020
-443756.290,-1172290.650,359.250
-443721.750,-1172318.260,357.670
-443720.410,-1172317.130,358.350
-443726.850,-1172293.790,355.860
-443727.280,-1172293.850,355.770
-443724.680,-1172294.960,356.680
-443725.140,-1172292.810,356.450
-443722.300,-1172295.790,357.610
-443722.120,-1172294.550,357.590
-443722.720,-1172294.040,357.370
-443716.340,-1172334.150,360.710
-443716.190,-1172332.630,360.690
-443715.680,-1172328.750,360.790
-443697.370,-1172319.210,361.850
-443699.580,-1172317.720,361.120
-443700.500,-1172316.930,360.810
