-443784.980,-1172418.100,349.990
-443850.710,-1172392.690,374.030
-443850.690,-1172382.650,373.390
-443835.780,-1172397.440,374.770
-443834.990,-1172380.380,374.340
-443827.020,-1172362.390,370.950
-443739.690,-1172297.600,359.740
-443740.530,-1172296.790,359.010
-443743.180,-1172290.960,359.180
-443741.230,-1172296.770,358.570
-443765.880,-1172293.050,358.780
-443819.630,-1172309.680,357.280
-443710.300,-1172326.770,360.560
-443714.750,-1172317.670,360.320
-443716.070,-1172318.050,358.340
-443827.290,-1172366.800,370.850
-443851.240,-1172398.480,374.030
-443850.810,-1172392.720,373.920
-443850.080,-1172379.090,374.060
-443741.340,-1172296.750,358.540
-443741.670,-1172297.350,358.610
-443716.080,-1172317.410,358.230
-443802.210,-1172330.420,350.510
-443851.590,-1172377.910,373.390
-443851.460,-1172377.420,373.320
-443840.440,-1172358.510,359.920
-443765.940,-1172293.060,358.780
-443716.100,-1172318.010,358.470
-443851.670,-1172431.190,351.400
-443777.160,-1172413.270,353.030
-443731.010,-1172297.340,351.820
-443843.510,-1172417.590,377.280
-443835.840,-1172403.150,374.640
-443851.420,-1172377.530,373.380
-443849.700,-1172370.510,374.550
-443827.230,-1172366.390,370.940
-443826.920,-1172354.760,370.940
-443826.740,-1172346.360,370.840
-443826.500,-1172339.730,370.890
-443774.430,-1172314.760,361.630
-443716.340,-1172319.440,359.080
-443714.830,-1172318.580,360.460
-443714.770,-1172317.710,360.190
-443849.830,-1172370.740,374.750
-443833.780,-1172386.680,363.430
-443734.520,-1172436.620,361.280
-443838.060,-1172417.790,378.530
-443850.270,-1172385.980,374.730
-443834.530,-1172387.040,362.670
-443834.940,-1172374.420,374.430
-443841.500,-1172306.890,355.580
-443741.320,-1172296.710,358.590
