-443813.910,-1172315.870,353.540
-443812.860,-1172316.550,353.290
-443813.090,-1172315.960,353.530
-443802.550,-1172290.640,353.420
-443802.070,-1172291.090,353.270
-443790.190,-1172291.970,355.120
-443789.630,-1172291.860,355.260
-443720.750,-1172298.900,355.520
-443762.290,-1172295.350,355.120
-443776.160,-1172321.560,355.310
-443715.290,-1172300.590,355.260
-443711.030,-1172298.870,354.460
-443711.720,-1172297.130,355.450
-443707.650,-1172301.130,354.590
-443706.920,-1172301.010,354.600
-443705.060,-1172301.570,354.380
-443849.520,-1172399.850,374.270
-443841.730,-1172415.490,377.500
-443838.960,-1172421.660,380.140
-443839.080,-1172421.370,380.440
-443839.730,-1172415.260,377.580
-443835.210,-1172418.070,377.560
-443839.690,-1172400.230,374.130
-443836.060,-1172356.740,370.670
-443719.200,-1172296.120,357.360
-443718.850,-1172298.200,356.040
-443719.970,-1172297.290,356.630
-443720.920,-1172294.930,358.000
-443722.080,-1172320.880,359.050
-443736.220,-1172292.840,359.370
-443731.610,-1172321.270,361.280
-443734.310,-1172319.830,361.880
-443733.550,-1172325.260,358.530
-443737.340,-1172321.250,360.780
-443738.040,-1172322.800,359.720
-443738.320,-1172322.850,359.720
-443737.630,-1172325.820,358.720
-443740.750,-1172323.680,359.910
-443740.000,-1172326.460,358.240
-443742.400,-1172321.670,357.820
-443740.490,-1172326.460,358.260
-443744.510,-1172320.080,359.010
-443762.110,-1172291.280,356.870
-443766.440,-1172317.490,360.850
-443766.540,-1172318.240,360.410
-443766.790,-1172319.840,359.400
-443767.170,-1172320.660,358.980
-443766.780,-1172320.720,358.950
-443768.570,-1172318.010,360.390
-443769.080,-1172319.600,359.420
-443768.900,-1172319.060,359.740
-443769.250,-1172318.150,360.280
-443768.980,-1172320.960,358.700
-443769.210,-1172320.370,358.950
-443768.750,-1172321.550,358.310
-443774.380,-1172317.440,359.390
-443783.470,-1172320.100,356.870
-443785.030,-1172317.070,359.120
-443792.990,-1172314.120,360.630
-443793.990,-1172313.430,360.920
-443797.330,-1172318.820,357.210
-443797.240,-1172318.050,357.730
-443797.570,-1172317.200,358.320
-443817.420,-1172311.720,356.390
-443824.880,-1172332.200,365.280
-443834.580,-1172306.630,357.360
-443831.230,-1172330.650,371.100
-443835.920,-1172330.800,370.760
-443714.770,-1172295.370,358.130
-443718.040,-1172296.360,357.240
-443718.270,-1172295.790,357.620
-443705.220,-1172326.470,360.910
-443709.870,-1172322.290,362.000
-443714.030,-1172323.090,361.030
-443714.630,-1172321.580,362.080
-443713.820,-1172326.990,361.000
-443715.850,-1172323.010,360.990
-443795.190,-1172424.660,350.390
-443800.770,-1172424.210,352.660
-443794.590,-1172424.740,350.360
-443812.750,-1172316.250,353.340
-443802.400,-1172290.390,353.570
-443719.990,-1172299.670,355.130
-443719.750,-1172299.860,354.990
-443762.160,-1172295.180,355.190
-443723.140,-1172326.860,354.600
-443718.450,-1172326.420,355.370
-443718.200,-1172326.630,355.260
-443717.960,-1172326.830,355.150
-443717.580,-1172299.710,355.260
-443709.090,-1172300.830,354.600
-443712.390,-1172297.680,355.110
-443711.150,-1172298.710,354.560
-443711.750,-1172297.180,355.440
-443704.990,-1172301.460,354.460
-443704.770,-1172301.230,354.580
-443839.190,-1172421.390,380.420
-443841.650,-1172415.550,377.530
-443846.930,-1172399.860,374.200
-443845.870,-1172399.910,374.220
-443720.940,-1172294.990,357.970
-443720.180,-1172298.600,355.730
-443721.450,-1172298.440,355.800
-443735.110,-1172292.360,359.690
-443739.820,-1172291.760,359.710
-443740.410,-1172291.750,359.680
-443742.590,-1172291.490,359.690
-443742.190,-1172317.430,360.990
-443738.530,-1172322.300,360.030
-443738.030,-1172322.730,359.780
-443737.640,-1172323.470,359.370
-443736.310,-1172325.300,358.300
-443740.090,-1172323.100,360.380
-443744.290,-1172320.150,358.930
-443737.670,-1172326.090,358.610
-443737.180,-1172326.500,358.420
-443737.910,-1172326.490,358.330
-443739.700,-1172325.950,358.510
-443740.290,-1172326.380,358.180
-443741.120,-1172326.080,358.390
-443740.890,-1172326.270,358.290
-443766.530,-1172316.030,361.610
-443765.770,-1172316.670,361.320
-443767.100,-1172318.920,359.990
-443769.420,-1172321.210,358.510
-443780.340,-1172315.630,360.500
-443786.890,-1172314.010,361.110
-443785.320,-1172318.700,358.090
-443788.330,-1172315.490,360.000
-443791.410,-1172313.540,361.030
-443793.020,-1172313.340,361.040
-443792.040,-1172314.170,360.590
-443796.600,-1172312.990,360.950
-443796.360,-1172313.190,360.860
-443793.430,-1172315.670,359.500
-443790.970,-1172318.930,358.350
-443792.930,-1172318.900,358.260
-443793.390,-1172319.750,357.660
-443797.800,-1172317.110,358.310
-443797.510,-1172318.860,357.330
-443808.760,-1172309.790,358.720
-443830.660,-1172307.120,357.340
-443831.760,-1172307.010,357.360
-443828.320,-1172330.780,371.080
-443830.110,-1172330.600,371.120
-443703.960,-1172296.500,358.570
-443706.100,-1172297.120,358.540
-443701.700,-1172300.780,356.960
-443710.940,-1172294.390,357.230
-443710.690,-1172294.600,357.120
-443717.270,-1172296.260,357.390
-443717.530,-1172297.830,356.420
-443706.030,-1172326.250,361.100
-443718.060,-1172321.180,359.080
-443716.570,-1172322.820,360.910
-443713.700,-1172326.920,361.020
-443799.650,-1172424.140,352.830
-443771.040,-1172411.500,354.030
-443812.740,-1172316.230,353.410
-443723.030,-1172326.990,354.500
-443842.630,-1172400.060,374.350
-443812.970,-1172309.820,358.300
-443792.370,-1172319.910,357.690
-443790.770,-1172318.240,358.850
-443768.420,-1172315.860,361.670
-443740.370,-1172326.630,358.270
-443740.170,-1172326.400,358.160
-443740.020,-1172322.900,360.350
-443737.700,-1172326.100,358.670
-443738.350,-1172322.620,359.830
-443738.590,-1172319.890,361.570
-443734.870,-1172325.500,358.270
-443733.330,-1172325.300,358.510
-443721.300,-1172323.830,356.890
-443713.640,-1172323.140,361.020
-443709.690,-1172322.330,361.960
-443707.650,-1172326.070,361.020
-443771.800,-1172411.290,353.970
-443771.880,-1172411.660,353.800
-443848.200,-1172307.030,348.150
-443835.310,-1172311.900,353.400
-443802.140,-1172290.990,353.280
-443719.840,-1172299.930,354.980
-443720.800,-1172299.040,355.470
-443723.080,-1172326.860,354.580
-443762.190,-1172295.150,355.190
-443707.580,-1172301.350,354.400
-443711.920,-1172296.920,355.490
-443707.540,-1172300.970,354.530
-443705.920,-1172301.200,354.550
-443706.240,-1172300.910,354.670
-443704.570,-1172301.710,354.390
-443839.250,-1172421.360,380.350
-443844.270,-1172407.930,374.720
-443846.030,-1172399.750,374.360
-443842.570,-1172399.990,374.190
-443837.490,-1172400.250,374.160
-443837.350,-1172330.490,371.070
-443836.150,-1172330.480,371.130
-443834.080,-1172330.910,370.680
-443830.150,-1172330.610,371.120
-443814.020,-1172309.200,358.700
-443794.200,-1172313.840,360.690
-443787.830,-1172318.220,359.210
-443782.580,-1172318.740,358.260
-443780.830,-1172314.840,360.920
-443774.410,-1172319.130,357.850
-443773.670,-1172317.730,359.340
-443774.490,-1172317.490,359.380
-443768.520,-1172321.650,358.260
-443769.020,-1172320.950,358.660
-443768.790,-1172316.840,361.040
-443766.750,-1172317.820,360.620
-443740.050,-1172326.520,358.170
-443740.350,-1172326.240,358.290
-443739.410,-1172326.240,358.360
-443737.430,-1172326.560,358.350
-443739.380,-1172324.770,359.300
-443740.720,-1172323.540,359.990
-443744.500,-1172320.080,358.980
-443737.690,-1172325.910,358.670
-443745.650,-1172317.350,360.720
-443744.110,-1172317.760,360.640
-443734.820,-1172325.760,358.110
-443737.670,-1172321.880,360.320
-443733.990,-1172321.490,360.900
-443721.410,-1172298.470,355.770
-443720.750,-1172298.000,356.100
-443719.040,-1172298.360,356.000
-443718.920,-1172298.060,356.090
-443721.310,-1172295.090,357.830
-443719.510,-1172294.830,358.110
-443713.130,-1172337.190,360.520
-443713.400,-1172321.700,362.040
-443707.620,-1172326.150,360.940
-443708.710,-1172323.660,361.100
-443710.400,-1172322.100,362.100
-443703.880,-1172296.430,358.550
-443819.490,-1172441.160,351.880
-443800.730,-1172424.030,352.760
-443795.300,-1172424.660,350.170
-443799.790,-1172424.070,352.740
-443735.800,-1172437.080,351.030
-443738.610,-1172437.470,347.520
-443740.850,-1172437.270,347.550
-443741.360,-1172436.590,351.110
-443741.890,-1172437.450,347.500
-443741.930,-1172437.340,347.100
-443742.410,-1172437.440,347.520
-443744.590,-1172436.650,351.040
-443744.700,-1172436.930,350.960
-443744.670,-1172436.980,347.540
-443747.510,-1172436.700,347.610
-443748.190,-1172436.850,350.900
-443749.960,-1172437.020,347.090
-443750.940,-1172436.100,347.790
-443754.170,-1172436.930,347.430
-443753.920,-1172436.800,347.500
-443755.630,-1172436.880,347.210
-443757.440,-1172436.000,354.550
-443757.410,-1172435.980,347.680
-443762.960,-1172436.170,350.950
-443762.850,-1172436.440,347.240
-443763.330,-1172436.380,347.520
-443763.590,-1172436.390,347.490
-443765.200,-1172436.290,347.300
-443794.720,-1172424.650,350.220
-443826.550,-1172360.270,348.750
-443751.110,-1172396.510,350.540
-443849.840,-1172306.440,346.100
-443849.720,-1172306.770,345.970
-443812.800,-1172316.490,353.160
-443789.430,-1172291.830,355.110
-443802.520,-1172290.420,353.580
-443803.400,-1172290.780,353.340
-443808.410,-1172316.560,352.130
-443729.690,-1172298.950,354.760
-443726.930,-1172326.020,355.070
-443762.070,-1172295.200,355.130
-443769.930,-1172322.480,355.050
-443711.970,-1172337.050,354.520
-443717.530,-1172299.660,355.280
-443715.210,-1172300.390,355.200
-443711.280,-1172298.660,354.550
-443707.470,-1172301.070,354.500
-443706.980,-1172301.210,354.480
-443706.000,-1172301.130,354.590
-443705.900,-1172301.400,354.420
-443705.040,-1172301.530,354.440
-443846.320,-1172428.480,374.220
-443843.930,-1172432.040,360.740
-443840.630,-1172432.760,371.660
-443844.580,-1172415.290,374.180
-443841.740,-1172415.510,377.540
-443846.430,-1172399.710,374.290
-443831.430,-1172421.110,377.650
-443830.850,-1172420.370,378.640
-443737.110,-1172422.190,361.940
-443830.090,-1172330.650,371.120
-443831.020,-1172330.660,371.080
-443825.130,-1172332.180,365.340
-443797.580,-1172317.360,358.230
-443792.620,-1172319.870,357.660
-443793.860,-1172313.310,360.990
-443794.050,-1172313.350,360.960
-443792.980,-1172313.410,360.910
-443783.470,-1172320.100,356.920
-443781.000,-1172314.760,361.000
-443769.740,-1172321.040,358.530
-443768.860,-1172320.810,358.670
-443768.520,-1172321.720,358.230
-443769.380,-1172321.210,358.500
-443766.250,-1172317.740,360.700
-443740.550,-1172323.570,359.990
-443740.140,-1172323.150,360.300
-443739.970,-1172322.940,360.400
-443737.740,-1172326.440,358.370
-443738.940,-1172319.360,361.880
-443737.760,-1172321.880,360.320
-443736.810,-1172324.460,358.780
-443742.320,-1172293.760,357.870
-443732.700,-1172320.140,361.920
-443732.310,-1172320.110,361.920
-443731.040,-1172321.970,360.850
-443730.690,-1172321.970,360.830
-443739.910,-1172291.770,359.670
-443736.250,-1172292.680,359.360
-443722.000,-1172323.940,356.790
-443728.280,-1172296.080,357.570
-443719.570,-1172296.700,356.970
-443719.320,-1172294.810,358.150
-443714.200,-1172323.110,361.020
-443712.040,-1172321.780,362.150
-443719.050,-1172298.100,356.150
-443710.040,-1172322.730,361.900
-443709.880,-1172322.240,362.040
-443717.570,-1172297.780,356.460
-443717.210,-1172296.270,357.390
-443710.870,-1172294.390,357.180
-443711.700,-1172294.380,357.160
-443795.640,-1172424.750,350.090
-443745.920,-1172411.290,347.870
-443739.050,-1172437.230,350.960
-443739.460,-1172437.290,347.590
-443739.800,-1172437.000,354.500
-443773.150,-1172411.600,353.660
-443742.370,-1172437.180,347.560
-443744.690,-1172436.830,350.980
-443745.160,-1172436.900,347.590
-443744.940,-1172437.080,350.910
-443763.990,-1172436.080,347.590
-443766.160,-1172436.060,347.600
-443849.500,-1172306.690,346.060
-443831.950,-1172314.360,351.870
-443833.320,-1172310.640,354.570
-443812.890,-1172316.340,353.240
-443812.800,-1172315.890,353.550
-443809.660,-1172314.540,354.890
-443788.960,-1172320.450,351.170
-443802.180,-1172291.020,353.260
-443802.700,-1172290.580,353.490
-443803.230,-1172290.810,353.300
-443803.470,-1172290.610,353.440
-443720.600,-1172299.180,355.420
-443720.860,-1172298.960,355.530
-443723.400,-1172299.660,354.780
-443722.300,-1172326.900,354.640
-443724.350,-1172326.800,354.550
-443762.190,-1172295.190,355.190
-443748.060,-1172325.200,351.200
-443718.010,-1172326.780,355.150
-443718.240,-1172326.580,355.300
-443709.260,-1172300.770,354.660
-443707.670,-1172301.090,354.530
-443707.300,-1172301.030,354.590
-443711.770,-1172297.160,355.490
-443705.830,-1172301.060,354.640
-443704.480,-1172301.630,354.370
-443839.030,-1172421.630,380.250
-443836.820,-1172421.670,374.410
-443841.630,-1172415.290,377.640
-443841.850,-1172415.580,377.520
-443835.100,-1172417.970,377.650
-443844.340,-1172407.780,374.800
-443846.850,-1172399.940,374.190
-443845.950,-1172399.880,374.190
-443845.560,-1172399.910,374.190
-443837.940,-1172400.020,374.340
-443839.620,-1172370.610,374.750
-443836.680,-1172370.740,374.710
-443836.040,-1172370.940,374.340
-443836.050,-1172356.730,370.710
-443834.600,-1172306.640,357.380
-443808.410,-1172309.820,358.760
-443794.170,-1172319.640,357.720
-443797.130,-1172317.180,358.390
-443797.540,-1172317.260,358.240
-443792.470,-1172319.950,357.660
-443792.730,-1172319.730,357.760
-443793.380,-1172319.780,357.680
-443796.360,-1172317.300,358.290
-443797.230,-1172313.540,360.570
-443793.850,-1172313.400,360.950
-443794.100,-1172313.200,361.050
-443791.460,-1172313.520,361.010
-443782.510,-1172318.770,358.310
-443786.700,-1172315.260,360.250
-443787.800,-1172313.850,361.110
-443783.370,-1172314.260,361.210
-443774.300,-1172317.440,359.460
-443767.710,-1172321.860,358.220
-443768.980,-1172320.800,358.770
-443766.950,-1172317.200,361.030
-443747.760,-1172321.070,357.860
-443740.930,-1172326.260,358.310
-443738.550,-1172326.530,358.300
-443738.800,-1172326.320,358.390
-443738.110,-1172325.850,358.760
-443744.080,-1172317.200,360.970
-443739.390,-1172321.160,360.730
-443741.680,-1172317.440,360.990
-443738.780,-1172319.360,361.940
-443732.850,-1172323.810,359.550
-443737.080,-1172319.550,361.960
-443730.620,-1172322.020,360.900
-443732.240,-1172320.090,361.990
-443722.050,-1172324.020,356.800
-443740.890,-1172291.650,359.720
-443736.170,-1172292.770,359.370
-443720.540,-1172298.000,356.100
-443719.090,-1172298.030,356.160
-443720.060,-1172297.190,356.640
-443713.110,-1172322.150,361.830
-443707.590,-1172326.180,360.980
-443718.090,-1172298.900,355.770
-443717.600,-1172297.860,356.370
-443717.340,-1172296.150,357.490
-443708.320,-1172296.760,358.640
-443710.900,-1172294.520,357.140
-443699.590,-1172294.920,358.590
