-443826.600,-1172434.860,351.510
-443826.560,-1172436.340,351.560
-443826.890,-1172436.430,351.540
-443795.960,-1172420.850,353.890
-443796.200,-1172420.240,353.980
-443796.310,-1172419.950,354.010
-443796.790,-1172418.710,354.210
-443796.680,-1172419.990,354.120
-443796.910,-1172419.390,354.250
-443795.490,-1172421.350,353.700
-443794.640,-1172421.220,353.280
-443794.770,-1172420.900,353.450
-443794.880,-1172420.600,353.540
-443795.360,-1172419.370,353.690
-443795.480,-1172419.050,353.770
-443795.600,-1172418.760,353.780
-443795.720,-1172418.460,353.840
-443795.830,-1172418.160,353.880
-443795.950,-1172417.860,353.940
-443796.070,-1172417.560,354.020
-443796.180,-1172417.280,354.010
-443796.300,-1172416.970,354.080
-443796.660,-1172416.060,354.200
-443795.340,-1172420.440,353.620
-443796.060,-1172418.590,353.960
-443795.100,-1172418.970,353.650
-443795.790,-1172417.190,353.860
-443794.390,-1172420.780,353.380
-443794.340,-1172419.170,353.320
-443794.450,-1172418.890,353.420
-443794.570,-1172418.590,353.410
-443794.820,-1172417.960,353.540
-443794.940,-1172417.650,353.580
-443795.050,-1172417.350,353.680
-443795.300,-1172416.730,353.740
-443795.880,-1172415.230,353.950
-443796.010,-1172414.920,354.050
-443796.130,-1172414.600,354.090
-443794.320,-1172420.330,353.270
-443794.440,-1172420.030,353.350
-443794.560,-1172419.710,353.410
-443794.670,-1172419.430,353.410
-443794.790,-1172419.130,353.480
-443794.910,-1172418.820,353.540
-443795.500,-1172417.320,353.790
-443795.750,-1172416.690,353.910
-443796.340,-1172415.170,354.090
-443796.460,-1172414.870,354.110
-443794.340,-1172417.410,353.390
-443794.460,-1172417.090,353.440
-443794.700,-1172416.480,353.480
-443794.810,-1172416.200,353.590
-443794.940,-1172415.870,353.620
-443795.050,-1172415.580,353.690
-443795.160,-1172415.300,353.710
-443795.280,-1172415.000,353.750
-443795.520,-1172414.380,353.850
-443794.300,-1172418.480,353.400
-443794.520,-1172417.900,353.450
-443795.250,-1172416.040,353.710
-443795.840,-1172414.530,353.950
-443794.010,-1172416.120,353.260
-443794.130,-1172415.820,353.320
-443794.490,-1172414.910,353.430
-443794.720,-1172414.320,353.560
-443794.840,-1172414.010,353.600
-443794.960,-1172413.690,353.610
-443795.080,-1172413.380,353.700
-443794.320,-1172416.650,353.400
-443794.430,-1172416.360,353.410
-443795.380,-1172413.940,353.750
-443793.890,-1172413.450,353.280
-443794.230,-1172412.560,353.390
-443795.870,-1172408.400,351.780
-443793.930,-1172414.180,353.280
-443794.170,-1172413.560,353.390
-443794.070,-1172414.890,353.320
-443794.310,-1172414.280,353.390
-443794.540,-1172413.690,353.560
-443794.660,-1172413.380,353.510
-443796.050,-1172405.010,351.840
-443793.820,-1172412.530,353.280
-443793.640,-1172409.080,351.460
-443776.960,-1172416.860,354.070
-443793.930,-1172423.030,353.200
-443794.050,-1172422.720,353.220
-443794.180,-1172422.400,353.260
-443794.400,-1172421.820,353.250
-443794.150,-1172421.390,353.280
-443793.020,-1172423.660,352.840
-443793.260,-1172423.040,352.950
-443793.850,-1172421.520,353.170
-443794.210,-1172420.620,353.290
-443793.510,-1172421.300,353.070
-443793.740,-1172420.700,353.080
-443793.860,-1172420.400,353.160
-443793.980,-1172420.090,353.230
-443794.220,-1172419.490,353.320
-443794.060,-1172419.090,353.270
-443793.050,-1172422.480,352.870
-443793.160,-1172422.190,352.920
-443793.220,-1172421.230,353.000
-443793.690,-1172420.030,353.140
-443792.900,-1172421.080,352.820
-443793.500,-1172419.540,353.100
-443793.740,-1172418.940,353.140
-443793.860,-1172418.640,353.230
-443793.980,-1172418.320,353.240
-443794.100,-1172418.020,353.270
-443793.020,-1172419.990,352.880
-443793.140,-1172419.680,352.890
-443793.620,-1172418.450,353.120
-443793.730,-1172418.170,353.160
-443792.720,-1172419.430,352.800
-443792.950,-1172418.830,352.880
-443793.080,-1172418.520,352.920
-443793.200,-1172418.210,352.990
-443793.310,-1172417.930,353.000
-443793.420,-1172417.650,353.070
-443792.760,-1172418.240,352.860
-443792.870,-1172417.960,352.840
-443792.990,-1172417.650,352.900
-443793.110,-1172417.350,352.970
-443793.350,-1172416.720,353.040
-443793.470,-1172416.430,353.100
-443793.700,-1172415.830,353.180
-443793.830,-1172415.510,353.200
-443792.730,-1172417.230,352.820
-443792.850,-1172416.920,352.900
-443793.340,-1172415.680,353.060
-443793.570,-1172415.100,353.080
-443792.610,-1172417.540,352.810
-443792.810,-1172416.210,352.890
-443793.290,-1172414.980,353.030
-443792.420,-1172416.120,352.790
-443792.540,-1172415.810,352.780
-443792.650,-1172415.520,352.850
-443792.780,-1172415.190,352.870
-443792.890,-1172414.910,352.920
-443793.010,-1172414.610,352.990
-443793.470,-1172413.440,353.120
-443792.600,-1172414.770,352.820
-443792.840,-1172414.150,352.880
-443793.080,-1172413.550,353.030
-443793.310,-1172412.940,353.070
-443793.430,-1172412.640,353.150
-443793.550,-1172412.340,353.240
-443792.280,-1172414.640,352.700
-443792.600,-1172413.000,352.820
-443792.830,-1172412.420,352.910
-443792.950,-1172412.110,352.980
-443793.080,-1172411.800,353.020
-443792.490,-1172412.020,352.850
-443792.460,-1172411.100,352.890
-443792.180,-1172410.870,352.730
-443790.290,-1172410.260,351.040
-443790.410,-1172409.960,351.080
-443789.950,-1172410.080,351.050
-443790.070,-1172409.780,351.020
-443790.310,-1172409.150,351.070
-443789.900,-1172409.220,350.990
-443790.010,-1172408.940,351.030
-443789.890,-1172408.460,351.020
-443790.130,-1172407.850,351.060
-443789.690,-1172407.890,350.950
-443789.810,-1172407.590,350.990
-443789.930,-1172407.300,351.070
-443790.980,-1172404.600,351.210
-443789.730,-1172406.880,350.990
-443789.620,-1172406.240,350.980
-443789.730,-1172405.950,351.020
-443792.250,-1172378.910,351.680
-443793.650,-1172378.080,351.790
-443793.610,-1172379.410,351.830
-443793.380,-1172381.040,351.670
-443793.720,-1172382.040,351.790
-443791.790,-1172387.950,351.480
-443792.010,-1172387.370,351.490
-443793.520,-1172384.290,351.740
-443792.950,-1172390.050,351.590
-443798.530,-1172377.620,348.300
-443792.530,-1172393.860,351.530
-443793.320,-1172394.590,351.600
-443795.560,-1172390.100,351.950
-443826.430,-1172356.450,349.050
-443826.230,-1172366.810,347.690
-443833.970,-1172394.720,353.900
-443834.090,-1172394.420,353.880
-443833.980,-1172393.880,353.870
-443834.010,-1172395.390,353.880
-443825.380,-1172353.360,347.350
-443825.930,-1172347.350,354.130
-443825.720,-1172340.200,350.770
-443825.710,-1172336.540,351.350
-443794.270,-1172398.030,351.660
-443801.240,-1172379.520,348.370
-443795.180,-1172392.030,351.800
-443795.290,-1172391.740,351.900
-443768.890,-1172399.710,349.670
-443769.020,-1172400.040,349.640
-443768.740,-1172401.640,349.560
-443768.860,-1172401.340,349.590
-443768.980,-1172403.200,349.540
-443787.470,-1172379.460,351.100
-443787.280,-1172381.890,350.940
-443787.400,-1172381.600,351.000
-443787.510,-1172381.300,351.060
-443787.440,-1172382.430,350.940
-443787.610,-1172383.040,351.020
-443787.720,-1172382.750,351.040
-443787.580,-1172383.990,350.960
-443787.660,-1172384.720,350.980
-443787.900,-1172384.110,351.080
-443789.660,-1172379.590,351.330
-443787.990,-1172386.070,351.010
-443787.990,-1172387.810,351.030
-443788.030,-1172388.620,351.000
-443788.160,-1172388.300,351.040
-443788.620,-1172387.110,351.140
-443788.420,-1172393.730,350.930
-443788.440,-1172394.590,351.010
-443788.720,-1172395.780,351.060
-443788.650,-1172394.990,350.990
-443788.880,-1172397.120,351.050
-443788.990,-1172396.830,351.080
-443788.780,-1172396.420,351.010
-443789.030,-1172395.780,351.100
-443789.160,-1172397.600,351.060
-443789.220,-1172401.380,350.970
-443789.340,-1172401.060,351.060
-443790.750,-1172396.540,351.280
-443789.280,-1172399.430,351.070
-443789.280,-1172402.950,351.050
-443789.520,-1172402.320,351.050
-443789.200,-1172402.350,350.980
-443789.330,-1172402.030,351.040
-443789.660,-1172403.950,351.070
-443712.310,-1172403.100,352.440
-443712.440,-1172402.780,352.430
-443711.940,-1172401.920,352.350
-443712.040,-1172402.780,352.360
-443712.160,-1172402.470,352.410
-443712.530,-1172401.540,352.510
-443711.610,-1172401.800,352.190
-443711.740,-1172401.480,352.260
-443712.070,-1172401.600,352.380
-443712.190,-1172401.290,352.470
-443712.440,-1172400.680,352.530
-443825.550,-1172332.670,348.550
-443798.710,-1172331.350,351.250
-443802.480,-1172318.510,350.920
-443802.590,-1172318.210,350.930
-443802.830,-1172317.620,351.100
-443802.420,-1172317.830,350.910
-443797.100,-1172331.390,351.150
-443796.740,-1172330.170,351.140
-443802.090,-1172314.960,350.920
-443796.280,-1172326.630,351.090
-443791.170,-1172320.720,351.250
-443741.940,-1172297.470,354.450
-443742.890,-1172333.660,353.260
-443743.140,-1172336.420,353.160
-443755.760,-1172311.800,354.320
-443755.860,-1172312.620,354.290
-443755.970,-1172312.330,354.320
-443755.950,-1172313.210,354.390
-443751.350,-1172325.580,351.270
-443755.990,-1172313.850,354.370
-443756.110,-1172313.560,354.300
-443756.100,-1172314.690,354.370
-443756.220,-1172314.410,354.340
-443756.270,-1172315.430,354.260
-443756.280,-1172316.360,354.300
-443756.410,-1172316.030,354.360
-443756.420,-1172316.950,354.240
-443756.530,-1172316.660,354.360
-443758.680,-1172311.250,354.650
-443756.390,-1172318.120,354.280
-443756.510,-1172317.820,354.280
-443756.650,-1172318.550,354.310
-443756.760,-1172318.270,354.310
-443756.700,-1172319.370,354.350
-443756.750,-1172320.260,354.240
-443772.140,-1172293.980,351.760
-443782.450,-1172307.500,353.740
-443765.430,-1172320.090,355.090
-443765.540,-1172319.820,355.180
-443765.530,-1172319.020,355.130
-443765.280,-1172316.040,355.110
-443764.820,-1172313.480,355.140
-443769.900,-1172424.210,361.660
-443770.150,-1172423.580,361.800
-443770.020,-1172422.600,361.730
-443770.130,-1172422.310,361.800
-443770.040,-1172424.880,361.620
-443770.060,-1172427.750,361.520
-443770.130,-1172426.540,361.560
-443770.160,-1172430.310,361.410
-443770.370,-1172427.810,361.820
-443770.570,-1172432.200,361.840
-443770.440,-1172431.650,361.370
-443825.840,-1172336.110,359.750
-443826.040,-1172343.940,365.300
-443826.110,-1172343.010,368.150
-443828.620,-1172339.080,370.630
-443828.550,-1172338.460,370.590
-443826.080,-1172346.880,362.560
-443829.960,-1172336.880,370.590
-443826.180,-1172351.130,362.570
-443826.240,-1172350.890,368.160
-443826.590,-1172353.800,368.210
-443850.600,-1172429.140,374.210
-443850.540,-1172430.390,374.200
-443850.900,-1172430.350,374.750
-443850.400,-1172423.820,374.140
-443850.240,-1172422.160,374.180
-443850.350,-1172421.880,374.240
-443850.370,-1172417.410,374.680
-443850.450,-1172415.220,374.700
-443850.130,-1172414.360,374.140
-443850.210,-1172413.210,374.660
-443847.290,-1172419.620,374.120
-443847.990,-1172417.840,374.350
-443848.980,-1172413.970,374.280
-443848.830,-1172413.510,374.200
-443848.940,-1172413.220,374.310
-443848.960,-1172412.310,374.310
-443848.730,-1172412.050,374.210
-443848.850,-1172411.730,374.290
-443844.530,-1172421.850,374.820
-443848.600,-1172411.500,374.130
-443848.830,-1172410.910,374.280
-443848.700,-1172410.500,374.170
-443848.380,-1172409.210,374.120
-443840.270,-1172428.580,374.120
-443848.770,-1172405.950,374.250
-443847.940,-1172408.050,374.160
-443848.560,-1172405.460,374.190
-443846.940,-1172407.380,374.290
-443849.630,-1172400.530,374.160
-443848.490,-1172402.480,374.240
-443841.750,-1172418.660,377.450
-443848.490,-1172401.550,374.240
-443836.230,-1172430.470,374.710
-443838.220,-1172422.610,374.250
-443843.730,-1172407.730,374.690
-443843.840,-1172407.430,374.740
-443848.280,-1172396.160,374.260
-443836.590,-1172424.350,374.160
-443836.210,-1172424.240,373.840
-443836.530,-1172422.310,374.180
-443838.550,-1172416.200,374.190
-443838.540,-1172415.500,374.200
-443848.210,-1172387.270,374.320
-443849.230,-1172384.670,374.730
-443849.360,-1172384.350,374.720
-443850.550,-1172381.360,371.320
-443835.440,-1172418.550,377.530
-443847.990,-1172386.650,374.300
-443835.760,-1172416.680,374.680
-443849.150,-1172381.610,374.710
-443849.140,-1172380.720,374.690
-443835.760,-1172413.610,374.680
-443840.860,-1172400.610,374.740
-443840.980,-1172400.300,374.750
-443846.930,-1172385.160,374.400
-443849.020,-1172379.840,374.270
-443835.530,-1172413.260,374.630
-443835.750,-1172412.680,374.710
-443835.620,-1172412.250,374.680
-443835.850,-1172411.650,374.710
-443835.680,-1172411.500,374.660
-443835.490,-1172410.930,374.700
-443835.610,-1172410.620,374.630
-443849.200,-1172375.040,374.690
-443835.690,-1172409.410,374.680
-443834.650,-1172410.990,373.740
-443834.760,-1172410.700,373.810
-443834.490,-1172410.610,373.700
-443835.670,-1172407.580,374.690
-443848.710,-1172374.420,374.250
-443834.410,-1172409.620,373.740
-443834.640,-1172409.020,373.750
-443835.350,-1172407.220,374.640
-443835.460,-1172406.940,373.870
-443835.550,-1172405.910,374.690
-443835.450,-1172406.200,373.890
-443835.270,-1172405.760,374.640
-443835.380,-1172405.480,373.880
-443843.190,-1172385.590,374.700
-443834.440,-1172405.920,373.790
-443834.560,-1172405.610,373.790
-443835.150,-1172403.080,373.880
-443835.270,-1172402.760,374.680
-443835.500,-1172402.170,374.730
-443835.170,-1172401.850,374.630
-443834.970,-1172398.580,374.620
-443835.080,-1172398.280,374.730
-443835.210,-1172397.970,374.720
-443834.980,-1172396.660,374.580
-443835.090,-1172396.370,374.700
-443834.260,-1172395.880,362.340
-443834.110,-1172395.030,362.360
-443840.420,-1172377.980,382.320
-443835.020,-1172390.480,374.750
-443835.100,-1172388.360,374.740
-443834.840,-1172386.170,373.930
-443833.880,-1172387.910,370.820
-443839.280,-1172366.390,371.120
-443834.420,-1172375.130,374.730
-443834.480,-1172372.850,374.770
-443838.690,-1172362.170,370.660
-443839.150,-1172360.990,371.120
-443839.100,-1172360.480,371.080
-443834.370,-1172373.130,374.750
-443838.780,-1172359.930,370.730
-443838.650,-1172358.510,370.720
-443838.580,-1172356.780,370.700
-443833.180,-1172372.080,356.750
-443838.590,-1172354.680,370.700
-443839.080,-1172354.620,371.120
-443838.510,-1172352.980,370.730
-443838.490,-1172351.220,370.730
-443838.640,-1172351.970,370.740
-443838.390,-1172347.490,370.700
-443838.850,-1172345.710,371.130
-443838.730,-1172343.750,371.080
-443831.040,-1172361.530,370.830
-443838.730,-1172341.940,371.100
-443838.560,-1172340.180,371.070
-443830.650,-1172361.160,370.640
-443838.220,-1172339.900,370.740
-443826.750,-1172365.330,359.760
-443830.470,-1172354.490,370.640
-443838.050,-1172335.160,370.680
-443826.520,-1172364.570,368.170
-443826.540,-1172364.550,365.310
-443826.590,-1172361.900,359.780
-443826.600,-1172358.150,367.530
-443739.030,-1172295.380,359.740
-443739.120,-1172296.490,359.680
-443746.760,-1172291.000,358.950
-443760.950,-1172290.520,359.210
-443760.960,-1172291.540,359.160
-443761.200,-1172290.950,359.240
-443761.320,-1172290.640,359.260
-443761.370,-1172293.130,359.260
-443762.710,-1172290.940,357.300
-443775.140,-1172292.690,359.130
-443783.850,-1172318.020,358.920
-443808.070,-1172307.390,357.730
-443808.320,-1172309.660,358.740
-443825.720,-1172332.090,362.590
-443825.640,-1172335.190,371.120
-443838.490,-1172332.100,371.150
-443838.360,-1172330.580,371.130
-443704.500,-1172330.760,360.650
-443704.620,-1172330.440,360.720
-443704.680,-1172329.440,360.730
-443704.600,-1172331.490,360.560
-443704.890,-1172331.550,360.740
-443705.140,-1172333.110,360.750
-443705.310,-1172335.230,360.700
-443705.440,-1172334.900,360.750
-443717.070,-1172326.350,360.520
-443796.020,-1172414.400,354.080
-443795.260,-1172415.030,353.790
-443795.030,-1172415.230,353.720
-443794.530,-1172415.660,353.530
-443796.260,-1172414.690,354.130
-443795.750,-1172415.120,353.960
-443795.010,-1172415.760,353.690
-443794.760,-1172415.960,353.590
-443795.910,-1172415.930,353.970
-443795.170,-1172416.560,353.700
-443795.620,-1172417.000,353.870
-443795.360,-1172417.220,353.780
-443796.310,-1172415.980,354.110
-443796.050,-1172416.200,354.010
-443795.810,-1172416.410,353.930
-443794.810,-1172417.250,353.570
-443796.150,-1172417.060,354.030
-443795.150,-1172417.900,353.570
-443796.590,-1172416.180,354.240
-443796.350,-1172416.380,354.160
-443796.090,-1172417.480,353.950
-443795.850,-1172417.690,353.940
-443795.060,-1172418.350,353.630
-443794.810,-1172418.560,353.550
-443796.650,-1172417.510,354.310
-443795.630,-1172418.380,353.840
-443794.640,-1172419.210,353.460
-443796.410,-1172418.200,354.080
-443796.170,-1172418.400,354.010
-443795.910,-1172418.610,353.930
-443795.670,-1172418.820,353.850
-443795.420,-1172419.030,353.770
-443794.920,-1172419.460,353.550
-443796.110,-1172419.040,353.990
-443795.700,-1172420.170,353.860
-443795.440,-1172420.390,353.760
-443795.590,-1172421.290,353.780
-443795.350,-1172421.490,353.730
-443795.120,-1172421.690,353.620
-443794.860,-1172421.910,353.510
-443796.660,-1172419.800,354.190
-443796.410,-1172420.010,354.090
-443796.170,-1172420.210,354.020
-443795.680,-1172420.630,353.880
-443795.440,-1172420.830,353.760
-443814.550,-1172439.900,351.620
-443827.000,-1172436.940,351.570
-443852.260,-1172416.140,349.570
-443795.280,-1172414.210,353.740
-443795.300,-1172414.570,353.790
-443794.720,-1172414.180,353.570
-443794.770,-1172413.350,353.660
-443794.510,-1172413.570,353.560
-443732.980,-1172410.350,349.040
-443789.740,-1172404.240,351.110
-443777.040,-1172415.860,354.110
-443776.760,-1172416.090,353.520
-443789.520,-1172405.280,351.010
-443789.640,-1172405.660,351.020
-443789.630,-1172406.230,351.000
-443789.850,-1172406.440,351.110
-443776.910,-1172417.410,353.970
-443794.010,-1172416.090,353.290
-443793.760,-1172416.310,353.220
-443793.510,-1172416.530,353.140
-443793.270,-1172416.730,353.060
-443792.780,-1172417.140,352.880
-443794.020,-1172416.590,353.350
-443793.000,-1172417.450,352.960
-443792.750,-1172417.670,352.890
-443794.410,-1172416.810,353.430
-443792.710,-1172418.640,352.860
-443794.080,-1172417.870,353.280
-443793.840,-1172418.080,353.220
-443793.340,-1172418.500,353.060
-443793.100,-1172418.710,352.960
-443792.860,-1172418.910,352.850
-443792.600,-1172419.130,352.780
-443794.340,-1172418.090,353.400
-443793.850,-1172418.500,353.230
-443793.610,-1172418.700,353.140
-443792.870,-1172419.330,352.870
-443792.620,-1172419.540,352.810
-443794.400,-1172418.530,353.420
-443793.400,-1172419.390,353.040
-443794.560,-1172418.780,353.470
-443794.330,-1172418.970,353.480
-443794.090,-1172419.170,353.320
-443793.570,-1172419.620,353.100
-443793.330,-1172419.820,353.020
-443793.080,-1172420.030,352.940
-443792.820,-1172420.250,352.830
-443794.380,-1172419.430,353.380
-443793.870,-1172419.870,353.170
-443793.640,-1172420.070,353.130
-443794.430,-1172419.870,353.410
-443794.190,-1172420.070,353.400
-443793.670,-1172420.520,353.110
-443793.420,-1172420.730,353.020
-443794.150,-1172420.700,353.400
-443793.890,-1172420.920,353.190
-443793.400,-1172421.340,353.060
-443792.890,-1172421.770,352.830
-443794.360,-1172420.880,353.380
-443793.870,-1172421.300,353.350
-443794.450,-1172421.230,353.400
-443794.190,-1172421.450,353.310
-443793.950,-1172421.660,353.240
-443793.470,-1172422.060,353.050
-443794.430,-1172421.690,353.400
-443793.920,-1172422.120,353.240
-443793.430,-1172422.530,353.020
-443793.170,-1172422.760,352.940
-443794.600,-1172422.130,353.420
-443794.360,-1172422.330,353.340
-443794.100,-1172422.550,353.210
-443793.840,-1172422.770,353.150
-443793.350,-1172423.190,352.970
-443794.230,-1172422.830,353.320
-443793.480,-1172423.470,353.030
-443793.760,-1172415.500,353.230
-443794.230,-1172414.590,353.380
-443793.970,-1172414.810,353.300
-443793.480,-1172415.230,353.150
-443792.750,-1172415.850,352.870
-443792.510,-1172416.050,352.800
-443792.260,-1172416.260,352.690
-443793.980,-1172414.370,353.320
-443793.250,-1172414.980,353.060
-443792.760,-1172415.400,352.880
-443792.510,-1172415.610,352.820
-443793.290,-1172414.600,353.090
-443793.040,-1172414.820,353.030
-443793.960,-1172413.700,353.320
-443793.470,-1172414.120,353.160
-443793.210,-1172414.340,353.070
-443792.960,-1172414.550,352.970
-443792.700,-1172414.770,352.870
-443793.420,-1172413.710,353.160
-443793.190,-1172413.900,353.070
-443792.930,-1172414.120,352.980
-443793.140,-1172413.500,353.050
-443792.890,-1172413.700,352.970
-443792.120,-1172414.360,352.670
-443793.690,-1172412.640,353.280
-443793.560,-1172412.370,353.200
-443793.300,-1172412.600,353.130
-443792.580,-1172413.200,352.830
-443793.430,-1172411.960,353.200
-443792.940,-1172412.370,353.020
-443792.210,-1172412.990,353.010
-443793.040,-1172411.870,353.060
-443792.800,-1172412.070,352.990
-443792.550,-1172412.280,352.890
-443792.480,-1172411.100,352.900
-443792.280,-1172410.790,352.850
-443790.170,-1172411.030,351.040
-443790.370,-1172409.850,351.120
-443790.100,-1172410.080,351.050
-443789.970,-1172409.730,351.000
-443790.260,-1172408.810,351.150
-443790.020,-1172409.010,351.050
-443789.830,-1172408.670,350.990
-443790.040,-1172408.060,351.090
-443825.730,-1172336.740,351.370
-443825.980,-1172347.110,351.350
-443826.100,-1172347.440,354.180
-443791.970,-1172378.860,351.910
-443792.540,-1172379.730,351.700
-443794.450,-1172380.370,351.950
-443798.620,-1172377.740,348.330
-443799.910,-1172377.620,348.340
-443801.140,-1172379.030,348.380
-443792.170,-1172387.140,351.570
-443801.220,-1172379.460,348.380
-443795.370,-1172388.990,352.110
-443826.590,-1172365.460,351.410
-443793.260,-1172394.570,351.610
-443826.240,-1172366.600,347.750
-443795.690,-1172400.050,351.860
-443833.890,-1172394.300,353.850
-443833.980,-1172394.610,353.900
-443787.120,-1172378.210,351.040
-443787.320,-1172379.060,351.080
-443787.340,-1172379.430,351.130
-443787.400,-1172379.860,351.100
-443789.540,-1172378.480,351.370
-443787.440,-1172380.680,351.060
-443787.440,-1172381.670,351.000
-443787.570,-1172382.600,350.990
-443787.570,-1172383.950,350.980
-443787.800,-1172384.530,351.090
-443787.560,-1172384.740,350.950
-443787.850,-1172385.050,351.030
-443787.900,-1172385.480,351.070
-443789.010,-1172384.990,351.220
-443787.980,-1172386.250,351.090
-443788.030,-1172388.160,351.030
-443788.210,-1172388.620,351.070
-443787.980,-1172388.820,350.920
-443788.720,-1172393.800,351.110
-443788.450,-1172394.020,350.970
-443788.690,-1172394.660,351.090
-443788.590,-1172395.090,351.030
-443792.290,-1172392.900,351.510
-443788.960,-1172396.430,351.110
-443788.710,-1172396.640,350.970
-443788.730,-1172396.280,351.010
-443788.980,-1172397.360,351.090
-443788.960,-1172396.890,351.090
-443789.090,-1172398.110,351.090
-443789.150,-1172397.630,351.120
-443789.270,-1172399.480,351.110
-443789.130,-1172398.600,351.110
-443789.130,-1172401.090,351.010
-443789.760,-1172400.030,351.170
-443789.380,-1172402.760,351.040
-443789.350,-1172402.300,351.010
-443789.360,-1172401.780,351.070
-443789.480,-1172401.230,351.130
-443789.230,-1172401.440,351.020
-443789.470,-1172403.950,351.080
-443789.490,-1172403.070,351.100
-443712.240,-1172403.270,352.420
-443712.320,-1172402.810,352.500
-443712.490,-1172402.160,352.530
-443712.250,-1172402.360,352.480
-443711.740,-1172402.790,352.340
-443712.480,-1172401.800,352.510
-443712.230,-1172402.020,352.450
-443711.980,-1172402.230,352.330
-443711.490,-1172402.650,352.260
-443712.570,-1172401.250,352.550
-443712.310,-1172401.460,352.490
-443711.790,-1172401.910,352.360
-443712.430,-1172400.910,352.560
-443710.620,-1172401.170,352.130
-443825.750,-1172332.510,348.610
-443825.500,-1172332.720,348.590
-443825.450,-1172332.260,348.570
-443823.550,-1172310.240,355.100
-443796.590,-1172329.970,351.170
-443809.620,-1172317.190,352.210
-443796.150,-1172326.560,351.060
-443803.010,-1172319.140,351.050
-443802.250,-1172316.140,350.970
-443802.080,-1172314.990,350.920
-443779.210,-1172318.500,351.880
-443779.040,-1172318.040,351.890
-443765.140,-1172321.530,355.130
-443765.360,-1172318.860,355.140
-443764.040,-1172318.930,355.010
-443765.100,-1172317.230,355.150
-443765.180,-1172316.210,355.180
-443764.830,-1172315.340,355.160
-443756.980,-1172321.960,354.380
-443757.120,-1172321.330,354.420
-443764.970,-1172313.910,355.170
-443756.870,-1172320.740,354.350
-443756.910,-1172320.250,354.400
-443756.660,-1172319.070,354.350
-443756.590,-1172317.620,354.400
-443756.350,-1172317.820,354.240
-443763.700,-1172311.630,355.080
-443756.530,-1172317.110,354.390
-443756.290,-1172317.320,354.220
-443756.320,-1172316.840,354.300
-443756.200,-1172316.320,354.260
-443756.340,-1172315.820,354.380
-443756.090,-1172316.020,354.250
-443756.240,-1172315.340,354.330
-443755.940,-1172314.470,354.280
-443755.840,-1172313.680,354.250
-443755.800,-1172312.690,354.250
-443755.890,-1172312.330,354.340
-443755.680,-1172311.950,354.230
-443730.810,-1172324.560,352.830
-443718.440,-1172339.600,353.240
-443825.790,-1172336.250,356.970
-443825.780,-1172335.690,371.180
-443828.530,-1172339.440,370.630
-443828.700,-1172339.810,370.740
-443826.000,-1172343.020,368.170
-443838.460,-1172334.630,371.160
-443838.040,-1172334.480,370.740
-443830.080,-1172343.630,370.630
-443838.000,-1172337.340,370.700
-443826.200,-1172350.190,365.370
-443838.770,-1172340.480,371.150
-443826.200,-1172351.150,368.150
-443838.730,-1172341.310,371.150
-443838.720,-1172343.190,371.140
-443838.300,-1172344.060,370.720
-443838.720,-1172344.200,371.130
-443838.740,-1172345.130,371.170
-443838.700,-1172346.770,371.140
-443838.410,-1172347.410,370.720
-443830.480,-1172354.630,370.660
-443826.350,-1172358.140,367.570
-443838.790,-1172348.070,371.150
-443838.780,-1172348.990,371.140
-443826.510,-1172360.960,368.210
-443826.510,-1172362.150,365.380
-443838.510,-1172352.390,370.730
-443838.880,-1172352.440,371.130
-443826.480,-1172364.610,365.390
-443826.690,-1172364.880,365.340
-443839.020,-1172354.430,371.140
-443839.060,-1172354.890,371.140
-443838.690,-1172357.130,370.740
-443839.150,-1172358.140,371.150
-443838.660,-1172358.560,370.740
-443838.630,-1172359.550,370.730
-443839.140,-1172361.840,371.220
-443769.960,-1172421.870,361.810
-443770.110,-1172422.780,361.850
-443769.870,-1172422.980,361.700
-443770.120,-1172423.170,361.860
-443770.210,-1172423.560,361.840
-443769.950,-1172423.780,361.690
-443770.100,-1172424.100,361.790
-443769.990,-1172425.060,361.660
-443833.280,-1172372.340,356.760
-443770.470,-1172426.260,361.850
-443851.840,-1172429.080,368.300
-443850.400,-1172423.850,374.200
-443850.250,-1172420.450,374.200
-443851.600,-1172418.730,373.810
-443836.420,-1172430.560,374.800
-443850.560,-1172417.590,374.730
-443850.210,-1172414.830,374.760
-443849.980,-1172415.030,374.660
-443849.250,-1172415.640,374.280
-443836.070,-1172426.390,373.870
-443848.790,-1172414.640,374.330
-443847.810,-1172415.980,374.370
-443850.240,-1172413.000,374.750
-443848.910,-1172413.670,374.310
-443838.250,-1172422.690,374.250
-443836.540,-1172424.130,374.230
-443848.900,-1172412.680,374.310
-443839.000,-1172419.790,377.500
-443838.830,-1172420.480,377.510
-443848.900,-1172411.960,374.330
-443848.510,-1172411.190,374.140
-443844.150,-1172414.880,374.840
-443848.610,-1172409.660,374.160
-443848.560,-1172408.720,374.170
-443848.620,-1172408.250,374.310
-443848.610,-1172405.770,374.160
-443835.800,-1172416.600,374.670
-443831.440,-1172420.850,377.850
-443835.910,-1172416.010,374.750
-443845.570,-1172407.840,374.210
-443831.350,-1172419.490,377.720
-443835.720,-1172413.750,374.690
-443843.850,-1172407.370,374.610
-443848.560,-1172402.890,374.210
-443835.750,-1172412.810,374.700
-443848.790,-1172401.790,374.300
-443848.530,-1172402.000,374.180
-443835.870,-1172410.080,374.750
-443834.910,-1172410.900,373.870
-443834.670,-1172411.100,373.770
-443834.590,-1172410.300,373.710
-443835.570,-1172409.040,374.700
-443849.570,-1172397.190,374.340
-443835.580,-1172408.180,374.720
-443851.650,-1172395.010,374.010
-443848.340,-1172395.750,374.260
-443835.640,-1172406.090,374.760
-443840.880,-1172400.680,374.710
-443834.590,-1172406.010,373.840
-443834.380,-1172405.730,373.840
-443849.200,-1172392.110,374.170
-443851.760,-1172389.390,374.220
-443851.500,-1172389.610,374.150
-443835.470,-1172402.280,374.790
-443835.450,-1172402.650,374.750
-443834.990,-1172403.040,373.900
-443835.300,-1172401.910,374.660
-443849.300,-1172390.050,374.290
-443848.110,-1172391.070,374.240
-443843.410,-1172392.790,374.760
-443849.700,-1172387.910,374.970
-443835.200,-1172398.410,374.680
-443835.240,-1172396.440,374.770
-443846.920,-1172385.550,374.360
-443835.240,-1172395.910,374.770
-443849.090,-1172383.310,374.320
-443846.900,-1172385.170,374.430
-443846.650,-1172385.370,374.270
-443835.060,-1172390.470,374.790
-443849.330,-1172378.380,374.830
-443849.320,-1172376.170,374.940
-443849.100,-1172376.360,374.760
-443834.660,-1172386.750,373.970
-443837.100,-1172380.640,374.330
-443721.570,-1172295.800,357.880
-443738.370,-1172291.980,359.740
-443736.100,-1172296.300,357.920
-443751.830,-1172291.480,358.700
-443752.310,-1172295.380,358.160
-443760.940,-1172290.460,359.280
-443760.990,-1172290.800,359.280
-443761.140,-1172293.770,359.200
-443775.000,-1172292.550,359.160
-443783.780,-1172318.050,358.960
-443788.320,-1172313.650,361.150
-443812.910,-1172307.110,357.630
-443825.720,-1172333.000,368.210
-443825.530,-1172333.160,365.380
-443825.760,-1172332.000,368.210
-443825.790,-1172335.260,371.170
-443838.430,-1172331.040,371.150
-443838.210,-1172330.710,371.140
-443838.510,-1172333.340,371.140
-443838.420,-1172332.050,371.160
-443701.780,-1172296.430,358.260
-443704.240,-1172326.410,360.640
-443704.100,-1172326.840,360.590
-443704.380,-1172328.500,360.770
-443709.950,-1172324.910,360.800
-443704.720,-1172329.980,360.740
-443707.550,-1172329.370,360.920
-443704.850,-1172331.630,360.660
-443704.970,-1172331.180,360.720
-443704.720,-1172331.390,360.600
-443718.430,-1172319.400,358.760
-443718.820,-1172319.940,358.950
-443705.200,-1172333.690,360.720
-443705.110,-1172333.200,360.780
-443705.230,-1172335.400,360.750
-443705.440,-1172336.150,360.760
-443705.410,-1172336.440,360.750
-443795.230,-1172413.830,353.690
-443794.660,-1172413.690,353.410
-443794.530,-1172414.030,353.450
-443794.370,-1172414.430,353.320
-443796.480,-1172407.800,351.810
-443796.200,-1172416.080,353.910
-443796.060,-1172416.450,353.860
-443795.910,-1172415.240,353.910
-443795.450,-1172416.410,353.630
-443795.310,-1172416.760,353.670
-443795.160,-1172417.150,353.620
-443795.020,-1172417.520,353.510
-443794.870,-1172417.910,353.470
-443795.240,-1172415.390,353.590
-443795.100,-1172415.750,353.590
-443794.940,-1172416.170,353.450
-443794.640,-1172416.920,353.380
-443795.940,-1172418.420,353.840
-443796.970,-1172418.620,354.270
-443796.500,-1172419.820,353.980
-443796.350,-1172420.190,353.920
-443796.210,-1172420.560,353.960
-443795.960,-1172419.920,353.780
-443795.790,-1172420.340,353.700
-443795.350,-1172421.460,353.540
-443796.990,-1172419.870,354.090
-443793.250,-1172404.030,351.390
-443792.710,-1172406.560,351.370
-443792.540,-1172412.300,352.840
-443793.720,-1172412.140,353.220
-443792.830,-1172414.410,352.970
-443794.100,-1172412.650,353.230
-443793.810,-1172413.400,353.110
-443792.920,-1172415.660,352.790
-443792.780,-1172416.010,352.770
-443794.020,-1172416.900,353.210
-443792.980,-1172419.570,352.820
-443794.220,-1172414.810,353.300
-443794.060,-1172415.210,353.230
-443793.460,-1172416.750,352.970
-443792.850,-1172418.300,352.740
-443794.210,-1172413.600,353.300
-443793.910,-1172414.360,353.190
-443793.480,-1172415.460,353.050
-443792.710,-1172417.430,352.850
-443794.490,-1172417.320,353.300
-443794.350,-1172417.670,353.280
-443793.160,-1172420.720,352.750
-443794.570,-1172418.670,353.330
-443793.830,-1172420.560,353.090
-443793.220,-1172422.120,352.850
-443793.070,-1172422.510,352.840
-443794.420,-1172422.310,353.210
-443794.700,-1172419.920,353.320
-443794.090,-1172421.470,353.100
-443792.640,-1172385.340,351.560
-443793.970,-1172385.710,351.680
-443795.180,-1172392.030,351.800
-443801.350,-1172379.400,348.320
-443768.770,-1172400.330,349.550
-443769.130,-1172400.550,349.500
-443768.830,-1172401.290,349.500
-443787.550,-1172379.040,351.000
-443787.410,-1172379.390,351.020
-443789.400,-1172383.400,351.240
-443790.190,-1172391.480,351.260
-443712.600,-1172402.360,352.480
-443712.590,-1172403.500,352.450
-443712.370,-1172400.700,352.370
-443712.630,-1172400.840,352.540
-443712.300,-1172401.630,352.370
-443743.340,-1172336.150,353.260
-443755.950,-1172312.520,354.340
-443762.110,-1172313.300,354.780
-443761.370,-1172315.070,354.610
-443761.100,-1172321.670,354.650
-443851.870,-1172429.210,368.410
-443850.690,-1172427.070,374.130
-443851.520,-1172419.200,357.050
-443851.420,-1172419.520,359.820
-443850.560,-1172422.060,374.160
-443850.440,-1172422.390,374.190
-443850.110,-1172414.340,374.040
-443849.060,-1172414.710,374.170
-443847.360,-1172419.390,374.060
-443850.180,-1172410.210,374.180
-443848.920,-1172413.690,374.240
-443849.840,-1172410.050,374.110
-443848.810,-1172412.870,374.140
-443848.840,-1172411.190,374.250
-443848.670,-1172410.410,374.110
-443849.980,-1172408.040,374.180
-443849.820,-1172407.260,374.080
-443848.480,-1172408.590,374.050
-443851.670,-1172395.190,374.050
-443848.510,-1172403.880,374.170
-443848.520,-1172400.910,374.140
-443849.450,-1172394.310,374.190
-443848.300,-1172397.460,374.190
-443848.440,-1172395.340,374.260
-443848.300,-1172395.700,374.220
-443840.350,-1172415.880,377.320
-443838.920,-1172419.790,377.330
-443836.280,-1172426.940,373.770
-443836.250,-1172424.090,373.740
-443838.520,-1172416.060,374.170
-443848.150,-1172387.300,374.190
-443849.370,-1172381.750,374.750
-443851.300,-1172372.480,373.690
-443846.680,-1172385.030,374.290
-443846.260,-1172384.570,374.290
-443849.190,-1172375.260,374.690
-443848.990,-1172375.790,374.230
-443834.830,-1172410.150,373.810
-443848.840,-1172372.320,374.280
-443840.290,-1172392.600,374.310
-443834.350,-1172384.910,377.600
-443834.310,-1172383.370,377.530
-443839.470,-1172364.280,371.050
-443839.200,-1172360.510,371.120
-443830.640,-1172381.950,377.470
-443838.770,-1172357.500,370.640
-443839.010,-1172355.710,371.160
-443839.100,-1172354.330,371.070
-443838.610,-1172354.220,370.690
-443838.670,-1172352.540,370.650
-443838.950,-1172350.320,371.140
-443838.500,-1172348.300,370.660
-443838.830,-1172343.330,371.030
-443838.370,-1172344.510,370.640
-443838.660,-1172340.450,371.090
-443830.610,-1172361.500,370.590
-443838.190,-1172339.960,370.690
-443838.040,-1172334.460,370.680
-443830.240,-1172343.060,370.550
-443771.270,-1172436.560,361.820
-443770.240,-1172432.390,361.280
-443770.170,-1172430.540,361.340
-443770.190,-1172427.850,361.460
-443769.950,-1172421.870,361.690
-443769.930,-1172423.010,361.620
-443838.530,-1172332.090,371.060
-443838.090,-1172333.240,370.610
-443838.500,-1172333.270,371.120
-443761.290,-1172293.130,359.180
-443761.150,-1172293.470,359.160
-443761.150,-1172292.980,359.090
-443760.790,-1172290.500,359.070
-443752.200,-1172293.590,358.330
-443751.970,-1172293.000,358.500
-443738.840,-1172295.080,359.490
-443720.800,-1172320.770,359.090
-443716.660,-1172323.830,360.720
-443709.950,-1172325.170,360.730
-443707.570,-1172329.370,360.930
-443705.140,-1172332.180,360.700
-443704.330,-1172326.300,360.560
-443696.870,-1172292.170,359.160
-443851.060,-1172419.560,348.510
-443826.850,-1172439.890,351.440
-443850.690,-1172418.890,348.530
-443827.000,-1172438.490,351.530
-443826.980,-1172436.230,351.510
-443826.950,-1172435.150,351.490
-443814.800,-1172433.590,351.310
-443796.150,-1172420.580,353.910
-443796.490,-1172420.280,354.040
-443796.830,-1172419.980,354.180
-443795.560,-1172420.720,353.670
-443796.880,-1172419.540,354.170
-443795.070,-1172420.750,353.540
-443795.380,-1172420.470,353.630
-443796.690,-1172419.300,354.120
-443795.810,-1172419.590,353.780
-443796.120,-1172419.310,353.900
-443796.750,-1172418.750,354.120
-443794.700,-1172419.760,353.340
-443795.700,-1172418.860,353.750
-443796.010,-1172418.580,353.860
-443796.330,-1172418.300,353.970
-443796.670,-1172417.990,354.110
-443796.400,-1172418.580,354.020
-443795.880,-1172418.330,353.870
-443794.930,-1172418.770,353.490
-443795.280,-1172418.460,353.610
-443795.950,-1172417.860,353.860
-443794.610,-1172418.630,353.400
-443796.250,-1172417.160,353.990
-443794.620,-1172418.020,353.370
-443794.960,-1172417.710,353.540
-443795.270,-1172417.440,353.640
-443795.580,-1172417.160,353.730
-443795.910,-1172416.860,353.860
-443794.930,-1172418.050,353.530
-443794.930,-1172417.320,353.500
-443795.900,-1172416.450,353.850
-443796.220,-1172416.160,353.970
-443794.440,-1172416.790,353.380
-443796.380,-1172415.050,354.070
-443794.290,-1172417.350,353.320
-443795.280,-1172416.460,353.660
-443795.950,-1172415.870,353.900
-443794.220,-1172416.560,353.320
-443794.880,-1172415.970,353.500
-443795.220,-1172415.670,353.640
-443795.890,-1172415.060,353.920
-443796.200,-1172414.790,354.000
-443795.340,-1172414.510,353.720
-443795.280,-1172415.080,353.690
-443794.350,-1172415.030,353.380
-443794.960,-1172414.490,353.600
-443795.590,-1172413.920,353.800
-443794.320,-1172414.670,353.370
-443794.950,-1172414.100,353.570
-443795.280,-1172413.810,353.720
-443793.750,-1172408.070,351.450
-443794.060,-1172407.360,351.540
-443793.990,-1172412.640,353.270
-443794.160,-1172414.320,353.330
-443794.460,-1172414.060,353.430
-443795.130,-1172413.460,353.660
-443793.850,-1172423.160,353.060
-443794.150,-1172422.890,353.160
-443793.150,-1172422.470,352.860
-443793.470,-1172422.190,352.960
-443794.500,-1172420.760,353.300
-443793.740,-1172420.610,353.070
-443794.400,-1172420.030,353.300
-443792.960,-1172420.950,352.810
-443793.270,-1172420.670,352.920
-443793.900,-1172420.100,353.140
-443792.990,-1172420.510,352.820
-443793.650,-1172419.920,353.070
-443793.000,-1172420.070,352.840
-443793.320,-1172419.780,352.930
-443794.270,-1172418.640,353.260
-443793.000,-1172419.480,352.820
-443793.660,-1172418.880,353.040
-443792.630,-1172419.380,352.690
-443792.930,-1172419.110,352.780
-443793.920,-1172418.220,353.130
-443792.680,-1172418.800,352.730
-443793.010,-1172418.500,352.850
-443792.910,-1172417.730,352.830
-443793.000,-1172417.120,352.830
-443793.320,-1172416.840,352.970
-443793.970,-1172416.250,353.200
-443793.720,-1172415.960,353.150
-443793.050,-1172416.200,352.900
-443793.680,-1172415.630,353.130
-443792.660,-1172416.160,352.760
-443793.000,-1172415.860,352.870
-443793.980,-1172414.970,353.230
-443791.030,-1172404.620,351.200
-443789.820,-1172406.200,350.980
-443790.000,-1172407.890,351.000
-443792.580,-1172406.060,351.370
-443789.990,-1172408.800,350.950
-443790.130,-1172409.190,351.050
-443790.310,-1172409.860,351.060
-443790.230,-1172410.290,351.050
-443790.470,-1172410.590,351.100
-443792.240,-1172410.730,352.770
-443792.270,-1172411.210,352.730
-443793.070,-1172411.770,353.000
-443792.520,-1172412.740,352.790
-443793.140,-1172412.190,353.020
-443793.510,-1172412.580,353.140
-443793.030,-1172413.500,352.940
-443793.670,-1172412.920,353.180
-443792.870,-1172414.170,352.850
-443793.190,-1172413.890,352.970
-443793.520,-1172413.590,353.080
-443792.650,-1172414.780,352.790
-443793.020,-1172414.450,352.940
-443792.550,-1172415.290,352.780
-443792.550,-1172415.780,352.780
-443793.820,-1172414.630,353.200
-443792.850,-1172382.410,351.580
-443794.040,-1172381.340,351.740
-443793.300,-1172383.420,351.700
-443794.480,-1172382.360,351.880
-443792.180,-1172387.040,351.520
-443801.580,-1172379.430,348.420
-443794.320,-1172389.460,351.760
-443792.530,-1172392.580,351.490
-443793.450,-1172391.760,351.610
-443794.150,-1172391.580,351.690
-443792.910,-1172393.230,351.510
-443793.240,-1172394.540,351.560
-443794.390,-1172400.720,351.670
-443795.000,-1172401.880,351.740
-443794.540,-1172403.240,351.650
-443787.380,-1172379.710,351.040
-443787.390,-1172380.690,351.050
-443788.540,-1172379.640,351.220
-443787.520,-1172381.460,351.070
-443787.590,-1172381.760,350.990
-443791.180,-1172379.840,351.510
-443787.700,-1172382.600,350.990
-443768.860,-1172400.030,349.600
-443787.690,-1172382.990,351.030
-443787.830,-1172385.620,350.980
-443768.930,-1172402.700,349.500
-443789.050,-1172384.980,351.170
-443768.980,-1172403.130,349.400
-443788.100,-1172387.760,350.970
-443788.720,-1172387.200,351.100
-443788.210,-1172388.870,351.030
-443791.270,-1172386.940,351.390
-443788.610,-1172393.710,351.080
-443790.190,-1172393.190,351.210
-443788.870,-1172396.340,351.030
-443789.000,-1172395.770,351.060
-443791.460,-1172395.100,351.320
-443789.230,-1172399.230,351.030
-443789.130,-1172398.240,351.040
-443790.020,-1172400.450,351.100
-443789.220,-1172400.650,350.980
-443789.840,-1172403.470,351.060
-443789.560,-1172402.090,351.080
-443711.850,-1172403.020,352.290
-443712.170,-1172402.730,352.370
-443712.490,-1172402.430,352.450
-443712.270,-1172403.170,352.320
-443712.620,-1172402.860,352.410
-443712.240,-1172401.800,352.390
-443712.560,-1172401.510,352.480
-443711.570,-1172402.830,352.180
-443711.870,-1172402.560,352.250
-443711.770,-1172401.400,352.210
-443712.430,-1172400.800,352.450
-443712.200,-1172401.400,352.360
-443712.210,-1172400.670,352.380
-443802.510,-1172318.500,350.870
-443771.930,-1172322.940,352.850
-443782.400,-1172307.490,353.710
-443763.390,-1172321.770,354.900
-443756.790,-1172318.960,354.370
-443756.520,-1172318.260,354.280
-443756.820,-1172317.980,354.300
-443756.450,-1172318.010,354.230
-443756.510,-1172317.250,354.280
-443761.560,-1172312.640,354.780
-443756.490,-1172316.920,354.350
-443758.700,-1172314.900,354.560
-443756.330,-1172316.840,354.250
-443756.300,-1172316.290,354.280
-443756.400,-1172315.750,354.270
-443756.140,-1172314.690,354.260
-443755.840,-1172312.080,354.250
-443755.850,-1172312.560,354.260
-443756.040,-1172313.850,354.270
-443851.310,-1172429.700,357.010
-443845.830,-1172428.220,374.750
-443850.900,-1172421.950,357.050
-443851.070,-1172419.560,359.790
-443851.750,-1172419.490,359.780
-443851.030,-1172419.120,359.800
-443851.220,-1172418.430,359.780
-443850.810,-1172415.700,356.980
-443848.040,-1172418.150,374.290
-443849.160,-1172416.390,374.120
-443850.140,-1172414.140,374.160
-443848.970,-1172414.290,374.190
-443848.810,-1172413.900,374.110
-443838.200,-1172422.940,374.130
-443848.840,-1172413.550,374.100
-443838.850,-1172420.710,377.420
-443848.670,-1172412.040,374.110
-443850.560,-1172408.850,362.590
-443850.450,-1172408.360,362.630
-443848.840,-1172409.450,374.290
-443848.110,-1172407.630,374.240
-443847.990,-1172408.100,374.160
-443838.390,-1172415.850,374.100
-443848.590,-1172405.770,374.110
-443845.340,-1172406.580,374.080
-443848.610,-1172402.860,374.100
-443848.530,-1172402.460,374.130
-443834.710,-1172411.010,373.660
-443849.570,-1172396.610,374.270
-443834.820,-1172410.150,373.750
-443849.470,-1172396.360,374.210
-443848.320,-1172396.150,374.230
-443849.350,-1172392.820,374.240
-443834.860,-1172406.020,373.850
-443834.810,-1172405.730,373.840
-443840.830,-1172399.890,374.430
-443835.520,-1172404.150,374.760
-443835.390,-1172400.140,374.790
-443851.450,-1172381.540,373.510
-443850.800,-1172378.710,365.420
-443842.850,-1172385.500,374.260
-443842.950,-1172385.090,374.310
-443848.920,-1172379.760,374.220
-443849.390,-1172378.440,375.000
-443842.600,-1172378.210,374.190
-443834.410,-1172372.850,374.760
-443770.440,-1172428.080,361.770
-443770.120,-1172428.010,361.500
-443838.880,-1172366.190,370.740
-443770.580,-1172426.260,361.710
-443770.120,-1172426.270,361.580
-443769.970,-1172425.350,361.600
-443770.230,-1172424.170,361.760
-443839.210,-1172361.750,371.050
-443770.150,-1172423.420,361.740
-443770.090,-1172423.010,361.710
-443770.430,-1172422.300,361.550
-443769.800,-1172421.990,361.690
-443838.530,-1172358.450,370.680
-443839.220,-1172357.830,371.110
-443838.680,-1172357.060,370.650
-443838.660,-1172355.680,370.670
-443835.430,-1172356.510,370.590
-443838.550,-1172350.540,370.680
-443838.550,-1172349.210,370.640
-443838.810,-1172347.170,371.040
-443838.290,-1172346.300,370.680
-443838.250,-1172343.680,370.640
-443838.920,-1172343.070,371.130
-443838.170,-1172338.920,370.680
-443838.030,-1172338.000,370.670
-443838.100,-1172337.420,370.650
-443838.080,-1172337.050,370.630
-443830.280,-1172343.560,370.590
-443838.040,-1172333.510,370.620
-443838.350,-1172331.980,371.060
-443838.560,-1172332.160,371.110
-443788.730,-1172313.650,361.310
-443775.190,-1172292.800,359.110
-443739.210,-1172322.510,360.160
-443761.450,-1172293.160,359.200
-443730.650,-1172321.100,360.860
-443761.330,-1172292.510,359.190
-443761.270,-1172291.780,359.240
-443730.540,-1172319.540,360.920
-443760.950,-1172291.060,359.090
-443761.250,-1172290.790,359.180
-443760.830,-1172290.580,359.050
-443752.230,-1172293.000,358.600
-443736.310,-1172296.970,357.870
-443738.390,-1172291.870,359.750
-443705.660,-1172336.310,360.670
-443705.500,-1172335.980,360.670
-443705.310,-1172335.380,360.650
-443704.660,-1172330.190,360.630
-443717.700,-1172318.180,358.280
-443709.950,-1172324.880,360.670
-443704.510,-1172328.590,360.730
-443704.450,-1172327.220,360.680
-443704.290,-1172326.480,360.630
-443704.360,-1172326.840,360.680
-443707.100,-1172319.910,360.560
-443835.750,-1172430.910,352.530
-443835.620,-1172431.240,352.480
-443835.380,-1172430.940,352.470
-443835.260,-1172422.310,348.570
-443826.980,-1172439.930,351.540
-443826.880,-1172436.850,351.530
-443802.480,-1172437.040,347.570
-443802.090,-1172436.730,347.510
-443796.480,-1172407.810,351.870
-443794.930,-1172409.520,351.670
-443794.920,-1172416.150,353.590
-443795.260,-1172413.850,353.770
-443795.140,-1172414.170,353.700
-443794.640,-1172415.480,353.530
-443795.040,-1172413.710,353.660
-443794.920,-1172414.020,353.630
-443794.800,-1172414.350,353.550
-443794.560,-1172414.990,353.460
-443796.410,-1172414.670,354.100
-443796.280,-1172415.020,354.110
-443796.170,-1172415.330,354.020
-443795.800,-1172416.290,353.890
-443795.670,-1172416.650,353.890
-443795.540,-1172416.970,353.790
-443795.300,-1172417.630,353.710
-443795.060,-1172418.250,353.610
-443794.940,-1172418.550,353.550
-443795.310,-1172415.890,353.750
-443795.190,-1172416.200,353.680
-443795.060,-1172416.530,353.650
-443795.760,-1172413.930,353.910
-443795.390,-1172414.910,353.780
-443795.280,-1172415.210,353.730
-443795.040,-1172415.840,353.650
-443796.780,-1172415.990,354.270
-443796.650,-1172416.320,354.210
-443796.530,-1172416.640,354.150
-443796.280,-1172417.290,354.040
-443796.160,-1172417.630,353.990
-443796.040,-1172417.940,353.940
-443795.910,-1172418.270,353.900
-443795.800,-1172418.580,353.890
-443795.670,-1172418.910,353.810
-443795.070,-1172420.500,353.570
-443796.720,-1172414.740,354.270
-443796.230,-1172416.040,354.040
-443795.980,-1172416.680,353.950
-443795.130,-1172418.920,353.570
-443796.100,-1172418.400,353.960
-443796.710,-1172419.440,354.140
-443796.460,-1172420.100,354.060
-443732.980,-1172410.500,349.090
-443777.020,-1172418.760,354.100
-443789.870,-1172404.190,351.140
-443789.710,-1172405.440,350.970
-443789.850,-1172406.420,351.020
-443789.870,-1172407.070,351.050
-443790.010,-1172408.450,351.000
-443790.150,-1172409.070,351.030
-443790.320,-1172410.160,350.970
-443790.400,-1172410.730,351.050
-443792.170,-1172411.040,352.750
-443792.840,-1172411.660,352.960
-443792.600,-1172412.300,352.860
-443792.340,-1172412.980,352.770
-443793.340,-1172411.620,353.130
-443792.660,-1172413.950,352.860
-443792.410,-1172414.600,352.760
-443793.840,-1172412.420,353.310
-443793.490,-1172413.340,353.130
-443793.250,-1172413.980,353.040
-443793.010,-1172414.630,352.960
-443792.890,-1172414.940,352.920
-443792.650,-1172415.560,352.810
-443792.530,-1172415.890,352.760
-443792.400,-1172416.230,352.750
-443794.160,-1172412.450,353.390
-443794.040,-1172412.770,353.360
-443793.920,-1172413.070,353.290
-443793.800,-1172413.400,353.250
-443793.570,-1172414.010,353.090
-443793.320,-1172414.670,353.050
-443793.190,-1172415.010,353.030
-443793.070,-1172415.340,352.970
-443792.940,-1172415.660,352.950
-443792.830,-1172415.960,352.880
-443794.030,-1172414.300,353.290
-443792.930,-1172417.210,352.830
-443794.360,-1172414.010,353.450
-443794.240,-1172414.340,353.400
-443794.120,-1172414.660,353.340
-443793.990,-1172415.010,353.300
-443793.390,-1172416.590,353.040
-443793.270,-1172416.890,352.990
-443793.140,-1172417.240,352.940
-443793.010,-1172417.580,352.920
-443792.780,-1172418.200,352.780
-443792.710,-1172418.340,349.900
-443794.300,-1172415.680,353.380
-443794.050,-1172416.320,353.310
-443793.930,-1172416.630,353.240
-443793.810,-1172416.960,353.220
-443793.580,-1172417.580,353.100
-443793.460,-1172417.890,353.050
-443793.220,-1172418.510,352.920
-443792.970,-1172419.170,352.860
-443792.850,-1172419.490,352.870
-443794.280,-1172416.440,353.380
-443793.680,-1172418.020,353.150
-443793.320,-1172418.990,353.040
-443793.070,-1172419.640,352.930
-443792.830,-1172420.260,352.850
-443794.700,-1172417.490,353.530
-443794.320,-1172418.490,353.390
-443794.070,-1172419.140,353.280
-443793.950,-1172419.460,353.260
-443793.840,-1172419.760,353.150
-443793.720,-1172420.080,353.140
-443793.470,-1172420.730,353.010
-443793.220,-1172421.390,352.970
-443792.860,-1172422.360,352.810
-443793.950,-1172418.720,353.250
-443793.190,-1172420.710,352.980
-443792.760,-1172421.810,350.120
-443794.820,-1172418.890,353.500
-443794.580,-1172419.520,353.380
-443794.450,-1172419.850,353.370
-443794.320,-1172420.190,353.310
-443793.960,-1172421.160,353.170
-443793.710,-1172421.810,353.100
-443793.590,-1172422.130,353.070
-443793.470,-1172422.440,353.030
-443793.240,-1172423.050,352.890
-443794.160,-1172421.480,353.270
-443793.180,-1172424.070,352.890
-443794.220,-1172422.740,353.260
-443834.320,-1172399.270,353.920
-443834.080,-1172394.740,353.930
-443833.830,-1172395.400,353.850
-443826.240,-1172366.800,347.690
-443826.940,-1172361.860,354.220
-443826.820,-1172362.180,354.150
-443827.040,-1172361.550,351.420
-443826.460,-1172358.360,349.110
-443791.990,-1172378.840,351.680
-443792.570,-1172379.700,351.700
-443798.550,-1172377.570,348.260
-443801.350,-1172379.330,348.430
-443801.090,-1172379.020,348.450
-443794.930,-1172402.880,351.750
-443825.970,-1172336.570,351.340
-443826.190,-1172343.200,354.200
-443825.780,-1172347.280,354.130
-443826.410,-1172347.280,354.180
-443826.510,-1172346.970,351.400
-443826.370,-1172347.330,351.390
-443826.600,-1172346.700,348.680
-443826.530,-1172346.940,354.160
-443826.640,-1172350.840,351.450
-443732.710,-1172403.650,349.000
-443732.720,-1172404.840,349.080
-443732.870,-1172404.980,349.080
-443733.210,-1172407.580,349.130
-443733.250,-1172408.100,350.520
-443768.870,-1172401.360,349.570
-443768.740,-1172401.700,349.540
-443768.890,-1172402.710,349.550
-443768.950,-1172403.360,349.500
-443787.300,-1172379.150,351.030
-443787.510,-1172380.520,351.090
-443787.380,-1172380.850,350.990
-443787.340,-1172381.740,350.890
-443787.610,-1172382.720,350.920
-443787.780,-1172384.660,350.970
-443787.750,-1172383.300,351.020
-443787.950,-1172385.060,351.030
-443787.820,-1172385.390,351.030
-443788.240,-1172386.790,351.080
-443788.270,-1172387.970,351.000
-443788.140,-1172388.310,350.990
-443788.230,-1172388.840,351.030
-443788.630,-1172395.130,351.000
-443788.730,-1172396.150,351.030
-443790.650,-1172391.630,351.300
-443788.870,-1172396.370,351.050
-443788.760,-1172396.660,350.950
-443789.110,-1172398.260,351.090
-443788.990,-1172398.580,351.040
-443789.790,-1172400.190,351.140
-443789.300,-1172401.460,350.930
-443789.410,-1172401.910,351.060
-443712.280,-1172401.680,352.480
-443712.170,-1172402.000,352.400
-443711.930,-1172402.650,352.380
-443711.820,-1172402.950,352.310
-443712.590,-1172402.230,352.520
-443712.470,-1172402.560,352.500
-443712.350,-1172402.870,352.380
-443712.230,-1172403.210,352.420
-443711.850,-1172401.990,352.350
-443711.730,-1172402.310,352.270
-443711.610,-1172402.660,352.280
-443825.690,-1172333.350,351.380
-443825.940,-1172332.670,348.540
-443825.710,-1172332.540,348.570
-443823.650,-1172310.240,355.090
-443796.860,-1172331.120,351.060
-443802.410,-1172317.660,350.960
-443731.680,-1172324.260,352.940
-443755.900,-1172312.060,354.320
-443755.780,-1172312.390,354.270
-443756.080,-1172314.000,354.270
-443756.240,-1172315.310,354.390
-443756.370,-1172316.250,354.270
-443756.500,-1172316.440,354.410
-443756.390,-1172316.740,354.300
-443756.590,-1172317.290,354.350
-443756.530,-1172318.040,354.290
-443756.880,-1172319.550,354.350
-443756.970,-1172320.720,354.350
-443761.240,-1172311.410,354.860
-443757.010,-1172321.380,354.380
-443758.420,-1172322.450,354.210
-443764.820,-1172313.430,355.260
-443764.840,-1172313.990,355.200
-443764.980,-1172317.060,355.130
-443765.130,-1172317.180,355.090
-443765.350,-1172318.810,355.120
-443765.410,-1172319.960,355.170
-443779.720,-1172318.090,351.950
-443718.210,-1172339.600,353.090
-443712.090,-1172337.470,351.250
-443705.220,-1172330.430,352.290
-443705.110,-1172330.740,352.230
-443704.860,-1172330.870,355.350
-443705.090,-1172330.210,352.280
-443704.970,-1172330.520,352.220
-443704.840,-1172330.870,352.210
-443704.780,-1172328.660,352.730
-443704.530,-1172328.640,352.700
-443706.200,-1172322.940,355.400
-443705.970,-1172322.950,355.370
-443850.750,-1172430.140,374.730
-443850.780,-1172420.950,374.750
-443850.330,-1172422.110,374.190
-443850.420,-1172420.410,374.200
-443850.510,-1172417.560,374.640
-443849.130,-1172416.380,374.170
-443850.220,-1172413.190,374.680
-443849.120,-1172416.060,374.220
-443847.310,-1172418.820,374.160
-443847.190,-1172419.130,374.090
-443850.030,-1172410.160,374.210
-443847.820,-1172415.900,374.240
-443848.720,-1172413.300,374.200
-443848.970,-1172412.660,374.290
-443848.780,-1172411.940,374.210
-443848.930,-1172411.140,374.310
-443850.060,-1172406.610,374.660
-443848.240,-1172407.760,374.310
-443840.270,-1172428.530,374.220
-443840.240,-1172428.160,374.200
-443849.900,-1172402.980,374.190
-443847.980,-1172407.990,374.150
-443848.680,-1172403.790,374.150
-443848.540,-1172401.790,374.190
-443848.550,-1172400.350,374.240
-443845.810,-1172406.720,374.300
-443838.860,-1172420.410,377.500
-443835.750,-1172427.440,358.170
-443849.440,-1172392.750,374.280
-443843.820,-1172407.440,374.800
-443835.280,-1172427.040,358.090
-443848.300,-1172393.240,374.260
-443835.130,-1172427.000,358.080
-443849.300,-1172390.140,374.290
-443836.550,-1172422.170,374.190
-443835.750,-1172423.430,359.860
-443835.510,-1172424.060,359.750
-443838.650,-1172415.990,374.220
-443835.270,-1172422.960,359.820
-443835.220,-1172422.520,359.580
-443848.240,-1172389.280,374.320
-443840.950,-1172407.700,374.110
-443848.050,-1172389.150,374.240
-443849.180,-1172384.710,374.730
-443837.270,-1172411.520,374.110
-443848.950,-1172382.360,374.300
-443848.920,-1172380.780,374.310
-443840.980,-1172400.250,374.720
-443835.940,-1172413.390,374.680
-443835.820,-1172413.730,374.700
-443848.960,-1172379.400,374.280
-443846.690,-1172385.050,374.360
-443835.760,-1172412.210,374.680
-443835.510,-1172412.860,374.630
-443846.270,-1172384.760,374.300
-443835.900,-1172411.030,374.740
-443835.750,-1172409.320,374.710
-443835.720,-1172409.390,373.870
-443835.600,-1172408.490,374.710
-443834.680,-1172410.900,373.750
-443835.680,-1172407.720,374.750
-443835.160,-1172409.020,365.470
-443834.650,-1172408.780,373.790
-443835.570,-1172406.390,374.730
-443835.520,-1172405.890,374.690
-443829.060,-1172421.170,377.560
-443835.430,-1172401.910,374.740
-443835.230,-1172401.850,373.930
-443835.030,-1172398.210,374.630
-443835.200,-1172397.160,374.730
-443834.900,-1172397.920,371.080
-443842.610,-1172378.400,374.210
-443835.100,-1172395.900,374.730
-443834.950,-1172396.280,373.830
-443834.000,-1172395.840,362.370
-443834.060,-1172394.870,362.380
-443835.040,-1172390.910,374.760
-443833.810,-1172391.860,369.250
-443833.650,-1172387.650,370.790
-443839.330,-1172364.310,371.100
-443839.360,-1172363.730,371.140
-443838.770,-1172365.280,370.720
-443834.460,-1172375.000,374.700
-443838.810,-1172362.740,370.710
-443834.290,-1172372.820,374.690
-443834.160,-1172373.160,374.650
-443833.930,-1172373.040,356.990
-443839.160,-1172358.000,371.110
-443838.600,-1172358.540,370.740
-443838.590,-1172356.730,370.700
-443839.020,-1172354.700,371.110
-443838.470,-1172349.030,370.710
-443838.220,-1172341.990,370.680
-443838.200,-1172339.470,370.730
-443826.800,-1172365.460,359.770
-443838.520,-1172336.500,371.050
-443826.880,-1172364.600,365.380
-443826.750,-1172364.950,365.360
-443826.900,-1172364.580,368.210
-443838.450,-1172334.200,371.120
-443837.980,-1172335.450,370.740
-443826.930,-1172361.990,365.370
-443827.030,-1172361.700,362.620
-443826.900,-1172362.060,362.620
-443826.990,-1172361.770,359.810
-443826.490,-1172361.250,359.760
-443826.360,-1172361.590,359.750
-443826.370,-1172360.960,368.150
-443826.740,-1172354.140,368.170
-443826.730,-1172354.150,365.370
-443826.550,-1172353.720,368.130
-443826.360,-1172354.160,362.550
-443826.320,-1172350.430,359.750
-443826.210,-1172350.210,365.360
-443826.580,-1172346.910,362.610
-443826.550,-1172346.940,357.040
-443826.420,-1172347.270,357.000
-443826.300,-1172347.590,356.960
-443825.820,-1172347.250,359.680
-443826.370,-1172347.550,368.170
-443828.600,-1172339.260,370.660
-443828.460,-1172339.640,370.710
-443826.010,-1172343.810,365.340
-443826.350,-1172342.830,359.820
-443826.230,-1172343.150,359.810
-443826.340,-1172342.830,356.990
-443826.390,-1172343.320,365.370
-443826.000,-1172336.550,356.990
-443770.570,-1172434.050,361.780
-443770.390,-1172427.150,361.810
-443770.170,-1172427.720,361.520
-443770.430,-1172426.260,361.800
-443770.190,-1172423.650,361.800
-443770.080,-1172423.960,361.750
-443769.960,-1172424.270,361.640
-443770.170,-1172423.200,361.770
-443770.050,-1172423.530,361.730
-443837.920,-1172331.290,370.680
-443838.410,-1172332.740,371.130
-443837.960,-1172333.930,370.630
-443825.870,-1172333.020,362.550
-443825.860,-1172332.980,356.960
-443825.910,-1172332.980,368.170
-443813.030,-1172307.180,357.580
-443812.320,-1172306.170,357.320
-443765.740,-1172292.350,358.630
-443761.120,-1172293.050,359.190
-443761.220,-1172290.720,359.270
-443761.100,-1172291.040,359.170
-443760.980,-1172291.370,359.120
-443760.960,-1172290.490,359.160
-443736.370,-1172325.650,358.200
-443738.770,-1172294.910,359.630
-443736.140,-1172296.280,357.800
-443719.140,-1172319.930,359.070
-443707.670,-1172335.820,360.870
-443705.500,-1172336.320,360.720
-443705.370,-1172336.670,360.710
-443705.420,-1172335.990,360.700
-443705.430,-1172335.270,360.740
-443705.310,-1172334.650,360.700
-443705.200,-1172334.950,360.610
-443705.270,-1172335.410,360.760
-443705.270,-1172333.830,360.690
-443704.870,-1172331.500,360.750
-443704.720,-1172330.230,360.630
-443704.680,-1172329.930,360.690
-443704.590,-1172326.780,360.820
-443704.340,-1172327.450,360.760
-443706.210,-1172322.950,358.540
-443704.570,-1172327.430,360.720
-443704.220,-1172326.920,360.640
-443696.740,-1172292.190,359.120
-443835.600,-1172431.260,352.520
-443835.430,-1172430.890,352.470
-443827.000,-1172436.200,351.600
-443810.130,-1172433.930,351.400
-443802.640,-1172436.800,347.630
-443794.780,-1172422.180,353.500
-443794.890,-1172421.790,353.540
-443795.140,-1172421.580,353.600
-443795.650,-1172421.170,353.810
-443795.910,-1172420.960,353.890
-443795.290,-1172421.190,353.670
-443796.550,-1172420.160,354.120
-443794.560,-1172420.930,353.420
-443794.800,-1172420.730,353.500
-443795.070,-1172420.510,353.590
-443795.570,-1172420.100,353.770
-443796.860,-1172419.050,354.250
-443795.450,-1172420.640,353.730
-443795.710,-1172420.420,353.810
-443796.230,-1172420.000,354.010
-443796.480,-1172419.790,354.080
-443794.820,-1172420.340,353.520
-443795.060,-1172420.140,353.580
-443795.820,-1172419.520,353.880
-443796.070,-1172419.310,353.970
-443796.820,-1172418.710,354.240
-443796.250,-1172418.800,354.020
-443794.470,-1172419.290,353.420
-443794.730,-1172419.080,353.500
-443795.760,-1172418.240,353.870
-443796.020,-1172418.020,353.970
-443796.770,-1172417.410,354.280
-443794.610,-1172419.640,353.450
-443794.860,-1172419.440,353.520
-443795.120,-1172419.230,353.620
-443795.380,-1172419.020,353.690
-443795.620,-1172418.820,353.810
-443795.860,-1172418.620,353.900
-443796.110,-1172418.420,353.980
-443796.610,-1172418.010,354.160
-443794.670,-1172418.720,353.470
-443795.920,-1172417.700,353.920
-443796.780,-1172416.130,354.300
-443794.610,-1172418.360,353.460
-443796.130,-1172417.120,354.050
-443794.430,-1172417.560,353.440
-443795.720,-1172416.520,353.900
-443795.970,-1172416.310,353.980
-443796.720,-1172415.700,354.300
-443794.750,-1172417.790,353.540
-443794.990,-1172417.590,353.610
-443795.760,-1172416.960,353.880
-443796.730,-1172414.930,354.290
-443794.470,-1172417.130,353.450
-443795.200,-1172416.530,353.710
-443795.950,-1172415.920,353.980
-443796.700,-1172415.310,354.300
-443794.980,-1172404.460,351.710
-443793.410,-1172404.110,351.550
-443794.470,-1172416.770,353.460
-443795.490,-1172415.940,353.800
-443794.010,-1172412.520,353.370
-443801.370,-1172407.810,348.280
-443794.710,-1172413.240,353.590
-443794.060,-1172412.860,353.370
-443794.330,-1172412.640,353.430
-443794.130,-1172414.510,353.380
-443794.380,-1172414.310,353.480
-443794.620,-1172414.110,353.560
-443794.870,-1172413.910,353.640
-443795.130,-1172413.700,353.730
-443794.330,-1172413.950,353.440
-443794.570,-1172413.760,353.530
-443794.830,-1172413.540,353.610
-443795.080,-1172413.340,353.720
-443794.800,-1172414.430,353.600
-443795.320,-1172414.010,353.790
-443794.640,-1172415.380,353.540
-443795.160,-1172414.960,353.730
-443795.410,-1172414.750,353.790
-443795.410,-1172414.420,353.790
-443794.420,-1172416.360,353.470
-443794.670,-1172416.150,353.520
-443795.680,-1172415.330,353.920
-443796.200,-1172414.900,354.110
-443796.460,-1172414.690,354.180
-443794.580,-1172415.780,353.510
-443794.860,-1172415.560,353.590
-443795.120,-1172415.350,353.700
-443795.360,-1172415.150,353.770
-443796.130,-1172414.520,354.080
-443793.010,-1172423.630,352.830
-443794.010,-1172422.810,353.200
-443794.270,-1172422.600,353.290
-443793.090,-1172423.260,352.900
-443793.340,-1172423.050,352.980
-443794.140,-1172422.410,353.280
-443793.240,-1172422.860,352.940
-443793.160,-1172422.510,352.930
-443794.180,-1172421.670,353.250
-443793.810,-1172421.540,353.150
-443794.060,-1172421.340,353.220
-443794.310,-1172421.130,353.340
-443792.930,-1172421.880,350.100
-443793.310,-1172421.570,352.990
-443793.830,-1172421.150,353.150
-443792.810,-1172421.610,350.090
-443793.220,-1172421.280,352.940
-443793.480,-1172421.060,353.030
-443792.970,-1172420.990,350.110
-443793.050,-1172420.920,352.910
-443793.320,-1172420.700,353.010
-443793.590,-1172420.480,353.080
-443793.840,-1172420.280,353.160
-443794.080,-1172420.080,353.270
-443792.830,-1172420.630,350.030
-443792.970,-1172420.520,352.900
-443793.960,-1172419.710,353.250
-443794.230,-1172419.490,353.300
-443793.390,-1172419.770,353.000
-443794.160,-1172419.140,353.290
-443792.830,-1172419.810,352.830
-443793.060,-1172419.630,352.940
-443793.340,-1172419.400,353.030
-443794.350,-1172418.570,353.380
-443792.730,-1172419.430,352.810
-443792.960,-1172419.250,352.920
-443793.720,-1172418.620,353.150
-443793.970,-1172418.420,353.260
-443793.680,-1172418.180,353.180
-443793.950,-1172417.960,353.240
-443794.190,-1172417.760,353.350
-443792.460,-1172419.170,352.660
-443792.690,-1172418.980,352.820
-443792.930,-1172418.390,352.910
-443793.460,-1172417.960,353.080
-443793.710,-1172417.750,353.170
-443794.210,-1172417.340,353.380
-443792.600,-1172418.300,349.950
-443793.440,-1172417.620,353.090
-443789.810,-1172405.400,351.090
-443789.750,-1172406.020,350.990
-443789.980,-1172405.840,351.100
-443789.800,-1172407.480,350.850
-443790.030,-1172407.290,351.070
-443790.200,-1172407.630,351.110
-443790.240,-1172408.010,351.100
-443790.130,-1172408.410,351.080
-443790.050,-1172408.780,351.020
-443790.070,-1172409.220,350.950
-443790.300,-1172409.030,351.070
-443790.360,-1172409.890,351.130
-443790.380,-1172410.310,351.100
-443790.220,-1172410.910,351.010
-443790.470,-1172410.710,351.130
-443792.250,-1172410.870,352.780
-443792.070,-1172411.610,352.660
-443792.870,-1172411.970,352.990
-443792.510,-1172412.820,352.850
-443793.510,-1172412.010,353.230
-443793.300,-1172412.720,353.110
-443793.760,-1172412.730,353.310
-443792.270,-1172414.330,352.680
-443793.020,-1172413.720,352.980
-443793.800,-1172413.080,353.290
-443792.230,-1172414.810,352.650
-443792.720,-1172414.400,352.880
-443793.000,-1172414.180,352.990
-443793.250,-1172413.970,353.100
-443792.920,-1172414.700,352.940
-443793.160,-1172414.500,353.030
-443792.540,-1172415.410,352.830
-443792.780,-1172415.210,352.900
-443793.030,-1172415.010,352.990
-443793.820,-1172414.370,353.270
-443792.350,-1172415.960,352.720
-443792.600,-1172415.760,352.850
-443792.880,-1172415.540,352.930
-443793.630,-1172414.920,353.190
-443793.890,-1172414.710,353.290
-443792.570,-1172416.250,352.790
-443792.810,-1172416.050,352.900
-443793.060,-1172415.850,352.960
-443793.300,-1172415.650,353.080
-443794.050,-1172415.050,353.360
-443793.130,-1172416.290,352.990
-443792.840,-1172416.850,352.890
-443793.090,-1172416.650,353.000
-443793.370,-1172416.420,353.080
-443793.620,-1172416.220,353.180
-443793.840,-1172416.030,353.250
-443794.110,-1172415.820,353.350
-443792.800,-1172417.240,352.890
-443793.080,-1172417.010,352.940
-443793.320,-1172416.810,353.070
-443794.100,-1172416.180,353.340
-443792.640,-1172417.810,352.790
-443792.890,-1172417.600,352.910
-443793.650,-1172416.980,353.160
-443794.150,-1172416.570,353.350
-443834.880,-1172397.440,354.240
-443834.350,-1172399.310,353.980
-443833.940,-1172394.350,353.880
-443834.020,-1172394.680,353.920
-443835.090,-1172393.800,354.200
-443834.580,-1172387.500,354.230
-443834.840,-1172387.280,354.260
-443825.860,-1172336.010,351.340
-443826.130,-1172335.780,354.240
-443825.910,-1172336.350,354.150
-443825.960,-1172336.740,351.370
-443826.300,-1172336.770,351.490
-443826.010,-1172343.360,354.020
-443826.240,-1172343.170,354.210
-443826.500,-1172346.850,348.680
-443826.250,-1172347.050,351.360
-443826.520,-1172346.830,351.430
-443826.530,-1172346.820,354.270
-443826.300,-1172346.480,348.590
-443826.520,-1172347.440,351.490
-443826.550,-1172347.410,354.290
-443791.880,-1172378.700,351.620
-443826.500,-1172350.880,351.450
-443825.550,-1172354.110,347.270
-443792.870,-1172382.390,351.700
-443793.680,-1172382.080,351.810
-443798.560,-1172378.090,348.340
-443801.110,-1172379.010,348.400
-443826.690,-1172361.520,351.380
-443826.950,-1172361.310,351.440
-443827.010,-1172361.260,354.260
-443826.750,-1172362.060,354.190
-443826.970,-1172361.880,354.360
-443795.460,-1172389.930,351.950
-443812.590,-1172376.490,348.100
-443826.830,-1172365.500,351.380
-443827.090,-1172365.290,351.550
-443792.910,-1172393.210,351.600
-443826.650,-1172366.060,347.800
-443795.260,-1172391.700,351.880
-443826.320,-1172366.710,347.550
-443833.850,-1172372.430,354.200
-443834.140,-1172372.200,354.220
-443834.030,-1172372.610,354.220
-443732.560,-1172399.470,349.050
-443732.780,-1172399.830,349.080
-443732.900,-1172402.190,349.160
-443732.880,-1172402.640,349.070
-443732.740,-1172403.260,349.040
-443732.760,-1172403.710,349.090
-443732.970,-1172404.050,349.160
-443732.730,-1172405.030,349.080
-443732.920,-1172407.480,349.080
-443787.110,-1172378.060,350.930
-443787.250,-1172378.470,351.090
-443787.200,-1172379.040,350.920
-443787.580,-1172379.970,351.110
-443789.480,-1172378.410,351.350
-443787.380,-1172380.660,350.990
-443787.450,-1172381.730,351.000
-443787.510,-1172382.810,350.920
-443787.760,-1172382.600,351.050
-443787.670,-1172383.110,350.990
-443787.820,-1172384.510,351.070
-443787.620,-1172384.180,350.850
-443787.850,-1172384.000,351.080
-443768.890,-1172401.070,349.660
-443787.900,-1172384.920,351.070
-443769.000,-1172400.390,349.780
-443787.820,-1172386.120,350.940
-443788.600,-1172387.240,351.130
-443768.950,-1172403.320,349.520
-443788.020,-1172388.160,350.890
-443788.230,-1172387.980,351.110
-443788.090,-1172388.550,350.970
-443788.640,-1172394.930,350.970
-443788.760,-1172395.950,350.970
-443788.860,-1172396.520,350.990
-443788.720,-1172396.320,350.980
-443788.930,-1172397.250,351.000
-443788.740,-1172397.020,351.000
-443791.050,-1172395.780,351.340
-443789.120,-1172398.560,351.040
-443789.190,-1172398.020,351.120
-443789.170,-1172398.960,351.070
-443789.370,-1172401.270,351.060
-443789.250,-1172400.900,351.020
-443789.570,-1172400.190,351.150
-443789.590,-1172402.950,351.130
-443712.340,-1172403.270,352.450
-443712.600,-1172403.050,352.580
-443712.570,-1172402.550,352.580
-443711.600,-1172402.120,352.270
-443711.870,-1172401.890,352.330
-443712.120,-1172401.690,352.390
-443712.370,-1172401.480,352.490
-443711.660,-1172402.630,352.270
-443712.410,-1172402.010,352.510
-443711.680,-1172401.540,352.290
-443712.440,-1172400.910,352.520
-443712.230,-1172400.690,352.450
-443825.750,-1172333.300,351.350
-443825.820,-1172332.620,348.590
-443797.020,-1172331.450,351.150
-443796.250,-1172326.220,351.120
-443802.840,-1172319.130,350.960
-443803.070,-1172318.950,351.130
-443802.210,-1172314.990,350.940
-443731.020,-1172324.710,352.850
-443731.300,-1172324.470,352.860
-443755.740,-1172312.440,354.210
-443755.990,-1172312.230,354.380
-443756.060,-1172314.060,354.250
-443755.990,-1172314.650,354.170
-443760.300,-1172311.010,354.760
-443756.220,-1172315.070,354.270
-443756.230,-1172315.620,354.210
-443756.470,-1172315.420,354.370
-443756.340,-1172315.990,354.270
-443756.310,-1172317.050,354.210
-443756.550,-1172316.840,354.380
-443756.500,-1172316.280,354.380
-443756.510,-1172317.510,354.270
-443756.480,-1172318.100,354.150
-443756.660,-1172318.480,354.360
-443756.570,-1172319.230,354.180
-443756.780,-1172319.050,354.390
-443757.060,-1172321.130,354.380
-443756.990,-1172320.510,354.370
-443764.990,-1172315.070,355.180
-443742.860,-1172333.700,353.250
-443757.080,-1172321.730,354.370
-443764.970,-1172316.170,355.140
-443765.240,-1172316.590,355.220
-443762.830,-1172319.650,354.880
-443765.330,-1172319.680,355.150
-443765.370,-1172320.080,355.130
-443765.230,-1172321.600,355.130
-443771.970,-1172321.800,352.930
-443771.650,-1172322.790,352.680
-443779.530,-1172318.190,351.920
-443718.410,-1172339.540,352.820
-443705.340,-1172330.650,352.350
-443705.080,-1172330.860,355.380
-443705.310,-1172330.670,355.500
-443705.010,-1172330.310,352.230
-443704.760,-1172328.610,352.880
-443850.810,-1172426.940,374.710
-443850.460,-1172422.470,374.200
-443850.370,-1172421.900,374.180
-443851.480,-1172418.790,373.810
-443840.340,-1172428.510,374.360
-443835.970,-1172430.440,359.880
-443836.130,-1172429.610,373.870
-443844.560,-1172421.900,374.900
-443847.490,-1172419.460,374.260
-443836.130,-1172429.340,359.920
-443836.290,-1172429.210,373.910
-443850.470,-1172416.260,374.750
-443847.440,-1172419.130,374.240
-443836.060,-1172427.960,373.860
-443849.290,-1172416.150,374.240
-443850.000,-1172415.020,374.640
-443835.680,-1172427.230,358.170
-443835.470,-1172427.140,358.150
-443848.910,-1172413.750,374.190
-443848.890,-1172413.410,374.260
-443838.180,-1172422.700,374.210
-443835.960,-1172424.180,359.930
-443838.210,-1172422.310,374.200
-443835.810,-1172423.990,359.920
-443835.760,-1172423.320,369.390
-443838.840,-1172420.760,377.420
-443835.620,-1172423.880,359.880
-443835.200,-1172423.400,359.720
-443848.910,-1172411.980,374.300
-443848.630,-1172411.520,374.140
-443848.890,-1172411.310,374.280
-443835.260,-1172422.970,359.810
-443849.810,-1172410.050,374.180
-443835.670,-1172422.300,359.870
-443848.610,-1172409.970,374.150
-443849.810,-1172408.500,374.170
-443848.410,-1172408.740,374.150
-443835.600,-1172418.370,377.560
-443838.520,-1172415.480,374.180
-443846.740,-1172407.280,374.260
-443849.830,-1172404.710,374.210
-443845.550,-1172407.920,374.170
-443845.780,-1172407.740,374.330
-443848.610,-1172405.390,374.170
-443830.670,-1172419.950,378.790
-443835.740,-1172414.290,373.880
-443843.790,-1172407.630,374.690
-443835.770,-1172412.720,374.580
-443835.720,-1172412.250,374.480
-443848.510,-1172401.180,374.180
-443849.580,-1172398.430,374.300
-443834.740,-1172411.130,373.750
-443849.530,-1172398.070,374.300
-443834.520,-1172410.870,373.700
-443834.770,-1172410.660,373.790
-443834.710,-1172410.310,373.760
-443835.830,-1172409.380,374.760
-443834.520,-1172410.130,373.660
-443835.660,-1172409.180,374.560
-443849.580,-1172397.690,374.280
-443835.090,-1172409.200,369.350
-443834.960,-1172408.670,369.360
-443848.350,-1172397.610,374.260
-443834.890,-1172408.530,369.350
-443834.840,-1172408.210,369.310
-443834.460,-1172408.520,373.710
-443835.580,-1172406.500,374.600
-443848.270,-1172395.550,374.270
-443849.620,-1172394.440,374.340
-443834.980,-1172406.510,371.970
-443834.740,-1172406.080,373.840
-443835.580,-1172405.390,374.700
-443834.630,-1172405.930,373.640
-443834.540,-1172405.540,373.720
-443835.630,-1172404.650,374.750
-443849.380,-1172393.330,374.290
-443849.460,-1172392.770,374.300
-443849.390,-1172392.380,374.270
-443835.400,-1172403.890,374.520
-443848.240,-1172392.380,374.270
-443851.780,-1172389.470,374.450
-443835.330,-1172403.520,373.980
-443835.200,-1172403.100,374.000
-443834.770,-1172402.630,363.800
-443835.450,-1172400.240,374.750
-443848.140,-1172389.360,374.240
-443849.880,-1172387.930,374.960
-443835.110,-1172399.510,373.920
-443835.460,-1172398.770,374.770
-443835.240,-1172398.320,374.550
-443849.170,-1172386.090,374.260
-443849.480,-1172385.460,374.750
-443834.990,-1172397.720,371.090
-443847.110,-1172385.600,374.490
-443846.820,-1172385.510,374.330
-443846.780,-1172385.100,374.430
-443834.790,-1172395.370,362.620
-443835.070,-1172395.150,362.650
-443834.720,-1172394.980,362.660
-443835.010,-1172394.740,362.630
-443835.240,-1172394.550,374.760
-443846.210,-1172384.690,374.310
-443834.770,-1172394.490,362.630
-443849.330,-1172381.750,374.740
-443834.920,-1172393.940,362.650
-443849.000,-1172381.500,374.290
-443842.790,-1172385.470,374.290
-443849.240,-1172378.970,374.750
-443849.340,-1172378.480,374.890
-443848.730,-1172377.100,374.250
-443833.890,-1172387.560,370.860
-443834.630,-1172386.950,371.130
-443834.570,-1172386.530,373.900
-443834.760,-1172385.980,373.960
-443848.740,-1172374.570,374.300
-443848.780,-1172371.980,374.330
-443840.460,-1172377.980,382.310
-443834.250,-1172383.400,377.620
-443837.170,-1172380.670,374.450
-443836.970,-1172380.500,374.320
-443834.150,-1172375.860,359.920
-443770.090,-1172427.780,361.510
-443833.960,-1172375.690,359.920
-443834.230,-1172375.470,359.890
-443769.980,-1172427.410,361.550
-443770.430,-1172427.040,361.840
-443770.080,-1172426.850,361.560
-443770.020,-1172425.560,361.600
-443770.000,-1172425.130,361.610
-443833.940,-1172372.990,357.010
-443834.170,-1172371.760,357.020
-443770.200,-1172423.450,361.850
-443833.210,-1172372.060,356.710
-443770.020,-1172422.690,361.760
-443839.130,-1172357.700,371.150
-443838.510,-1172356.720,370.710
-443827.160,-1172365.620,362.710
-443827.160,-1172365.620,365.470
-443827.180,-1172365.600,368.290
-443826.930,-1172365.400,359.840
-443826.790,-1172365.200,359.800
-443827.100,-1172364.940,365.460
-443838.540,-1172355.580,370.710
-443839.050,-1172354.830,371.120
-443838.510,-1172354.140,370.700
-443827.050,-1172361.810,359.980
-443826.820,-1172362.000,362.640
-443826.850,-1172361.960,365.420
-443826.560,-1172361.620,359.610
-443827.050,-1172361.220,359.910
-443827.060,-1172361.200,362.780
-443838.510,-1172350.690,370.730
-443838.940,-1172350.330,371.130
-443826.680,-1172358.070,367.600
-443838.840,-1172347.560,371.150
-443830.450,-1172354.410,370.660
-443838.290,-1172347.470,370.710
-443838.790,-1172345.630,371.160
-443826.760,-1172354.630,368.280
-443838.290,-1172345.200,370.710
-443826.870,-1172354.150,362.640
-443826.840,-1172354.170,368.300
-443826.330,-1172354.040,362.360
-443826.590,-1172353.820,368.200
-443826.830,-1172353.630,368.320
-443838.340,-1172344.200,370.700
-443838.750,-1172343.870,371.140
-443838.870,-1172343.180,371.160
-443838.670,-1172341.330,371.150
-443826.570,-1172350.810,359.840
-443826.320,-1172351.010,362.540
-443826.590,-1172350.270,359.830
-443826.620,-1172350.240,362.630
-443838.650,-1172339.160,371.180
-443826.310,-1172347.610,356.980
-443826.560,-1172347.400,357.130
-443826.330,-1172347.580,368.170
-443838.120,-1172337.920,370.720
-443838.550,-1172337.560,371.180
-443826.560,-1172346.790,357.030
-443826.310,-1172346.990,359.820
-443826.560,-1172346.790,359.910
-443826.560,-1172346.790,362.680
-443838.460,-1172334.930,371.140
-443838.470,-1172334.510,371.150
-443837.990,-1172334.490,370.680
-443838.430,-1172334.130,371.110
-443837.910,-1172334.060,370.670
-443826.270,-1172343.140,359.850
-443826.530,-1172342.930,359.920
-443826.540,-1172342.920,362.670
-443826.080,-1172342.880,359.740
-443828.680,-1172339.870,370.730
-443828.520,-1172338.440,370.610
-443825.930,-1172336.330,359.750
-443826.410,-1172335.930,368.290
-443826.010,-1172336.700,356.960
-443826.190,-1172336.540,359.960
-443826.290,-1172336.770,359.920
-443826.030,-1172336.970,368.210
-443825.890,-1172335.980,359.750
-443826.110,-1172335.780,368.250
-443838.310,-1172330.940,371.110
-443825.770,-1172333.250,362.500
-443825.960,-1172333.090,368.220
-443826.190,-1172332.900,368.400
-443825.940,-1172333.710,368.260
-443826.090,-1172332.370,362.710
-443783.720,-1172317.760,358.880
-443788.660,-1172313.620,361.330
-443741.130,-1172318.510,362.460
-443761.280,-1172293.260,359.210
-443761.410,-1172292.700,359.250
-443761.010,-1172292.430,359.160
-443761.230,-1172292.240,359.310
-443760.950,-1172290.860,359.230
-443760.670,-1172290.410,359.130
-443752.010,-1172292.990,358.510
-443746.780,-1172290.980,358.910
-443724.980,-1172294.170,357.970
-443716.910,-1172324.890,360.800
-443716.980,-1172325.430,360.720
-443705.190,-1172334.270,360.620
-443705.180,-1172334.910,360.660
-443705.130,-1172333.030,360.730
-443718.460,-1172319.420,358.750
-443718.930,-1172319.020,359.030
-443705.100,-1172331.960,360.780
-443710.070,-1172324.750,360.820
-443704.420,-1172328.890,360.500
-443704.640,-1172329.400,360.750
-443704.110,-1172326.920,360.590
-443704.480,-1172327.220,360.790
-443707.000,-1172319.570,360.570
-443697.670,-1172292.350,359.260
