-443825.370,-1172432.900,351.590
-443797.080,-1172423.070,353.140
-443796.040,-1172422.400,353.410
-443794.780,-1172423.860,352.960
-443795.860,-1172422.090,353.520
-443773.020,-1172410.950,354.050
-443809.950,-1172317.650,351.450
-443808.280,-1172320.020,351.370
-443807.880,-1172320.200,351.360
-443805.570,-1172319.810,351.490
-443805.690,-1172319.510,351.680
-443795.910,-1172290.450,355.050
-443787.160,-1172291.750,355.290
-443721.860,-1172300.090,354.870
-443749.170,-1172325.060,351.050
-443762.750,-1172295.240,355.120
-443697.170,-1172299.570,350.650
-443851.620,-1172431.800,373.840
-443848.050,-1172419.660,374.200
-443839.520,-1172419.260,377.460
-443844.150,-1172393.430,374.270
-443833.850,-1172370.700,373.820
-443830.560,-1172367.410,371.120
-443721.920,-1172296.730,357.780
-443722.420,-1172296.720,357.650
-443726.940,-1172321.870,357.900
-443745.410,-1172293.880,358.470
-443746.400,-1172297.110,357.880
-443748.670,-1172291.430,358.780
-443747.500,-1172297.450,357.820
-443747.620,-1172297.160,357.840
-443747.870,-1172297.330,357.770
-443742.050,-1172317.300,361.020
-443739.090,-1172326.700,358.210
-443744.680,-1172317.340,360.870
-443741.940,-1172325.650,357.110
-443747.400,-1172321.150,357.810
-443767.870,-1172318.880,359.900
-443768.230,-1172318.880,359.870
-443770.710,-1172315.450,361.790
-443771.700,-1172315.300,361.770
-443774.020,-1172317.550,359.360
-443787.300,-1172313.900,361.090
-443796.730,-1172312.930,361.020
-443807.110,-1172309.830,358.780
-443814.480,-1172309.080,358.700
-443828.790,-1172331.060,370.750
-443706.410,-1172324.140,361.080
-443708.740,-1172324.180,360.950
-443711.110,-1172323.510,361.010
-443713.100,-1172323.410,360.920
-443712.760,-1172327.110,360.950
-443714.310,-1172323.260,360.970
-443712.260,-1172338.320,360.180
-443713.860,-1172337.570,360.380
-443713.620,-1172337.410,360.450
-443714.740,-1172338.350,360.080
-443715.100,-1172337.440,360.370
-443796.510,-1172423.540,353.030
-443799.080,-1172421.910,353.530
-443801.300,-1172424.640,347.550
-443821.460,-1172433.160,351.580
-443825.390,-1172433.030,351.550
-443769.710,-1172411.600,354.090
-443794.760,-1172424.180,352.820
-443808.900,-1172317.800,351.960
-443805.650,-1172319.470,351.700
-443805.690,-1172319.020,351.830
-443787.040,-1172291.960,355.350
-443770.210,-1172323.560,354.760
-443765.050,-1172321.940,352.520
-443743.820,-1172336.550,353.220
-443762.810,-1172295.110,355.180
-443717.380,-1172300.470,354.910
-443831.680,-1172362.000,370.660
-443846.490,-1172415.730,374.170
-443851.020,-1172388.600,374.430
-443840.980,-1172393.510,374.300
-443722.610,-1172296.580,357.800
-443743.570,-1172321.720,357.800
-443785.630,-1172313.950,361.160
-443782.510,-1172320.410,356.840
-443795.370,-1172314.030,360.400
-443795.100,-1172318.860,357.420
-443713.130,-1172296.590,357.800
-443715.080,-1172295.440,358.050
-443715.740,-1172295.300,358.080
-443707.540,-1172323.970,361.070
-443709.370,-1172322.120,362.170
-443708.730,-1172323.990,361.020
-443708.300,-1172325.230,360.680
-443710.840,-1172323.710,360.960
-443713.460,-1172327.120,360.880
-443712.710,-1172337.890,360.320
-443712.990,-1172338.460,360.160
-443712.770,-1172338.180,360.250
-443797.080,-1172422.810,353.230
-443798.860,-1172423.940,352.840
-443794.790,-1172424.180,352.880
-443708.460,-1172396.270,352.400
-443809.890,-1172319.950,351.400
-443836.560,-1172356.590,370.840
-443747.690,-1172422.160,361.680
-443811.930,-1172309.960,358.320
-443792.790,-1172313.340,361.020
-443767.910,-1172319.030,359.910
-443738.340,-1172326.920,358.150
-443749.400,-1172291.290,358.850
-443745.960,-1172297.440,357.910
-443734.560,-1172321.120,361.050
-443734.420,-1172321.450,361.040
-443732.790,-1172319.980,362.120
-443741.850,-1172291.530,359.790
-443725.450,-1172294.260,357.890
-443714.790,-1172338.230,360.100
-443713.040,-1172338.430,360.040
-443713.320,-1172326.970,361.080
-443706.400,-1172324.160,361.140
-443851.430,-1172426.950,351.430
-443825.340,-1172433.190,351.470
-443817.670,-1172433.510,351.480
-443797.720,-1172420.720,353.960
-443796.670,-1172421.210,353.800
-443769.840,-1172411.550,354.030
-443807.970,-1172320.210,351.240
-443806.830,-1172315.740,354.270
-443813.510,-1172304.990,352.610
-443795.390,-1172291.430,355.200
-443795.190,-1172291.030,355.320
-443786.860,-1172291.490,355.460
-443717.450,-1172300.440,354.850
-443837.380,-1172419.570,377.480
-443841.650,-1172370.390,374.650
-443831.590,-1172362.050,370.650
-443746.460,-1172422.170,361.780
-443828.670,-1172330.970,370.780
-443840.620,-1172307.660,356.060
-443812.340,-1172309.880,358.250
-443796.780,-1172312.950,361.010
-443782.030,-1172314.380,361.140
-443768.020,-1172319.070,359.960
-443786.090,-1172290.920,355.660
-443740.620,-1172326.490,358.110
-443743.560,-1172321.760,357.740
-443734.860,-1172321.550,360.820
-443737.160,-1172319.440,361.990
-443747.680,-1172297.180,357.800
-443747.590,-1172292.020,358.670
-443714.100,-1172338.120,360.120
-443714.730,-1172338.300,360.100
-443712.640,-1172337.980,360.280
-443712.910,-1172337.730,360.340
-443708.630,-1172324.790,360.740
-443706.310,-1172324.070,361.090
-443825.360,-1172440.810,351.250
-443825.320,-1172432.940,351.650
-443810.110,-1172434.000,350.620
-443795.870,-1172421.640,353.650
-443795.400,-1172422.890,353.240
-443796.550,-1172421.410,353.750
-443796.320,-1172422.020,353.580
-443797.620,-1172421.600,353.640
-443797.050,-1172423.090,353.080
-443797.400,-1172423.770,352.930
-443799.560,-1172422.270,353.410
-443799.000,-1172423.740,352.900
-443770.010,-1172411.480,354.010
-443762.230,-1172435.650,351.080
-443767.630,-1172395.790,349.910
-443806.020,-1172318.450,351.960
-443805.660,-1172319.420,351.650
-443806.280,-1172320.280,351.450
-443808.200,-1172320.000,351.380
-443809.780,-1172317.730,351.440
-443746.350,-1172325.560,351.010
-443757.450,-1172295.210,351.930
-443748.200,-1172325.260,351.170
-443749.140,-1172324.960,352.310
-443749.140,-1172324.960,351.310
-443749.020,-1172325.260,351.150
-443749.400,-1172324.990,351.120
-443762.290,-1172294.610,355.370
-443762.660,-1172295.230,355.080
-443763.010,-1172295.090,355.100
-443773.190,-1172293.340,351.780
-443769.680,-1172322.610,355.060
-443770.250,-1172323.320,354.840
-443715.540,-1172300.350,355.190
-443847.840,-1172419.760,374.140
-443847.450,-1172399.650,374.350
-443839.360,-1172419.100,377.530
-443839.750,-1172415.580,377.460
-443837.160,-1172421.840,374.270
-443831.930,-1172419.790,377.610
-443836.530,-1172356.580,370.820
-443829.190,-1172330.560,371.150
-443827.660,-1172330.610,371.140
-443816.650,-1172310.230,357.570
-443812.000,-1172309.930,358.320
-443798.760,-1172314.210,360.050
-443782.470,-1172320.410,356.880
-443749.300,-1172324.600,357.210
-443747.360,-1172321.220,357.740
-443747.480,-1172297.200,357.760
-443747.030,-1172297.150,357.860
-443735.150,-1172319.640,361.970
-443741.830,-1172291.470,359.750
-443740.850,-1172291.680,359.640
-443723.210,-1172320.670,359.080
-443726.970,-1172296.150,357.630
-443714.250,-1172338.100,357.590
-443713.740,-1172337.410,360.430
-443712.390,-1172338.390,360.080
-443716.340,-1172327.030,357.990
-443713.220,-1172326.930,361.020
-443710.160,-1172322.390,361.960
-443707.950,-1172324.000,361.050
-443707.340,-1172324.210,361.010
-443706.430,-1172324.290,360.990
-443801.280,-1172424.570,347.690
-443800.470,-1172424.210,352.650
-443796.410,-1172423.720,352.990
-443797.030,-1172422.910,353.240
-443798.080,-1172422.050,353.530
-443798.240,-1172421.070,353.850
-443770.160,-1172411.480,354.090
-443772.420,-1172411.710,353.700
-443742.220,-1172436.860,347.690
-443846.840,-1172306.490,348.280
-443809.930,-1172319.820,351.470
-443805.780,-1172319.370,351.710
-443807.120,-1172318.260,351.990
-443805.760,-1172318.950,351.840
-443788.890,-1172291.980,355.270
-443749.080,-1172324.870,352.390
-443718.530,-1172300.260,354.880
-443847.810,-1172419.850,374.140
-443839.440,-1172419.170,377.570
-443840.130,-1172418.920,377.450
-443847.630,-1172407.570,374.220
-443832.030,-1172419.840,377.600
-443851.600,-1172400.370,374.130
-443851.670,-1172397.670,373.840
-443841.530,-1172393.420,374.330
-443834.980,-1172371.070,374.360
-443767.810,-1172421.250,361.840
-443747.670,-1172422.130,361.860
-443830.720,-1172341.780,370.800
-443835.590,-1172306.370,357.450
-443798.760,-1172314.200,360.070
-443795.420,-1172313.910,360.560
-443793.380,-1172313.200,361.130
-443748.140,-1172323.930,357.310
-443785.990,-1172290.950,355.730
-443786.260,-1172290.730,355.780
-443724.680,-1172320.470,359.130
-443747.870,-1172297.250,357.740
-443720.530,-1172294.610,358.280
-443718.800,-1172294.890,358.180
-443714.970,-1172337.660,360.300
-443712.140,-1172338.390,360.170
-443713.830,-1172337.570,360.390
-443709.900,-1172323.620,361.080
-443706.480,-1172324.890,360.850
-443708.000,-1172324.210,360.990
-443706.190,-1172324.020,361.200
-443706.410,-1172324.420,360.970
-443706.660,-1172324.200,361.050
