-443744.910,-1172423.010,347.550
-443745.470,-1172422.950,347.540
-443750.820,-1172422.550,347.550
-443751.240,-1172422.540,347.550
-443838.350,-1172301.890,351.790
-443837.590,-1172301.930,351.820
-443835.420,-1172302.400,354.640
-443835.030,-1172302.410,354.630
-443828.110,-1172302.960,354.500
-443827.570,-1172303.450,352.250
-443818.130,-1172304.070,353.170
-443809.480,-1172315.190,353.430
-443729.430,-1172293.750,355.460
-443708.710,-1172293.570,355.390
-443708.450,-1172293.180,355.070
-443707.870,-1172293.590,355.470
-443707.990,-1172293.290,355.180
-443707.800,-1172292.950,354.730
-443735.310,-1172438.170,361.720
-443740.250,-1172438.020,361.780
-443744.070,-1172437.680,361.680
-443748.490,-1172437.500,361.650
-443751.160,-1172437.400,361.780
-443755.590,-1172437.230,361.530
-443757.970,-1172437.090,361.460
-443757.440,-1172437.360,361.800
-443758.810,-1172437.300,361.810
-443760.220,-1172437.220,361.790
-443760.840,-1172437.150,361.770
-443761.760,-1172436.930,361.470
-443769.630,-1172436.600,361.470
-443724.480,-1172296.060,357.390
-443724.610,-1172295.760,357.100
-443725.370,-1172295.840,356.970
-443725.980,-1172295.750,357.330
-443726.100,-1172295.450,357.020
-443726.230,-1172295.140,356.720
-443727.270,-1172294.700,356.120
-443726.440,-1172295.700,357.250
-443726.560,-1172295.410,356.910
-443726.680,-1172295.120,356.770
-443727.680,-1172295.370,357.060
-443728.050,-1172294.460,356.250
-443728.180,-1172294.140,355.870
-443727.090,-1172295.710,357.380
-443727.590,-1172294.490,356.170
-443728.810,-1172294.570,356.430
-443728.930,-1172294.270,356.120
-443729.070,-1172293.940,355.740
-443728.090,-1172295.210,356.980
-443728.340,-1172294.610,356.320
-443729.230,-1172295.430,357.310
-443729.360,-1172295.110,356.910
-443729.590,-1172294.540,356.430
-443729.720,-1172294.230,356.130
-443728.700,-1172295.550,357.460
-443729.560,-1172295.330,357.360
-443729.800,-1172294.740,356.660
-443729.950,-1172295.220,357.260
-443730.210,-1172294.580,356.430
-443730.140,-1172295.250,357.380
-443735.230,-1172290.530,358.560
-443735.560,-1172290.380,358.330
-443737.560,-1172291.280,359.230
-443738.440,-1172290.360,358.690
-443740.070,-1172290.400,358.840
-443732.880,-1172313.950,358.040
-443733.950,-1172313.980,358.100
-443740.050,-1172312.970,358.200
-443810.500,-1172305.410,355.980
-443707.180,-1172294.470,356.160
-443707.420,-1172293.870,355.670
-443707.220,-1172296.190,358.000
-443707.340,-1172295.890,357.750
-443707.460,-1172295.600,357.460
-443707.710,-1172294.990,356.920
-443707.940,-1172294.410,356.220
-443707.010,-1172295.690,357.470
-443707.260,-1172295.080,357.030
-443707.380,-1172294.790,356.600
-443707.640,-1172294.160,355.850
-443707.740,-1172295.940,357.870
-443707.980,-1172295.350,357.250
-443708.550,-1172296.080,358.160
-443705.120,-1172317.300,358.070
-443705.840,-1172317.490,358.100
-443706.050,-1172320.400,360.650
-443706.090,-1172319.420,359.620
-443707.500,-1172320.830,361.120
-443707.490,-1172321.450,361.540
-443710.960,-1172321.190,361.610
-443715.370,-1172319.770,360.860
-443714.400,-1172321.060,361.810
-443838.520,-1172301.830,351.940
-443837.870,-1172301.830,351.820
-443837.630,-1172302.030,352.010
-443806.250,-1172305.420,355.490
-443804.340,-1172306.430,354.090
-443756.800,-1172328.570,353.460
-443708.930,-1172293.430,355.500
-443708.530,-1172293.310,355.340
-443708.290,-1172293.510,355.520
-443708.160,-1172293.010,354.980
-443707.910,-1172293.220,355.150
-443707.650,-1172293.440,355.340
-443707.410,-1172293.630,355.470
-443737.140,-1172437.960,361.580
-443738.680,-1172437.930,361.810
-443743.810,-1172437.600,361.560
-443829.380,-1172366.970,371.020
-443829.900,-1172366.950,371.010
-443837.230,-1172366.730,371.030
-443760.330,-1172436.920,361.540
-443762.780,-1172436.780,361.610
-443764.060,-1172436.860,361.810
-443765.300,-1172436.710,361.560
-443837.280,-1172417.840,374.250
-443725.180,-1172295.340,356.910
-443726.740,-1172294.990,356.650
-443726.510,-1172295.180,356.850
-443726.020,-1172295.590,357.250
-443725.770,-1172295.800,357.430
-443726.520,-1172294.720,356.360
-443726.020,-1172295.130,356.730
-443725.780,-1172295.330,356.930
-443728.460,-1172293.950,355.800
-443728.230,-1172294.140,355.960
-443727.990,-1172294.340,356.150
-443727.750,-1172294.540,356.330
-443726.740,-1172295.380,357.110
-443726.490,-1172295.590,357.340
-443726.240,-1172295.800,357.530
-443729.410,-1172293.680,355.590
-443729.180,-1172293.870,355.760
-443728.950,-1172294.070,355.960
-443728.680,-1172294.290,356.170
-443728.430,-1172294.510,356.340
-443727.420,-1172295.340,357.150
-443726.950,-1172295.740,357.550
-443728.810,-1172294.660,356.550
-443728.300,-1172295.080,356.950
-443730.210,-1172293.880,355.910
-443729.710,-1172294.300,356.290
-443729.010,-1172294.890,356.870
-443729.810,-1172294.540,356.600
-443729.570,-1172294.740,356.800
-443729.310,-1172294.950,357.020
-443728.580,-1172295.560,357.570
-443734.980,-1172290.700,358.680
-443729.840,-1172294.980,357.010
-443729.590,-1172295.190,357.250
-443729.090,-1172295.600,357.640
-443730.650,-1172294.700,357.020
-443730.140,-1172295.120,357.220
-443729.890,-1172295.330,357.410
-443735.780,-1172290.420,358.520
-443735.990,-1172290.690,358.800
-443730.610,-1172295.180,357.510
-443737.870,-1172290.470,358.770
-443737.390,-1172291.250,359.360
-443739.700,-1172290.400,358.900
-443740.080,-1172290.540,359.090
-443741.890,-1172290.510,359.270
-443741.380,-1172290.940,359.530
-443723.340,-1172315.830,355.920
-443734.100,-1172313.770,358.290
-443736.540,-1172313.560,358.310
-443767.130,-1172294.070,359.020
-443749.160,-1172324.910,355.720
-443810.040,-1172307.280,357.250
-443814.930,-1172307.130,357.510
-443812.980,-1172308.780,358.650
-443825.250,-1172308.800,355.950
-443698.470,-1172291.510,358.670
-443708.040,-1172293.710,355.650
-443707.800,-1172293.920,355.850
-443707.550,-1172294.120,356.010
-443707.320,-1172294.320,356.180
-443707.060,-1172294.530,356.370
-443706.830,-1172294.720,356.560
-443708.680,-1172293.630,355.660
-443708.200,-1172294.030,356.000
-443707.940,-1172294.250,356.190
-443707.690,-1172294.450,356.360
-443707.470,-1172294.630,356.520
-443707.230,-1172294.830,356.720
-443706.980,-1172295.040,356.890
-443708.660,-1172294.540,356.570
-443708.430,-1172294.730,356.760
-443707.930,-1172295.150,357.130
-443707.440,-1172295.560,357.460
-443707.180,-1172295.770,357.650
-443708.920,-1172293.860,355.970
-443708.680,-1172294.060,356.170
-443707.680,-1172294.890,356.840
-443706.930,-1172295.510,357.410
-443709.070,-1172294.650,356.620
-443708.820,-1172294.850,356.940
-443708.060,-1172295.480,357.520
-443707.590,-1172295.880,357.850
-443707.350,-1172296.080,358.010
-443707.100,-1172296.290,358.200
-443708.600,-1172295.400,357.460
-443708.380,-1172295.580,357.620
-443707.850,-1172296.020,358.020
-443707.600,-1172296.230,358.200
-443707.350,-1172296.430,358.380
-443708.850,-1172295.600,357.730
-443708.510,-1172296.410,358.450
-443705.490,-1172316.500,357.420
-443715.040,-1172315.830,357.730
-443707.520,-1172321.770,361.960
-443709.180,-1172321.320,361.750
-443715.720,-1172316.820,358.670
-443711.340,-1172320.480,361.300
-443712.410,-1172320.480,361.340
-443713.400,-1172320.570,361.560
-443716.210,-1172319.220,360.800
-443715.590,-1172320.210,361.340
-443714.610,-1172321.020,361.910
-443715.540,-1172320.940,361.960
-443734.850,-1172423.330,354.320
-443738.760,-1172423.320,354.370
-443744.470,-1172422.910,350.750
-443753.740,-1172422.670,350.840
-443753.620,-1172422.970,350.970
-443757.550,-1172422.160,347.220
-443757.430,-1172422.440,347.440
-443765.260,-1172422.120,354.320
-443766.210,-1172422.010,350.800
-443768.710,-1172422.450,354.560
-443769.450,-1172421.860,354.220
-443744.480,-1172397.610,347.820
-443835.210,-1172302.490,354.620
-443814.300,-1172305.170,353.830
-443812.720,-1172304.310,348.260
-443785.960,-1172307.880,351.010
-443785.920,-1172308.620,351.410
-443729.180,-1172293.800,355.440
-443742.710,-1172313.330,352.390
-443742.280,-1172313.070,352.270
-443742.150,-1172313.380,352.380
-443718.230,-1172329.000,352.750
-443708.970,-1172293.260,355.100
-443708.500,-1172293.050,354.910
-443708.300,-1172293.550,355.360
-443708.160,-1172293.110,354.910
-443707.470,-1172293.630,355.290
-443706.530,-1172292.010,354.270
-443838.560,-1172366.710,370.910
-443836.810,-1172366.850,370.870
-443829.780,-1172367.020,370.890
-443832.250,-1172337.880,370.850
-443761.860,-1172436.910,361.470
-443760.160,-1172437.130,361.790
-443760.750,-1172437.100,361.530
-443759.270,-1172437.040,361.490
-443757.640,-1172437.170,361.640
-443756.620,-1172437.190,361.500
-443747.220,-1172437.590,361.550
-443747.750,-1172437.510,361.490
-443742.270,-1172437.990,361.810
-443739.900,-1172438.020,361.750
-443737.060,-1172438.050,361.580
-443828.170,-1172308.610,355.890
-443747.290,-1172313.010,355.630
-443734.270,-1172313.860,358.270
-443733.040,-1172314.090,358.320
-443731.400,-1172315.190,358.950
-443740.250,-1172290.370,358.830
-443739.610,-1172290.420,358.720
-443740.020,-1172290.390,358.750
-443739.300,-1172290.510,358.870
-443735.470,-1172291.270,359.080
-443735.720,-1172291.250,359.100
-443735.400,-1172290.450,358.370
-443735.800,-1172290.470,358.430
-443734.900,-1172290.750,358.650
-443734.320,-1172290.710,358.520
-443730.670,-1172294.840,357.090
-443730.730,-1172295.330,357.540
-443730.250,-1172293.960,355.820
-443729.750,-1172295.180,357.150
-443729.650,-1172295.430,357.380
-443721.410,-1172315.500,355.470
-443730.020,-1172295.320,357.260
-443729.080,-1172294.050,355.650
-443728.880,-1172294.530,356.190
-443728.780,-1172294.780,356.460
-443728.580,-1172295.270,356.990
-443729.590,-1172293.740,355.530
-443729.490,-1172293.990,355.830
-443729.090,-1172294.980,356.850
-443728.880,-1172295.490,357.370
-443729.780,-1172293.780,355.500
-443729.580,-1172294.280,356.060
-443729.280,-1172295.020,356.850
-443729.180,-1172295.270,357.080
-443729.070,-1172295.530,357.280
-443727.020,-1172295.700,357.230
-443728.160,-1172293.970,355.570
-443727.940,-1172294.520,356.020
-443727.450,-1172295.720,357.420
-443728.330,-1172294.070,355.640
-443728.240,-1172294.290,355.930
-443728.130,-1172294.570,356.140
-443727.950,-1172295.020,356.690
-443728.870,-1172293.970,355.650
-443728.780,-1172294.210,355.910
-443728.400,-1172295.150,356.990
-443728.190,-1172295.650,357.460
-443726.360,-1172295.090,356.560
-443726.260,-1172295.350,356.830
-443726.050,-1172295.850,357.380
-443725.220,-1172295.710,357.100
-443725.130,-1172295.930,357.430
-443726.030,-1172295.140,356.630
-443725.830,-1172295.620,357.140
-443725.720,-1172295.910,357.340
-443724.890,-1172295.610,356.920
-443724.160,-1172296.060,357.280
-443712.150,-1172326.770,360.650
-443715.700,-1172316.740,358.340
-443715.570,-1172318.410,359.760
-443715.130,-1172315.790,357.830
-443713.560,-1172316.300,357.580
-443712.870,-1172316.400,357.550
-443710.990,-1172321.030,361.660
-443710.930,-1172320.900,361.460
-443710.480,-1172321.010,361.470
-443709.310,-1172320.520,360.930
-443708.990,-1172321.330,361.580
-443707.780,-1172321.360,361.460
-443708.120,-1172316.980,357.670
-443708.670,-1172316.770,357.620
-443716.420,-1172294.590,358.160
-443705.920,-1172320.390,360.660
-443706.350,-1172318.310,358.770
-443709.190,-1172296.050,358.060
-443708.680,-1172294.010,355.900
-443708.380,-1172294.740,356.710
-443708.270,-1172295.030,356.910
-443708.150,-1172295.320,357.010
-443707.850,-1172296.060,357.790
-443708.760,-1172294.680,356.660
-443707.690,-1172294.290,356.290
-443707.880,-1172294.600,356.360
-443707.780,-1172294.850,356.600
-443708.440,-1172294.090,355.940
-443707.530,-1172296.360,358.180
-443707.270,-1172294.140,355.780
-443706.770,-1172295.380,357.040
-443706.670,-1172295.640,357.250
-443738.740,-1172423.370,354.400
-443738.110,-1172423.460,354.450
-443739.210,-1172423.300,354.420
-443739.090,-1172423.400,350.850
-443738.830,-1172423.640,347.650
-443741.240,-1172423.320,350.860
-443744.190,-1172423.340,347.580
-443744.840,-1172423.300,347.580
-443745.470,-1172423.060,347.550
-443747.320,-1172423.110,347.570
-443750.740,-1172422.710,347.460
-443751.420,-1172422.930,347.590
-443753.360,-1172422.970,354.520
-443753.510,-1172422.830,350.900
-443753.770,-1172422.590,350.770
-443754.670,-1172422.600,347.500
-443764.980,-1172422.090,354.260
-443765.290,-1172422.220,354.420
-443766.370,-1172422.210,350.900
-443768.120,-1172422.330,354.540
-443768.730,-1172422.470,354.580
-443744.410,-1172397.650,347.860
-443838.050,-1172305.020,354.120
-443839.000,-1172301.710,351.750
-443838.260,-1172301.790,351.780
-443837.580,-1172301.950,351.860
-443835.210,-1172302.340,354.610
-443823.750,-1172307.630,354.970
-443827.930,-1172303.360,352.220
-443799.010,-1172324.260,351.110
-443804.740,-1172306.570,354.030
-443748.130,-1172324.910,355.500
-443742.060,-1172313.230,352.340
-443742.350,-1172313.370,352.410
-443708.360,-1172293.640,355.540
-443708.590,-1172293.430,355.360
-443708.800,-1172293.230,355.200
-443707.700,-1172293.720,355.510
-443707.940,-1172293.490,355.350
-443708.140,-1172293.310,355.160
-443708.370,-1172293.100,354.990
-443707.400,-1172293.630,355.410
-443707.840,-1172293.230,355.030
-443708.060,-1172293.030,354.850
-443706.020,-1172292.210,354.300
-443841.430,-1172399.850,374.580
-443840.570,-1172377.150,374.590
-443761.660,-1172436.920,361.470
-443761.100,-1172436.990,361.520
-443837.360,-1172366.730,370.860
-443836.700,-1172366.790,370.910
-443758.870,-1172437.310,361.840
-443836.330,-1172366.710,370.780
-443835.620,-1172366.860,370.950
-443757.290,-1172437.330,361.750
-443757.500,-1172437.140,361.520
-443834.450,-1172366.800,370.900
-443753.750,-1172437.320,361.690
-443829.950,-1172366.990,370.950
-443829.090,-1172366.960,370.870
-443828.080,-1172367.030,370.920
-443750.270,-1172437.490,361.780
-443748.920,-1172437.490,361.520
-443747.310,-1172437.600,361.690
-443745.450,-1172437.630,361.480
-443742.280,-1172437.920,361.780
-443830.990,-1172304.530,355.800
-443812.350,-1172308.170,358.090
-443810.640,-1172305.360,355.870
-443805.270,-1172310.850,357.220
-443783.220,-1172308.250,357.460
-443748.900,-1172324.910,355.560
-443749.280,-1172324.870,355.610
-443772.430,-1172293.620,359.020
-443737.120,-1172313.490,358.280
-443734.110,-1172313.850,358.300
-443740.020,-1172290.370,358.850
-443737.630,-1172290.380,358.620
-443735.510,-1172291.230,359.080
-443730.120,-1172295.410,357.450
-443735.360,-1172290.580,358.520
-443735.570,-1172290.380,358.390
-443729.610,-1172295.500,357.520
-443729.830,-1172295.300,357.310
-443730.040,-1172295.100,357.150
-443728.610,-1172295.470,357.380
-443729.030,-1172295.080,356.980
-443729.270,-1172294.860,356.800
-443729.150,-1172295.370,357.330
-443729.780,-1172294.790,356.790
-443730.000,-1172294.600,356.590
-443734.360,-1172290.570,358.490
-443727.290,-1172295.660,357.390
-443727.510,-1172295.460,357.210
-443727.730,-1172295.260,357.020
-443727.950,-1172295.060,356.800
-443728.600,-1172294.460,356.230
-443728.820,-1172294.260,356.040
-443729.030,-1172294.060,355.870
-443729.240,-1172293.870,355.690
-443728.330,-1172295.220,357.020
-443728.770,-1172294.820,356.630
-443725.930,-1172295.880,357.480
-443726.150,-1172295.680,357.280
-443726.360,-1172295.490,357.090
-443726.570,-1172295.300,356.920
-443727.620,-1172294.320,355.980
-443726.660,-1172295.600,357.240
-443726.880,-1172295.400,357.050
-443727.740,-1172294.610,356.300
-443727.950,-1172294.420,356.090
-443728.160,-1172294.220,355.870
-443728.390,-1172294.010,355.710
-443725.740,-1172295.580,357.090
-443725.960,-1172295.380,356.900
-443726.170,-1172295.180,356.710
-443726.590,-1172294.800,356.320
-443724.910,-1172295.840,357.320
-443725.130,-1172295.640,357.160
-443725.550,-1172295.250,356.770
-443725.780,-1172295.040,356.570
-443724.080,-1172296.000,357.400
-443724.500,-1172295.620,357.000
-443715.510,-1172319.750,360.920
-443715.730,-1172319.550,360.760
-443715.960,-1172319.340,360.580
-443709.670,-1172325.580,360.710
-443712.350,-1172321.370,361.940
-443710.950,-1172320.770,361.340
-443708.930,-1172321.260,361.570
-443707.720,-1172321.810,361.910
-443706.880,-1172321.330,361.450
-443707.320,-1172320.920,361.110
-443706.010,-1172320.380,360.600
-443706.270,-1172318.190,358.790
-443705.750,-1172317.510,358.180
-443708.910,-1172296.190,358.240
-443707.850,-1172296.260,358.190
-443708.050,-1172296.070,358.020
-443708.520,-1172295.640,357.650
-443708.720,-1172295.450,357.490
-443709.150,-1172295.050,357.060
-443708.830,-1172295.840,357.850
-443707.050,-1172296.390,358.190
-443707.270,-1172296.190,358.060
-443707.480,-1172295.990,357.880
-443707.690,-1172295.800,357.700
-443707.910,-1172295.590,357.510
-443708.340,-1172295.200,357.150
-443708.560,-1172294.990,356.980
-443708.770,-1172294.800,356.810
-443708.990,-1172294.600,356.610
-443710.880,-1172292.850,356.500
-443708.040,-1172294.480,356.310
-443708.470,-1172294.090,355.950
-443708.700,-1172293.880,355.810
-443708.900,-1172293.690,355.620
-443707.150,-1172295.810,357.620
-443708.430,-1172294.630,356.610
-443708.870,-1172294.220,356.230
-443709.060,-1172294.040,356.020
-443707.040,-1172294.860,356.630
-443707.260,-1172294.660,356.450
-443707.700,-1172294.250,356.070
-443706.940,-1172295.500,357.230
-443707.170,-1172295.290,357.030
-443707.390,-1172295.080,356.860
-443707.610,-1172294.880,356.700
-443707.830,-1172294.680,356.480
-443707.480,-1172293.920,355.720
-443729.850,-1172293.340,355.230
-443831.700,-1172366.810,371.190
-443769.320,-1172436.460,361.840
-443770.090,-1172436.540,361.800
-443764.190,-1172436.750,361.860
-443760.840,-1172437.140,361.730
-443757.340,-1172437.300,361.720
-443748.520,-1172437.720,361.690
-443742.240,-1172438.090,361.750
-443739.160,-1172437.640,361.800
-443739.380,-1172437.850,361.460
-443826.700,-1172308.670,355.940
-443828.070,-1172308.540,355.830
-443810.680,-1172307.840,357.930
-443774.750,-1172293.270,358.970
-443732.750,-1172313.810,358.380
-443737.760,-1172290.360,358.580
-443738.300,-1172290.390,358.790
-443735.050,-1172290.590,358.480
-443729.400,-1172295.230,357.210
-443729.310,-1172293.770,355.670
-443728.930,-1172294.830,356.660
-443725.820,-1172295.650,357.350
-443725.850,-1172295.570,357.110
-443721.060,-1172320.490,358.840
-443715.470,-1172319.650,360.980
-443715.530,-1172316.730,358.580
-443715.380,-1172317.150,358.820
-443712.020,-1172320.730,361.400
-443711.140,-1172320.980,361.720
-443708.390,-1172321.360,361.640
-443707.980,-1172320.960,361.370
-443707.830,-1172321.370,361.550
-443708.140,-1172320.960,361.260
-443707.090,-1172321.800,361.970
-443705.470,-1172316.520,357.670
-443708.590,-1172295.360,357.340
-443707.890,-1172296.060,357.880
-443707.950,-1172295.240,357.280
-443773.850,-1172425.030,353.870
-443729.020,-1172293.580,355.470
-443729.750,-1172293.700,355.570
-443708.410,-1172293.540,355.530
-443708.740,-1172293.250,355.240
-443707.860,-1172293.540,355.440
-443708.210,-1172293.240,355.210
-443770.110,-1172436.650,361.830
-443764.170,-1172436.850,361.830
-443757.290,-1172437.280,361.750
-443756.530,-1172437.030,361.530
-443751.110,-1172437.530,361.770
-443748.480,-1172437.620,361.810
-443831.500,-1172366.860,370.850
-443830.820,-1172366.950,370.990
-443830.360,-1172366.880,370.890
-443814.330,-1172308.220,358.330
-443815.050,-1172307.080,357.520
-443810.010,-1172307.300,357.220
-443810.490,-1172305.550,356.170
-443748.960,-1172324.970,355.680
-443740.030,-1172312.930,358.220
-443737.950,-1172313.120,358.240
-443734.080,-1172313.760,358.300
-443748.500,-1172290.560,358.960
-443741.120,-1172290.930,359.430
-443730.720,-1172295.190,357.550
-443729.960,-1172295.180,357.340
-443735.460,-1172290.450,358.580
-443729.180,-1172295.320,357.350
-443729.540,-1172295.020,357.060
-443727.530,-1172295.610,357.400
-443728.290,-1172294.960,356.780
-443728.970,-1172294.370,356.210
-443729.350,-1172294.040,355.930
-443728.550,-1172295.230,357.230
-443729.630,-1172294.300,356.320
-443726.530,-1172295.720,357.460
-443726.890,-1172295.410,357.160
-443727.960,-1172294.490,356.280
-443728.310,-1172294.190,356.010
-443728.690,-1172293.860,355.690
-443724.470,-1172295.840,357.300
-443724.840,-1172295.530,357.030
-443725.890,-1172295.050,356.670
-443726.040,-1172295.570,357.230
-443726.380,-1172295.270,356.920
-443715.170,-1172320.940,361.910
-443713.380,-1172320.640,361.520
-443711.640,-1172321.090,361.720
-443707.110,-1172321.270,361.510
-443708.100,-1172320.410,360.900
-443705.780,-1172318.160,358.750
-443708.070,-1172296.340,358.380
-443708.760,-1172295.740,357.860
-443707.670,-1172296.220,358.210
-443708.030,-1172295.910,357.930
-443708.380,-1172295.600,357.660
-443707.280,-1172295.750,357.610
-443707.640,-1172295.440,357.340
-443707.960,-1172295.160,357.160
-443708.320,-1172294.850,356.860
-443708.660,-1172294.560,356.620
-443707.040,-1172294.720,356.520
-443707.370,-1172294.440,356.290
-443707.730,-1172294.130,355.970
-443706.980,-1172295.500,357.380
-443707.660,-1172294.910,356.840
-443708.710,-1172294.000,356.090
-443707.520,-1172293.840,355.690
