-443803.510,-1172433.780,351.500
-443804.170,-1172440.740,351.470
-443808.620,-1172440.320,351.470
-443809.880,-1172440.230,351.500
-443812.410,-1172440.230,351.490
-443814.250,-1172440.760,351.390
-443819.220,-1172439.890,351.440
-443821.280,-1172439.700,351.450
-443820.910,-1172440.640,351.330
-443821.990,-1172439.850,351.440
-443822.990,-1172440.950,351.240
-443823.340,-1172440.060,351.440
-443824.470,-1172440.280,351.350
-443826.310,-1172440.010,351.430
-443772.890,-1172411.270,354.060
-443792.620,-1172385.800,351.640
-443792.290,-1172393.530,351.470
-443798.970,-1172378.220,348.310
-443795.450,-1172389.150,351.920
-443832.080,-1172385.920,348.550
-443816.140,-1172378.610,348.160
-443814.810,-1172379.030,348.170
-443825.820,-1172341.670,349.050
-443807.050,-1172378.810,348.380
-443734.130,-1172391.210,349.290
-443742.520,-1172397.620,350.470
-443750.010,-1172397.380,350.450
-443754.850,-1172396.650,349.760
-443756.180,-1172405.040,349.470
-443766.570,-1172396.370,349.730
-443764.180,-1172404.320,349.470
-443767.710,-1172396.340,349.780
-443765.670,-1172404.760,349.470
-443766.990,-1172404.560,349.450
-443767.110,-1172404.260,349.450
-443787.720,-1172379.850,351.120
-443790.500,-1172391.230,351.300
-443697.620,-1172347.030,352.610
-443801.300,-1172330.700,351.420
-443797.980,-1172329.980,351.170
-443798.570,-1172324.610,351.310
-443789.220,-1172320.820,351.090
-443798.530,-1172290.690,350.610
-443719.510,-1172300.070,354.870
-443740.570,-1172297.520,354.450
-443757.920,-1172295.870,355.390
-443768.650,-1172294.380,351.750
-443761.720,-1172311.840,354.870
-443763.980,-1172312.130,355.090
-443763.500,-1172321.240,354.970
-443745.510,-1172422.680,361.740
-443753.590,-1172421.840,361.810
-443757.730,-1172421.660,361.820
-443759.750,-1172421.740,361.780
-443765.580,-1172421.770,361.750
-443766.960,-1172421.510,361.760
-443829.230,-1172341.990,370.590
-443831.590,-1172337.910,373.200
-443845.560,-1172428.580,374.180
-443849.180,-1172419.380,374.320
-443848.350,-1172419.490,374.240
-443850.440,-1172412.610,374.710
-443847.540,-1172420.010,374.070
-443849.630,-1172411.460,374.140
-443849.900,-1172409.070,374.110
-443850.660,-1172404.620,374.680
-443851.870,-1172400.330,374.000
-443838.270,-1172432.650,374.760
-443847.650,-1172407.780,374.150
-443841.630,-1172418.980,377.400
-443848.770,-1172399.700,374.390
-443844.300,-1172408.160,374.070
-443837.130,-1172421.900,374.190
-443841.220,-1172400.880,374.140
-443843.320,-1172393.430,374.280
-443830.930,-1172421.500,377.540
-443840.430,-1172393.490,374.260
-443834.860,-1172407.690,373.880
-443830.290,-1172418.410,377.550
-443841.130,-1172382.860,377.530
-443840.900,-1172382.740,380.690
-443844.620,-1172370.110,374.720
-443844.040,-1172370.850,374.290
-443840.510,-1172371.000,374.290
-443840.480,-1172370.210,374.740
-443833.770,-1172387.450,363.230
-443840.070,-1172366.730,370.380
-443834.570,-1172380.700,373.840
-443833.170,-1172381.870,377.640
-443834.630,-1172373.740,374.780
-443835.930,-1172357.040,370.610
-443827.360,-1172367.540,371.030
-443829.290,-1172360.080,370.660
-443733.900,-1172292.390,359.670
-443743.140,-1172292.010,360.470
-443743.930,-1172292.470,358.730
-443744.410,-1172291.280,358.930
-443744.670,-1172292.660,358.670
-443744.960,-1172294.040,358.420
-443745.070,-1172293.750,358.480
-443746.290,-1172292.190,358.690
-443746.520,-1172291.600,358.820
-443735.690,-1172319.870,362.710
-443745.390,-1172296.570,358.020
-443745.640,-1172295.950,358.070
-443746.360,-1172294.160,358.390
-443746.960,-1172292.650,358.610
-443746.050,-1172296.790,357.990
-443746.520,-1172295.630,358.120
-443746.640,-1172295.330,358.180
-443747.370,-1172293.510,358.430
-443747.250,-1172295.650,358.130
-443748.740,-1172293.260,358.500
-443748.110,-1172296.750,357.930
-443748.460,-1172295.870,358.060
-443749.670,-1172292.840,358.530
-443749.040,-1172295.310,358.120
-443749.270,-1172294.730,358.200
-443751.110,-1172292.090,358.620
-443751.180,-1172293.810,358.310
-443750.420,-1172296.370,357.930
-443750.540,-1172296.070,357.960
-443751.130,-1172294.590,358.240
-443751.610,-1172293.380,358.380
-443751.360,-1172295.960,357.980
-443751.480,-1172295.670,358.010
-443750.940,-1172321.710,357.640
-443751.200,-1172323.230,357.350
-443789.280,-1172315.200,361.490
-443795.340,-1172312.500,361.770
-443817.970,-1172310.300,359.170
-443825.900,-1172330.430,371.140
-443831.990,-1172330.470,371.160
-443835.810,-1172331.090,370.690
-443708.400,-1172326.550,360.970
-443707.380,-1172332.770,360.820
-443707.510,-1172332.460,360.820
-443711.940,-1172325.250,360.710
-443712.180,-1172324.660,360.780
-443712.550,-1172323.750,360.880
-443708.900,-1172333.860,360.940
-443714.690,-1172323.750,360.830
-443716.420,-1172324.160,360.750
-443716.550,-1172324.990,360.630
-443717.000,-1172325.790,360.550
-443803.220,-1172440.830,351.460
-443805.500,-1172440.350,351.540
-443806.730,-1172440.290,351.500
-443815.460,-1172433.790,351.560
-443809.830,-1172440.520,351.450
-443819.320,-1172433.430,351.570
-443813.090,-1172440.240,351.510
-443815.560,-1172440.520,351.440
-443818.260,-1172440.030,351.450
-443819.440,-1172439.950,351.460
-443818.940,-1172440.380,351.380
-443822.560,-1172440.200,351.380
-443822.330,-1172440.390,351.340
-443825.030,-1172440.180,351.400
-443824.290,-1172440.810,351.280
-443824.900,-1172440.740,351.270
-443826.970,-1172439.550,351.580
-443826.470,-1172439.970,351.440
-443796.830,-1172409.070,351.930
-443796.220,-1172403.760,351.880
-443794.500,-1172405.220,351.670
-443742.640,-1172426.220,347.600
-443825.970,-1172341.620,349.110
-443794.680,-1172382.520,351.940
-443792.440,-1172384.420,351.640
-443793.130,-1172384.450,351.720
-443801.510,-1172380.610,348.310
-443803.010,-1172379.910,348.250
-443826.350,-1172361.090,354.150
-443793.270,-1172389.500,351.670
-443809.640,-1172376.450,348.320
-443808.150,-1172379.800,348.270
-443794.550,-1172402.450,351.720
-443743.660,-1172397.670,350.500
-443749.920,-1172397.370,350.480
-443756.180,-1172405.010,349.380
-443766.540,-1172396.210,349.710
-443765.900,-1172397.630,349.720
-443758.520,-1172404.820,349.450
-443762.200,-1172404.510,349.470
-443791.710,-1172402.060,351.400
-443697.650,-1172346.970,352.570
-443697.390,-1172347.190,352.490
-443712.450,-1172400.360,352.540
-443800.050,-1172331.130,351.280
-443801.060,-1172328.770,351.440
-443808.990,-1172319.920,351.450
-443805.460,-1172318.070,351.190
-443789.350,-1172320.850,351.100
-443719.520,-1172300.060,354.900
-443758.070,-1172322.210,354.490
-443759.580,-1172319.250,354.590
-443758.890,-1172314.050,354.590
-443758.400,-1172312.400,354.590
-443756.840,-1172312.840,354.470
-443756.310,-1172293.820,351.980
-443715.970,-1172328.110,354.480
-443698.630,-1172341.360,353.290
-443831.620,-1172337.820,373.250
-443738.180,-1172422.920,361.720
-443736.230,-1172424.570,361.680
-443741.830,-1172422.770,361.740
-443747.050,-1172422.480,361.740
-443836.110,-1172356.900,370.630
-443760.810,-1172421.680,361.830
-443834.370,-1172367.260,371.130
-443769.800,-1172425.670,361.600
-443840.010,-1172370.330,374.760
-443840.470,-1172370.420,374.760
-443843.600,-1172370.340,374.740
-443832.520,-1172381.710,377.660
-443834.250,-1172380.680,373.850
-443833.340,-1172381.970,377.640
-443851.040,-1172423.780,373.650
-443850.640,-1172423.650,374.720
-443840.320,-1172428.840,374.200
-443848.980,-1172419.940,374.160
-443849.230,-1172419.260,374.290
-443845.390,-1172422.510,374.120
-443850.520,-1172414.990,374.750
-443850.280,-1172415.200,374.730
-443840.200,-1172420.040,374.200
-443838.160,-1172419.490,377.470
-443835.870,-1172419.900,377.500
-443847.480,-1172408.690,374.150
-443846.990,-1172408.610,374.140
-443845.340,-1172408.040,374.120
-443844.580,-1172408.290,374.130
-443848.700,-1172399.620,374.360
-443847.890,-1172399.540,374.380
-443845.620,-1172400.120,374.160
-443834.660,-1172407.800,373.860
-443842.780,-1172400.450,374.190
-443841.690,-1172400.980,374.150
-443841.130,-1172400.920,374.150
-443839.080,-1172400.670,374.170
-443843.770,-1172393.500,374.270
-443836.280,-1172399.840,374.490
-443841.600,-1172393.550,374.290
-443851.210,-1172384.390,373.860
-443834.400,-1172385.030,377.650
-443836.540,-1172381.910,377.740
-443847.640,-1172372.500,374.270
-443770.940,-1172436.700,361.850
-443744.680,-1172292.640,358.670
-443746.270,-1172292.640,358.640
-443746.570,-1172293.250,358.530
-443745.610,-1172294.050,358.410
-443746.790,-1172292.690,358.620
-443747.000,-1172293.960,358.420
-443746.000,-1172294.790,358.320
-443748.670,-1172292.990,358.530
-443744.950,-1172296.100,358.080
-443746.650,-1172295.430,358.190
-443751.120,-1172292.070,358.630
-443750.860,-1172292.290,358.610
-443751.740,-1172292.420,358.560
-443751.220,-1172293.450,358.410
-443750.950,-1172294.070,358.320
-443748.250,-1172296.830,357.920
-443750.090,-1172296.130,357.980
-443750.000,-1172296.550,357.930
-443724.300,-1172320.370,359.250
-443746.300,-1172321.710,357.770
-443744.910,-1172324.880,357.190
-443749.700,-1172321.410,357.750
-443746.560,-1172325.070,357.140
-443750.630,-1172323.680,357.320
-443750.390,-1172325.170,357.030
-443781.800,-1172314.390,361.170
-443795.420,-1172312.390,361.820
-443825.280,-1172309.280,356.180
-443835.610,-1172306.260,357.510
-443825.540,-1172333.520,368.220
-443828.820,-1172330.360,371.140
-443827.610,-1172330.430,371.170
-443825.930,-1172330.410,371.140
-443828.900,-1172330.670,371.160
-443699.190,-1172294.750,358.600
-443701.500,-1172297.530,358.260
-443710.630,-1172321.070,362.740
-443709.460,-1172325.330,360.610
-443711.580,-1172325.130,360.750
-443712.740,-1172323.760,360.890
-443709.010,-1172328.140,361.040
-443713.300,-1172324.220,360.830
-443711.340,-1172325.860,360.640
-443712.680,-1172325.680,360.590
-443710.940,-1172327.130,361.080
-443713.220,-1172324.630,360.770
-443715.340,-1172323.850,360.830
-443716.110,-1172323.710,360.820
-443716.490,-1172324.240,360.750
-443851.300,-1172303.810,348.820
-443813.990,-1172440.540,351.360
-443819.990,-1172440.020,351.360
-443807.130,-1172381.780,348.050
-443811.610,-1172376.540,348.250
-443741.800,-1172397.660,350.450
-443742.730,-1172397.820,350.510
-443743.880,-1172397.400,350.450
-443743.750,-1172397.730,350.480
-443760.070,-1172404.800,349.490
-443766.160,-1172396.890,349.700
-443767.550,-1172396.300,349.690
-443809.290,-1172319.990,351.400
-443798.410,-1172290.470,354.930
-443761.700,-1172311.720,354.800
-443847.740,-1172405.970,374.150
-443836.880,-1172432.740,374.820
-443846.420,-1172408.230,374.100
-443848.300,-1172386.890,374.300
-443844.310,-1172386.130,374.220
-443839.020,-1172400.430,374.150
-443834.170,-1172380.610,373.750
-443838.340,-1172367.300,371.180
-443836.840,-1172371.310,374.240
-443770.310,-1172431.210,361.370
-443762.490,-1172421.390,361.560
-443757.680,-1172421.990,361.720
-443753.960,-1172422.260,361.680
-443746.300,-1172422.410,361.710
-443746.560,-1172422.480,361.750
-443736.230,-1172433.500,361.300
-443832.480,-1172330.350,371.080
-443795.340,-1172312.690,361.790
-443764.680,-1172294.900,357.260
-443751.610,-1172295.010,358.090
-443751.150,-1172296.110,357.930
-443751.820,-1172293.000,358.440
-443751.210,-1172294.460,358.180
-443751.800,-1172291.520,358.640
-443751.350,-1172292.600,358.500
-443751.420,-1172291.170,358.800
-443751.120,-1172291.880,358.650
-443749.390,-1172295.440,358.030
-443748.590,-1172296.360,358.010
-443748.540,-1172295.880,358.020
-443749.610,-1172292.300,358.660
-443749.800,-1172291.350,358.750
-443749.250,-1172291.660,358.750
-443746.540,-1172295.340,358.130
-443747.370,-1172292.200,358.720
-443746.160,-1172295.110,358.260
-443745.850,-1172295.870,358.120
-443746.860,-1172292.660,358.560
-443746.710,-1172293.020,358.550
-443745.830,-1172293.430,358.460
-443744.840,-1172292.660,358.710
-443744.170,-1172292.440,358.770
-443716.510,-1172324.180,360.660
-443712.130,-1172324.950,360.670
-443711.820,-1172325.720,360.600
-443711.020,-1172325.850,360.610
-443710.780,-1172324.280,360.830
-443709.270,-1172322.110,362.260
-443852.010,-1172304.270,348.740
-443852.850,-1172303.510,348.920
-443826.330,-1172439.490,351.510
-443824.490,-1172440.280,351.320
-443822.280,-1172440.380,351.350
-443820.930,-1172440.780,351.290
-443820.190,-1172440.040,351.410
-443817.720,-1172440.350,351.390
-443811.890,-1172440.720,351.340
-443809.870,-1172440.410,351.370
-443805.030,-1172403.670,347.990
-443792.230,-1172403.540,351.350
-443791.240,-1172406.210,351.230
-443793.760,-1172381.140,351.770
-443799.260,-1172378.410,348.290
-443734.450,-1172397.740,350.410
-443734.500,-1172398.160,350.500
-443755.820,-1172404.770,349.440
-443756.170,-1172404.960,349.370
-443758.500,-1172404.620,349.430
-443771.260,-1172396.160,350.450
-443765.950,-1172404.210,349.400
-443766.890,-1172404.540,349.420
-443767.820,-1172404.180,349.410
-443769.250,-1172404.290,350.260
-443790.940,-1172386.890,351.340
-443790.030,-1172392.970,351.180
-443712.540,-1172400.370,352.480
-443850.010,-1172304.960,348.600
-443848.000,-1172304.890,348.630
-443809.300,-1172319.940,351.320
-443800.980,-1172327.080,351.400
-443809.030,-1172318.630,351.260
-443799.570,-1172324.630,351.310
-443799.710,-1172290.680,354.920
-443776.220,-1172311.590,351.020
-443743.410,-1172336.640,353.210
-443762.260,-1172318.490,354.740
-443760.290,-1172317.160,354.590
-443719.560,-1172300.180,354.930
-443851.400,-1172421.860,356.970
-443836.700,-1172432.750,374.740
-443847.530,-1172419.990,374.070
-443848.030,-1172415.490,374.250
-443849.150,-1172413.610,374.280
-443838.200,-1172418.290,377.410
-443835.280,-1172418.390,377.450
-443830.980,-1172420.900,378.610
-443829.350,-1172419.910,377.560
-443839.760,-1172400.390,374.120
-443849.410,-1172390.570,374.240
-443838.970,-1172400.370,374.120
-443851.160,-1172378.900,357.360
-443840.900,-1172382.100,377.510
-443840.520,-1172382.910,377.510
-443850.480,-1172370.170,373.360
-443839.920,-1172378.470,377.570
-443834.650,-1172382.150,377.630
-443843.940,-1172370.920,374.260
-443831.650,-1172381.950,377.640
-443755.090,-1172434.410,361.270
-443827.970,-1172367.490,371.090
-443836.080,-1172357.010,370.600
-443832.940,-1172358.760,373.170
-443831.130,-1172355.890,372.940
-443756.040,-1172422.240,361.700
-443753.570,-1172422.780,361.660
-443753.250,-1172422.190,361.730
-443751.440,-1172422.080,361.780
-443834.680,-1172338.480,370.510
-443829.590,-1172341.530,373.200
-443736.430,-1172426.290,361.570
-443740.210,-1172422.870,361.660
-443828.840,-1172330.410,371.030
-443789.340,-1172316.840,361.530
-443771.130,-1172315.300,361.840
-443750.590,-1172323.670,357.250
-443750.890,-1172322.390,357.480
-443749.060,-1172324.330,357.090
-443751.050,-1172321.650,357.560
-443746.320,-1172324.190,357.240
-443748.710,-1172321.480,357.720
-443744.200,-1172323.670,357.400
-443744.480,-1172323.420,357.440
-443746.200,-1172321.840,357.700
-443742.130,-1172323.070,357.580
-443741.660,-1172317.340,361.020
-443751.970,-1172295.960,357.980
-443752.110,-1172295.340,358.050
-443750.790,-1172294.320,358.260
-443751.830,-1172293.030,358.450
-443749.380,-1172295.620,358.080
-443749.170,-1172295.030,358.160
-443750.300,-1172293.980,358.290
-443749.530,-1172293.580,358.370
-443746.600,-1172295.340,358.160
-443748.740,-1172292.890,358.470
-443749.810,-1172291.360,358.790
-443745.930,-1172295.480,358.110
-443747.000,-1172293.960,358.380
-443746.760,-1172292.790,358.540
-443746.380,-1172292.180,358.710
-443709.430,-1172335.540,360.950
-443716.550,-1172325.820,360.490
-443716.360,-1172325.220,360.580
-443714.470,-1172323.900,360.810
-443711.970,-1172325.790,360.590
-443705.880,-1172330.430,360.760
-443707.250,-1172329.170,360.830
-443708.400,-1172328.110,360.920
-443712.830,-1172324.030,360.810
-443708.770,-1172328.260,360.890
-443710.080,-1172324.260,360.880
-443705.320,-1172327.840,360.720
-443704.270,-1172296.530,358.510
-443827.010,-1172439.440,351.540
-443822.530,-1172440.230,351.360
-443822.370,-1172433.620,350.430
-443818.670,-1172440.760,351.280
-443818.080,-1172440.180,351.410
-443805.480,-1172441.060,351.380
-443804.520,-1172440.440,351.530
-443804.990,-1172403.690,348.120
-443742.890,-1172436.880,350.980
-443755.640,-1172436.180,347.680
-443792.900,-1172385.660,351.600
-443795.160,-1172393.050,351.810
-443796.590,-1172399.320,351.940
-443807.200,-1172379.410,348.330
-443825.350,-1172338.190,349.160
-443825.820,-1172341.670,349.060
-443738.640,-1172397.530,350.560
-443743.800,-1172397.420,350.560
-443744.590,-1172397.310,350.560
-443746.270,-1172397.180,350.550
-443750.630,-1172396.890,350.560
-443750.530,-1172397.180,350.510
-443752.450,-1172396.990,350.530
-443761.990,-1172396.810,349.790
-443762.010,-1172404.590,349.410
-443766.730,-1172404.520,349.330
-443766.920,-1172404.520,349.330
-443787.760,-1172379.860,351.130
-443791.030,-1172394.660,351.350
-443712.440,-1172400.370,352.550
-443709.750,-1172400.360,352.380
-443699.200,-1172346.810,352.480
-443697.900,-1172346.630,352.560
-443798.960,-1172290.440,350.670
-443789.230,-1172320.690,351.110
-443789.110,-1172321.000,351.090
-443798.930,-1172324.660,351.360
-443799.600,-1172325.190,351.350
-443798.180,-1172331.270,351.180
-443758.030,-1172313.940,354.430
-443763.490,-1172311.420,355.070
-443762.740,-1172313.470,354.860
-443763.480,-1172313.430,355.000
-443712.590,-1172337.160,351.370
-443704.410,-1172328.960,352.670
-443704.300,-1172329.270,352.590
-443699.060,-1172341.680,353.300
-443703.750,-1172326.550,352.680
-443851.950,-1172431.790,373.800
-443845.950,-1172428.670,374.180
-443850.160,-1172415.970,374.200
-443850.160,-1172413.370,374.220
-443847.430,-1172416.660,374.150
-443845.850,-1172415.880,374.080
-443840.830,-1172428.970,374.120
-443843.720,-1172410.310,374.110
-443840.630,-1172415.780,377.530
-443837.940,-1172421.890,374.230
-443841.020,-1172408.110,374.040
-443840.820,-1172408.030,374.090
-443842.840,-1172400.450,374.180
-443841.810,-1172401.000,374.160
-443838.020,-1172403.840,374.060
-443839.380,-1172399.820,374.440
-443834.840,-1172407.650,373.870
-443840.430,-1172378.370,377.640
-443836.720,-1172382.330,377.540
-443832.510,-1172381.760,377.760
-443836.460,-1172367.090,371.060
-443833.730,-1172372.170,365.490
-443831.960,-1172355.920,373.240
-443830.220,-1172338.060,373.230
-443760.960,-1172429.580,361.460
-443764.640,-1172421.290,361.860
-443759.520,-1172421.940,361.750
-443757.380,-1172421.870,361.790
-443750.750,-1172422.270,361.770
-443836.110,-1172331.070,370.710
-443750.010,-1172325.080,357.020
-443749.310,-1172325.290,356.990
-443748.960,-1172325.520,356.900
-443751.950,-1172294.640,358.220
-443751.170,-1172294.510,358.270
-443750.810,-1172295.480,358.100
-443750.560,-1172296.150,357.980
-443749.910,-1172294.190,358.280
-443749.430,-1172295.510,358.090
-443750.500,-1172291.540,358.740
-443748.710,-1172294.640,358.230
-443748.940,-1172291.920,358.720
-443747.670,-1172292.930,358.560
-443745.900,-1172293.980,358.420
-443745.550,-1172294.940,358.270
-443746.030,-1172290.440,359.030
-443744.130,-1172293.680,358.510
-443725.660,-1172296.100,357.690
-443716.860,-1172323.790,360.890
-443716.400,-1172325.050,360.630
-443716.010,-1172324.320,360.730
-443716.430,-1172323.780,360.820
-443710.400,-1172335.740,361.050
-443712.660,-1172325.700,360.610
-443712.880,-1172321.620,362.130
-443711.910,-1172324.240,360.850
-443711.310,-1172325.900,360.620
-443707.090,-1172335.260,360.840
-443710.350,-1172325.270,360.730
-443710.230,-1172325.590,360.690
-443709.120,-1172325.930,361.000
-443708.990,-1172326.280,361.000
-443707.050,-1172329.760,360.870
-443698.850,-1172294.600,358.600
-443851.290,-1172304.770,348.660
-443825.660,-1172439.570,351.500
-443815.490,-1172440.640,351.380
-443811.090,-1172440.210,351.500
-443806.120,-1172440.610,351.470
-443835.410,-1172408.290,351.500
-443796.230,-1172403.740,351.860
-443795.650,-1172408.700,351.770
-443732.270,-1172408.590,349.080
-443773.870,-1172411.010,354.080
-443825.620,-1172341.880,348.970
-443825.870,-1172341.680,349.100
-443799.500,-1172378.320,348.350
-443794.330,-1172388.560,351.830
-443808.960,-1172377.260,348.300
-443795.760,-1172390.230,351.990
-443744.950,-1172397.600,350.490
-443788.520,-1172377.960,351.240
-443767.560,-1172396.370,349.780
-443787.890,-1172380.760,351.140
-443762.210,-1172404.480,349.460
-443771.550,-1172397.830,350.420
-443767.850,-1172404.220,349.470
-443791.260,-1172389.340,351.410
-443698.080,-1172346.630,352.590
-443850.170,-1172305.690,348.480
-443810.490,-1172319.760,351.480
-443809.220,-1172319.870,351.490
-443799.600,-1172326.340,351.340
-443804.490,-1172318.840,351.110
-443789.250,-1172320.930,351.110
-443756.830,-1172312.830,354.440
-443757.380,-1172312.360,354.490
-443759.470,-1172311.720,354.690
-443760.590,-1172311.940,354.770
-443758.100,-1172314.040,354.530
-443757.920,-1172315.690,354.530
-443764.050,-1172312.260,355.060
-443763.400,-1172313.470,355.000
-443760.370,-1172317.170,354.690
-443762.230,-1172318.470,354.810
-443782.280,-1172321.190,353.650
-443718.600,-1172339.380,353.220
-443718.630,-1172341.220,353.050
-443703.960,-1172326.530,352.700
-443841.000,-1172428.880,374.200
-443848.560,-1172418.570,374.330
-443841.290,-1172422.550,374.190
-443841.180,-1172419.830,377.400
-443844.320,-1172415.110,374.830
-443845.890,-1172408.350,374.130
-443844.340,-1172408.160,374.120
-443850.470,-1172402.700,374.690
-443832.070,-1172418.320,377.520
-443831.300,-1172418.250,377.600
-443829.910,-1172418.320,377.570
-443844.680,-1172400.640,374.220
-443844.330,-1172400.750,374.140
-443834.970,-1172407.750,373.850
-443840.220,-1172402.180,374.110
-443841.590,-1172401.050,374.160
-443848.060,-1172393.930,374.260
-443839.150,-1172400.380,374.200
-443841.740,-1172393.610,374.300
-443835.100,-1172393.780,373.970
-443840.580,-1172382.950,377.530
-443843.740,-1172379.040,374.180
-443835.440,-1172385.420,377.390
-443770.970,-1172436.710,361.740
-443840.800,-1172378.950,377.670
-443840.410,-1172378.370,377.610
-443834.600,-1172380.690,373.860
-443846.150,-1172370.810,374.280
-443846.330,-1172370.210,374.730
-443843.950,-1172370.860,374.310
-443844.630,-1172370.300,374.740
-443834.720,-1172373.690,374.760
-443838.680,-1172370.460,374.750
-443767.620,-1172426.750,361.570
-443768.820,-1172421.600,361.730
-443826.800,-1172367.280,371.060
-443757.780,-1172421.590,361.870
-443754.110,-1172422.060,361.740
-443751.580,-1172422.300,361.730
-443746.740,-1172422.370,361.780
-443744.610,-1172422.700,361.740
-443826.540,-1172347.410,365.510
-443830.430,-1172344.220,370.630
-443829.120,-1172337.950,373.250
-443834.070,-1172331.170,370.710
-443837.230,-1172330.000,371.240
-443829.050,-1172330.540,371.190
-443770.990,-1172315.340,361.880
-443749.030,-1172325.580,356.960
-443750.310,-1172322.100,357.620
-443744.720,-1172324.780,357.210
-443748.190,-1172321.840,357.700
-443745.830,-1172322.120,357.690
-443746.360,-1172321.670,357.770
-443761.350,-1172294.220,359.240
-443763.790,-1172291.130,357.360
-443751.560,-1172295.320,358.090
-443750.950,-1172293.900,358.360
-443751.500,-1172293.430,358.420
-443749.260,-1172294.220,358.340
-443749.150,-1172294.840,358.240
-443746.280,-1172296.300,358.060
-443747.340,-1172295.390,358.190
-443749.490,-1172293.560,358.430
-443750.330,-1172292.840,358.550
-443748.720,-1172292.910,358.560
-443747.800,-1172293.030,358.580
-443747.570,-1172292.660,358.620
-443745.220,-1172293.360,358.580
-443744.350,-1172293.520,358.590
-443747.840,-1172290.530,359.000
-443745.270,-1172291.650,358.850
-443717.120,-1172326.360,360.550
-443708.500,-1172333.270,360.930
-443714.370,-1172325.850,360.580
-443716.080,-1172323.680,360.870
-443714.410,-1172324.000,360.820
-443714.680,-1172323.770,360.880
-443712.980,-1172325.750,360.640
-443713.310,-1172324.480,360.800
-443706.950,-1172325.560,360.660
