-443802.750,-1172436.610,350.890
-443802.520,-1172439.140,351.400
-443802.750,-1172438.560,351.230
-443800.860,-1172410.100,352.760
-443798.300,-1172411.860,353.420
-443798.780,-1172410.650,352.950
-443797.480,-1172413.960,354.020
-443797.170,-1172413.040,353.710
-443797.280,-1172412.760,353.610
-443796.410,-1172413.070,353.700
-443797.050,-1172413.360,353.830
-443795.140,-1172412.160,353.370
-443794.180,-1172411.620,353.180
-443794.760,-1172410.130,352.650
-443771.430,-1172411.300,349.660
-443771.860,-1172425.050,353.720
-443771.260,-1172429.730,347.010
-443771.480,-1172430.050,346.980
-443771.600,-1172429.740,346.930
-443786.210,-1172417.880,349.880
-443808.680,-1172376.560,348.340
-443731.490,-1172398.500,351.970
-443733.420,-1172397.460,350.230
-443808.250,-1172319.270,351.250
-443802.700,-1172330.380,350.230
-443728.830,-1172293.410,355.180
-443750.550,-1172312.150,351.230
-443750.900,-1172312.440,351.260
-443745.020,-1172332.550,352.800
-443744.020,-1172335.850,353.150
-443745.710,-1172332.590,352.930
-443745.830,-1172332.290,352.730
-443746.690,-1172338.430,352.980
-443749.610,-1172335.250,352.550
-443750.520,-1172334.990,352.330
-443757.340,-1172328.910,353.590
-443717.840,-1172328.810,352.720
-443749.560,-1172437.750,361.860
-443750.920,-1172437.190,361.420
-443759.710,-1172436.780,361.400
-443767.600,-1172436.860,361.830
-443770.340,-1172436.430,361.450
-443849.290,-1172431.890,374.760
-443846.970,-1172406.360,374.210
-443839.740,-1172421.500,377.520
-443840.090,-1172415.450,374.270
-443839.340,-1172415.160,374.300
-443845.200,-1172399.280,374.310
-443836.570,-1172417.740,374.160
-443841.320,-1172399.440,374.290
-443850.950,-1172370.620,373.430
-443843.950,-1172385.290,374.690
-443840.780,-1172383.030,380.770
-443828.840,-1172367.140,371.090
-443831.600,-1172360.690,370.590
-443828.440,-1172366.790,370.730
-443836.270,-1172337.770,370.650
-443706.740,-1172395.100,359.580
-443707.000,-1172397.160,360.140
-443707.230,-1172396.570,359.980
-443706.870,-1172399.050,360.690
-443708.200,-1172397.520,360.240
-443708.450,-1172396.900,360.070
-443708.410,-1172398.990,360.650
-443709.180,-1172398.970,360.620
-443709.820,-1172399.140,360.700
-443711.340,-1172395.320,359.620
-443712.240,-1172397.270,360.150
-443712.350,-1172396.990,360.090
-443712.480,-1172396.670,359.970
-443712.590,-1172396.380,359.940
-443712.330,-1172395.830,359.790
-443712.300,-1172399.050,360.660
-443723.150,-1172295.890,357.230
-443724.850,-1172295.170,356.630
-443727.630,-1172293.820,355.620
-443721.260,-1172315.960,357.750
-443720.830,-1172316.290,358.000
-443722.640,-1172320.410,359.060
-443726.190,-1172318.870,358.170
-443738.870,-1172291.540,359.730
-443737.550,-1172319.190,361.980
-443749.010,-1172290.570,358.930
-443743.930,-1172317.800,361.450
-443744.200,-1172317.850,361.520
-443744.680,-1172316.660,360.960
-443747.240,-1172315.290,360.110
-443749.250,-1172312.510,358.520
-443749.490,-1172311.920,358.250
-443765.840,-1172294.250,359.130
-443772.810,-1172293.920,359.120
-443774.370,-1172314.350,361.470
-443814.610,-1172308.750,358.740
-443839.620,-1172330.300,370.410
-443698.850,-1172294.400,358.520
-443700.340,-1172293.090,357.030
-443701.120,-1172293.440,356.960
-443705.270,-1172291.470,356.760
-443705.140,-1172294.810,357.060
-443696.680,-1172317.470,361.320
-443696.900,-1172316.920,361.120
-443697.270,-1172316.000,360.770
-443696.810,-1172316.390,360.890
-443696.730,-1172318.230,361.580
-443696.850,-1172317.920,361.460
-443697.180,-1172319.100,361.800
-443697.290,-1172318.830,361.730
-443697.410,-1172318.540,361.580
-443697.520,-1172318.250,361.470
-443697.650,-1172317.940,361.390
-443697.760,-1172317.660,361.230
-443697.880,-1172317.380,361.080
-443706.200,-1172296.850,358.550
-443696.750,-1172319.110,361.860
-443697.110,-1172318.220,361.510
-443697.220,-1172317.950,361.400
-443697.470,-1172317.320,361.160
-443697.590,-1172317.040,361.070
-443697.700,-1172316.770,360.920
-443698.190,-1172318.460,361.430
-443698.310,-1172318.150,361.340
-443698.440,-1172317.840,361.230
-443698.550,-1172317.560,361.160
-443698.790,-1172316.970,360.900
-443698.920,-1172316.670,360.770
-443697.630,-1172318.840,361.630
-443697.750,-1172318.540,361.530
-443697.870,-1172318.230,361.440
-443697.990,-1172317.950,361.310
-443698.350,-1172317.060,360.960
-443698.460,-1172316.800,360.840
-443698.570,-1172316.510,360.740
-443698.820,-1172315.900,360.480
-443698.920,-1172315.660,358.580
-443698.820,-1172317.940,361.220
-443698.940,-1172317.640,361.090
-443699.060,-1172317.350,360.950
-443699.190,-1172317.040,360.870
-443699.310,-1172316.740,360.820
-443699.990,-1172317.220,360.770
-443699.670,-1172317.080,360.880
-443712.840,-1172295.240,358.120
-443714.230,-1172315.790,360.080
-443714.370,-1172316.670,360.290
-443716.440,-1172317.150,357.920
-443716.120,-1172318.790,358.510
-443716.480,-1172317.910,358.130
-443716.600,-1172317.610,358.030
-443716.730,-1172318.720,358.420
-443716.690,-1172319.880,358.770
-443716.800,-1172320.690,359.040
-443716.920,-1172320.380,358.950
-443717.830,-1172319.800,358.730
-443718.350,-1172320.530,359.000
-443719.730,-1172320.580,359.020
-443716.150,-1172336.510,361.080
-443715.110,-1172336.190,360.800
-443799.650,-1172411.310,353.240
-443797.950,-1172413.260,353.860
-443802.620,-1172436.490,350.910
-443819.700,-1172440.610,351.940
-443798.490,-1172411.870,353.380
-443798.250,-1172412.070,353.460
-443795.130,-1172411.810,353.290
-443795.900,-1172411.600,353.190
-443794.290,-1172411.760,353.250
-443770.570,-1172411.320,349.680
-443787.670,-1172417.730,349.840
-443771.610,-1172430.030,347.150
-443785.270,-1172418.050,349.950
-443771.330,-1172429.870,347.020
-443771.240,-1172429.610,347.020
-443774.440,-1172424.960,353.660
-443833.220,-1172392.010,346.820
-443762.710,-1172405.040,349.530
-443802.610,-1172330.500,350.170
-443728.490,-1172293.530,355.350
-443751.300,-1172335.000,352.310
-443750.810,-1172334.920,352.360
-443749.560,-1172335.020,352.560
-443746.060,-1172332.340,352.780
-443745.810,-1172332.560,352.900
-443745.830,-1172332.220,352.840
-443745.590,-1172332.420,352.970
-443744.940,-1172332.120,352.870
-443744.680,-1172332.340,352.970
-443750.350,-1172312.370,351.230
-443750.240,-1172311.730,351.020
-443717.840,-1172329.220,353.090
-443755.570,-1172436.930,361.440
-443846.230,-1172432.120,374.740
-443843.550,-1172432.140,374.390
-443845.320,-1172421.460,374.810
-443839.750,-1172421.430,377.560
-443842.710,-1172415.200,374.250
-443840.880,-1172414.790,374.180
-443838.490,-1172416.820,374.200
-443839.260,-1172415.150,374.330
-443832.200,-1172419.650,377.610
-443847.240,-1172406.430,374.250
-443847.000,-1172406.240,374.230
-443851.760,-1172398.840,374.000
-443844.160,-1172392.600,374.740
-443841.380,-1172392.230,374.310
-443840.960,-1172377.770,381.570
-443706.580,-1172397.240,360.260
-443708.390,-1172398.930,360.700
-443712.390,-1172396.400,359.930
-443712.460,-1172396.940,360.100
-443712.490,-1172399.580,360.840
-443723.840,-1172295.550,357.050
-443725.050,-1172294.940,356.600
-443723.320,-1172296.380,357.790
-443726.160,-1172294.520,356.140
-443727.490,-1172293.910,355.670
-443738.860,-1172291.560,359.800
-443739.530,-1172296.940,359.730
-443739.410,-1172297.350,360.030
-443720.660,-1172316.400,358.130
-443740.440,-1172313.880,358.950
-443768.020,-1172293.810,358.820
-443749.560,-1172311.870,358.300
-443747.100,-1172315.110,360.190
-443768.150,-1172315.470,361.850
-443809.060,-1172307.560,357.410
-443820.380,-1172308.800,356.750
-443699.250,-1172292.680,357.030
-443698.630,-1172294.340,358.660
-443703.380,-1172290.800,356.810
-443704.710,-1172291.170,356.780
-443701.900,-1172295.530,358.650
-443704.830,-1172296.380,358.590
-443705.940,-1172296.800,358.630
-443705.500,-1172296.700,358.700
-443696.770,-1172316.020,360.850
-443697.260,-1172316.040,360.820
-443697.010,-1172316.250,360.890
-443697.530,-1172317.000,361.090
-443697.290,-1172317.200,361.190
-443696.950,-1172316.880,361.180
-443698.490,-1172317.070,361.000
-443698.260,-1172317.260,361.130
-443697.790,-1172317.650,361.260
-443697.300,-1172318.060,361.480
-443698.320,-1172316.810,361.020
-443698.080,-1172317.000,361.030
-443697.840,-1172317.200,361.130
-443697.610,-1172317.390,361.240
-443697.340,-1172317.620,361.310
-443699.260,-1172317.420,361.020
-443699.010,-1172317.630,361.130
-443698.270,-1172318.250,361.410
-443698.020,-1172318.450,361.510
-443697.770,-1172318.660,361.680
-443697.540,-1172318.860,361.750
-443699.370,-1172316.840,360.690
-443699.110,-1172317.050,360.920
-443698.850,-1172317.270,361.030
-443698.620,-1172317.460,361.170
-443698.130,-1172317.880,361.320
-443697.900,-1172318.060,361.390
-443697.650,-1172318.270,361.520
-443697.400,-1172318.480,361.650
-443697.170,-1172318.670,361.700
-443696.940,-1172318.860,361.820
-443696.700,-1172319.060,361.890
-443706.260,-1172322.290,362.280
-443713.640,-1172315.650,360.080
-443714.880,-1172319.340,360.650
-443716.590,-1172318.290,358.310
-443716.780,-1172319.210,358.610
-443719.920,-1172317.290,358.590
-443719.680,-1172317.490,358.720
-443719.210,-1172317.880,358.990
-443717.480,-1172319.330,358.640
-443716.750,-1172319.940,358.830
-443720.420,-1172316.600,358.230
-443716.720,-1172319.690,358.760
-443716.920,-1172320.270,358.950
-443716.670,-1172320.480,359.060
-443796.600,-1172411.920,353.290
-443798.970,-1172412.180,353.370
-443798.850,-1172412.490,353.520
-443798.620,-1172411.540,353.200
-443798.490,-1172411.870,353.300
-443798.020,-1172413.090,353.740
-443799.860,-1172411.190,353.080
-443800.800,-1172410.070,352.710
-443802.660,-1172436.100,350.850
-443807.680,-1172433.840,350.370
-443771.280,-1172429.640,346.980
-443771.140,-1172430.000,346.960
-443771.700,-1172429.800,346.920
-443771.590,-1172430.090,347.040
-443808.330,-1172376.300,348.400
-443809.010,-1172305.450,352.560
-443728.270,-1172293.700,355.420
-443728.570,-1172293.490,355.340
-443729.200,-1172293.170,355.060
-443750.830,-1172312.390,351.110
-443743.920,-1172338.700,353.170
-443744.310,-1172338.410,353.210
-443749.710,-1172335.030,352.450
-443750.420,-1172334.970,352.340
-443751.350,-1172335.060,352.240
-443719.430,-1172329.220,352.860
-443717.830,-1172328.790,352.710
-443702.350,-1172290.650,353.910
-443702.130,-1172290.590,353.930
-443701.840,-1172290.570,353.990
-443849.880,-1172414.970,374.210
-443846.490,-1172406.470,374.210
-443839.890,-1172421.670,377.610
-443839.560,-1172415.070,374.240
-443849.760,-1172382.910,373.830
-443844.020,-1172385.330,374.690
-443830.710,-1172418.360,368.190
-443836.150,-1172399.430,374.270
-443843.410,-1172373.320,374.270
-443841.260,-1172377.810,381.370
-443837.880,-1172366.970,371.090
-443827.210,-1172367.000,371.130
-443832.340,-1172337.630,370.550
-443830.430,-1172335.610,370.590
-443767.620,-1172436.900,361.820
-443749.590,-1172437.750,361.910
-443747.330,-1172437.320,361.370
-443738.420,-1172437.790,361.420
-443712.580,-1172396.340,359.800
-443712.450,-1172396.650,359.930
-443712.300,-1172397.010,359.980
-443712.560,-1172397.130,360.110
-443712.590,-1172398.860,360.550
-443712.450,-1172399.190,360.630
-443709.100,-1172399.010,360.610
-443709.900,-1172395.210,359.490
-443708.330,-1172399.000,360.620
-443707.220,-1172396.830,360.010
-443837.870,-1172307.790,356.160
-443820.590,-1172308.750,356.700
-443808.970,-1172307.580,357.430
-443792.300,-1172313.080,361.030
-443774.730,-1172314.040,361.230
-443738.940,-1172319.050,361.940
-443737.840,-1172319.180,361.980
-443736.960,-1172319.190,361.970
-443739.610,-1172296.950,359.760
-443726.690,-1172294.280,355.980
-443723.370,-1172295.640,357.210
-443722.180,-1172296.380,357.740
-443721.350,-1172293.760,357.870
-443714.250,-1172336.720,361.050
-443719.700,-1172320.500,359.040
-443720.430,-1172319.810,358.580
-443720.430,-1172316.600,358.160
-443720.010,-1172317.140,358.520
-443719.270,-1172318.010,359.020
-443716.960,-1172320.260,358.900
-443716.860,-1172318.310,358.280
-443716.720,-1172318.630,358.380
-443716.530,-1172318.350,358.390
-443716.430,-1172317.180,357.950
-443706.200,-1172337.620,361.060
-443714.240,-1172315.840,360.140
-443714.510,-1172315.840,360.080
-443717.660,-1172294.750,358.110
-443699.460,-1172316.800,360.780
-443699.340,-1172317.090,360.880
-443699.100,-1172317.680,361.100
-443699.730,-1172316.990,360.830
-443699.480,-1172317.610,361.030
-443700.090,-1172316.780,360.700
-443697.850,-1172317.450,361.170
-443697.490,-1172318.360,361.480
-443697.370,-1172318.640,361.630
-443697.250,-1172318.950,361.750
-443698.920,-1172315.980,360.510
-443698.670,-1172316.590,360.770
-443698.450,-1172317.160,360.990
-443698.080,-1172318.060,361.360
-443697.950,-1172318.390,361.490
-443698.900,-1172316.820,360.820
-443698.640,-1172317.450,361.080
-443698.520,-1172317.750,361.210
-443698.400,-1172318.040,361.330
-443698.270,-1172318.360,361.410
-443699.230,-1172316.890,360.810
-443699.110,-1172317.180,360.930
-443698.970,-1172317.510,361.070
-443697.730,-1172316.380,360.830
-443697.600,-1172316.700,360.950
-443697.480,-1172316.980,361.080
-443697.240,-1172317.590,361.330
-443697.120,-1172317.890,361.400
-443697.000,-1172318.190,361.540
-443697.670,-1172317.280,361.130
-443697.550,-1172317.580,361.240
-443697.180,-1172318.500,361.610
-443697.040,-1172318.840,361.730
-443696.920,-1172319.140,361.880
-443698.240,-1172316.480,360.860
-443696.770,-1172316.240,360.860
-443697.140,-1172316.000,360.770
-443697.020,-1172316.310,360.870
-443696.900,-1172316.610,361.060
-443697.590,-1172315.950,360.690
-443697.230,-1172316.860,361.040
-443697.110,-1172317.130,361.180
-443705.310,-1172291.500,356.810
-443703.850,-1172294.310,357.060
-443704.790,-1172291.270,356.740
-443702.920,-1172293.980,357.050
-443702.190,-1172293.770,357.060
-443700.770,-1172293.270,356.930
-443699.490,-1172294.730,358.660
-443700.540,-1172293.190,357.010
-443698.600,-1172294.330,358.600
-443819.940,-1172440.780,351.960
-443814.560,-1172435.850,350.960
-443802.950,-1172439.170,351.320
-443802.610,-1172437.610,351.090
-443802.870,-1172436.950,350.930
-443802.620,-1172435.950,350.780
-443802.510,-1172435.560,350.740
-443796.980,-1172414.510,354.180
-443797.850,-1172413.310,353.830
-443798.100,-1172413.080,353.740
-443798.360,-1172412.850,353.630
-443797.290,-1172412.760,353.580
-443798.610,-1172411.570,353.230
-443799.200,-1172410.290,352.780
-443796.120,-1172413.060,353.680
-443797.990,-1172410.890,352.960
-443798.250,-1172410.170,352.750
-443771.250,-1172411.230,349.580
-443771.280,-1172429.570,346.910
-443771.370,-1172429.990,346.990
-443771.630,-1172429.760,346.910
-443787.510,-1172417.960,349.890
-443710.130,-1172403.290,352.110
-443707.150,-1172403.420,352.340
-443803.080,-1172330.420,349.980
-443795.850,-1172291.270,354.910
-443772.910,-1172323.500,352.110
-443754.910,-1172333.340,354.930
-443751.120,-1172335.000,352.260
-443757.320,-1172328.820,353.530
-443750.580,-1172334.970,352.310
-443749.570,-1172335.300,352.570
-443748.150,-1172335.290,352.730
-443743.890,-1172338.680,353.180
-443743.530,-1172335.830,353.190
-443746.330,-1172333.040,352.890
-443746.040,-1172332.580,352.920
-443745.620,-1172332.490,352.950
-443745.860,-1172332.270,352.820
-443744.950,-1172332.460,352.980
-443744.820,-1172332.250,352.890
-443728.510,-1172293.500,355.290
-443750.470,-1172311.940,351.070
-443750.660,-1172312.040,351.120
-443719.500,-1172329.160,352.900
-443702.030,-1172290.610,353.940
-443702.390,-1172290.810,353.940
-443703.470,-1172291.060,353.900
-443846.600,-1172432.050,374.200
-443846.680,-1172427.710,374.780
-443848.050,-1172417.370,374.110
-443842.530,-1172421.420,374.260
-443839.880,-1172421.460,377.450
-443849.060,-1172410.180,374.310
-443843.370,-1172415.700,374.330
-443842.760,-1172415.160,374.200
-443836.210,-1172418.520,377.450
-443836.660,-1172417.750,374.150
-443840.940,-1172413.600,374.230
-443847.160,-1172407.040,374.890
-443847.340,-1172406.420,374.160
-443851.510,-1172400.790,374.000
-443852.120,-1172398.900,373.760
-443830.650,-1172418.280,368.210
-443850.170,-1172394.510,374.830
-443838.110,-1172399.700,374.360
-443836.540,-1172399.850,374.430
-443841.370,-1172392.520,374.720
-443848.430,-1172384.240,374.280
-443849.680,-1172382.660,373.780
-443851.010,-1172379.030,371.340
-443841.080,-1172377.850,381.420
-443840.630,-1172377.400,374.660
-443843.450,-1172373.290,374.290
-443770.130,-1172436.370,361.390
-443764.850,-1172437.110,361.780
-443828.870,-1172367.160,371.090
-443749.860,-1172437.090,361.370
-443836.720,-1172355.850,370.780
-443734.910,-1172437.840,361.360
-443836.350,-1172337.670,370.580
-443711.860,-1172400.140,360.950
-443712.530,-1172399.010,360.600
-443711.510,-1172398.990,360.620
-443712.470,-1172396.960,360.040
-443712.550,-1172397.440,360.150
-443708.800,-1172399.760,360.860
-443712.480,-1172396.410,359.870
-443708.290,-1172399.110,360.670
-443706.920,-1172399.220,360.730
-443709.380,-1172396.060,359.820
-443708.610,-1172396.430,359.930
-443820.510,-1172308.810,356.640
-443817.440,-1172309.950,357.480
-443797.260,-1172312.070,360.780
-443789.800,-1172307.300,357.330
-443769.030,-1172315.470,361.840
-443746.100,-1172316.590,361.010
-443744.740,-1172316.660,360.920
-443748.980,-1172312.780,358.740
-443766.180,-1172294.380,359.160
-443765.820,-1172294.290,359.160
-443740.480,-1172313.920,358.920
-443727.460,-1172293.990,355.670
-443726.430,-1172294.440,356.040
-443723.280,-1172295.670,357.210
-443724.860,-1172293.600,356.760
-443721.360,-1172293.640,357.850
-443718.870,-1172294.430,358.070
-443722.210,-1172291.340,357.560
-443719.760,-1172320.550,358.960
-443716.650,-1172320.520,359.060
-443716.860,-1172320.320,358.900
-443717.100,-1172320.100,358.820
-443716.660,-1172319.560,358.690
-443716.720,-1172319.090,358.530
-443716.250,-1172317.280,358.060
-443716.330,-1172315.820,357.380
-443714.320,-1172315.730,360.060
-443708.600,-1172321.960,362.140
-443707.240,-1172322.250,362.130
-443710.600,-1172316.150,360.160
-443699.990,-1172317.160,360.790
-443700.270,-1172316.910,360.740
-443698.920,-1172316.930,360.880
-443699.180,-1172316.690,360.800
-443697.380,-1172318.970,361.760
-443697.860,-1172318.520,361.520
-443698.110,-1172318.290,361.440
-443698.320,-1172318.090,361.290
-443698.600,-1172317.840,361.240
-443698.840,-1172317.610,361.110
-443699.090,-1172317.380,360.990
-443699.330,-1172317.160,360.910
-443699.300,-1172317.800,361.130
-443699.520,-1172317.590,360.990
-443699.770,-1172317.360,360.950
-443697.240,-1172318.070,361.430
-443698.500,-1172316.910,360.900
-443698.740,-1172316.690,360.770
-443697.230,-1172318.490,361.610
-443697.720,-1172318.040,361.420
-443697.150,-1172317.400,361.200
-443697.390,-1172317.170,361.100
-443698.110,-1172316.510,360.760
-443697.080,-1172317.860,361.410
-443697.300,-1172317.650,361.290
-443697.580,-1172317.400,361.230
-443698.270,-1172316.760,360.870
-443698.540,-1172316.510,360.820
-443696.670,-1172316.910,361.110
-443697.660,-1172315.990,360.710
-443697.110,-1172316.920,361.090
-443697.830,-1172316.250,360.800
-443696.850,-1172316.280,360.890
-443697.110,-1172316.030,360.810
-443696.820,-1172315.780,360.750
-443706.050,-1172296.820,358.600
-443705.140,-1172294.740,357.060
-443703.240,-1172294.110,357.030
-443706.440,-1172291.810,356.610
-443700.170,-1172294.950,358.610
-443701.280,-1172293.490,357.040
-443703.420,-1172290.760,356.740
-443700.320,-1172293.130,357.010
-443699.690,-1172292.980,357.070
-443699.230,-1172292.740,357.020
-443819.730,-1172440.540,352.050
-443802.750,-1172436.360,350.880
-443795.440,-1172411.150,352.980
-443796.330,-1172412.440,353.520
-443797.560,-1172413.930,354.080
-443798.600,-1172411.790,353.270
-443798.450,-1172412.190,353.470
-443798.030,-1172413.300,353.760
-443800.860,-1172410.040,352.890
-443799.750,-1172411.400,353.140
-443806.190,-1172403.370,348.150
-443806.230,-1172403.270,347.830
-443793.470,-1172411.280,353.160
-443793.000,-1172424.490,347.600
-443833.480,-1172392.480,346.740
-443708.010,-1172403.180,352.320
-443802.960,-1172330.440,350.010
-443727.270,-1172294.090,355.660
-443728.820,-1172293.450,355.180
-443730.040,-1172292.820,354.730
-443749.630,-1172335.180,352.530
-443750.300,-1172335.010,352.340
-443717.850,-1172329.170,353.070
-443846.890,-1172414.870,374.110
-443841.230,-1172427.520,374.900
-443851.670,-1172398.810,373.910
-443832.000,-1172367.020,371.180
-443831.220,-1172353.960,370.790
-443747.370,-1172437.240,361.380
-443744.300,-1172437.560,361.450
-443712.360,-1172399.210,360.680
-443712.260,-1172396.180,359.930
-443712.390,-1172395.820,359.810
-443709.840,-1172398.990,360.650
-443708.610,-1172399.820,360.980
-443709.470,-1172398.010,360.410
-443708.820,-1172399.780,360.830
-443708.610,-1172396.460,359.950
-443707.590,-1172397.100,360.210
-443706.910,-1172398.950,360.690
-443706.990,-1172396.670,360.080
-443749.520,-1172312.310,358.410
-443747.280,-1172315.220,360.160
-443742.020,-1172296.920,358.290
-443721.210,-1172315.940,357.790
-443724.450,-1172295.110,356.840
-443723.280,-1172295.590,357.280
-443720.400,-1172319.840,358.500
-443714.250,-1172336.700,361.050
-443720.040,-1172316.940,358.530
-443719.220,-1172318.140,359.000
-443717.450,-1172319.370,358.540
-443717.030,-1172320.540,359.020
-443716.700,-1172319.230,358.420
-443716.690,-1172318.530,358.380
-443716.350,-1172317.220,357.940
-443714.470,-1172315.920,360.030
-443714.150,-1172316.000,360.280
-443707.190,-1172322.260,362.150
-443717.020,-1172294.810,358.190
-443706.280,-1172322.210,362.240
-443699.770,-1172317.340,360.940
-443699.450,-1172316.670,360.770
-443699.300,-1172317.070,360.940
-443699.160,-1172317.450,361.080
-443698.640,-1172316.740,360.940
-443698.100,-1172318.200,361.350
-443697.940,-1172318.620,361.610
-443698.980,-1172316.920,360.880
-443698.830,-1172317.330,361.060
-443698.550,-1172318.090,361.310
-443698.390,-1172318.500,361.510
-443697.430,-1172317.740,361.190
-443697.120,-1172318.590,361.730
-443697.820,-1172317.610,361.180
-443697.660,-1172318.030,361.330
-443697.390,-1172318.780,361.640
-443705.220,-1172294.800,357.020
-443696.820,-1172317.420,361.230
-443697.710,-1172315.960,360.860
-443697.450,-1172316.670,360.940
-443703.970,-1172295.360,358.090
-443696.670,-1172316.010,360.840
-443703.530,-1172294.180,357.070
-443819.660,-1172440.600,351.980
-443802.640,-1172436.800,351.020
-443802.720,-1172436.390,350.890
-443798.050,-1172411.320,353.200
-443796.790,-1172411.940,353.340
-443798.290,-1172410.720,353.000
-443796.450,-1172413.090,353.750
-443798.540,-1172411.380,353.210
-443798.850,-1172411.130,353.120
-443799.040,-1172412.150,353.500
-443833.910,-1172393.040,346.580
-443744.240,-1172388.180,349.260
-443802.780,-1172330.560,350.240
-443808.310,-1172319.610,351.410
-443744.830,-1172332.610,353.090
-443745.670,-1172332.420,353.000
-443746.320,-1172333.110,352.950
-443841.410,-1172432.180,374.320
-443845.390,-1172421.220,374.840
-443831.830,-1172418.980,377.590
-443848.770,-1172399.100,374.320
-443848.490,-1172395.040,374.400
-443850.140,-1172388.170,375.060
-443848.510,-1172384.130,374.400
-443849.780,-1172383.090,374.830
-443754.730,-1172436.950,361.440
-443749.850,-1172437.070,361.430
-443712.430,-1172399.500,360.850
-443712.460,-1172398.980,360.720
-443710.410,-1172399.540,360.830
-443708.710,-1172399.810,360.920
-443709.840,-1172398.870,360.650
-443712.430,-1172396.300,359.920
-443707.910,-1172399.460,360.840
-443708.180,-1172399.230,360.780
-443709.340,-1172397.730,360.320
-443710.020,-1172396.640,359.990
-443839.640,-1172330.360,370.410
-443798.340,-1172310.850,360.110
-443765.030,-1172310.880,358.690
-443744.000,-1172317.850,361.400
-443721.290,-1172315.710,357.750
-443721.610,-1172315.430,357.540
-443742.170,-1172291.170,359.810
-443726.600,-1172294.440,356.090
-443722.960,-1172295.900,357.380
-443723.270,-1172295.640,357.240
-443724.320,-1172295.260,356.850
-443713.000,-1172336.440,360.950
-443715.290,-1172326.280,360.630
-443717.880,-1172319.920,358.860
-443717.240,-1172319.850,358.790
-443716.830,-1172318.270,358.270
-443714.350,-1172315.680,360.160
-443698.300,-1172318.400,361.490
-443698.600,-1172318.150,361.370
-443698.920,-1172317.870,361.230
-443699.840,-1172317.080,360.870
-443697.920,-1172317.510,361.260
-443698.240,-1172317.230,361.100
-443698.550,-1172316.960,360.930
-443698.860,-1172316.700,360.850
-443696.820,-1172318.970,361.880
-443697.140,-1172318.700,361.710
-443697.430,-1172318.450,361.600
-443697.750,-1172318.170,361.480
-443698.070,-1172317.900,361.350
-443698.660,-1172317.390,361.080
-443698.980,-1172317.110,360.960
-443699.280,-1172316.850,360.860
-443699.600,-1172316.580,360.700
-443697.150,-1172316.970,361.130
-443697.470,-1172316.690,361.030
-443697.760,-1172316.440,360.880
-443698.870,-1172316.000,360.550
-443696.980,-1172316.250,360.920
-443697.270,-1172316.000,360.800
-443700.850,-1172293.250,357.020
-443703.630,-1172290.830,356.910
