-443833.760,-1172396.030,353.890
-443834.380,-1172395.650,353.930
-443834.030,-1172398.340,353.860
-443768.980,-1172401.040,349.630
-443742.980,-1172335.750,353.150
-443826.200,-1172354.900,359.720
-443826.290,-1172354.620,362.540
-443849.900,-1172409.060,374.670
-443849.790,-1172398.240,374.730
-443849.460,-1172386.670,374.740
-443849.580,-1172386.380,375.060
-443848.910,-1172381.320,374.710
-443849.110,-1172376.240,374.690
-443851.090,-1172371.210,374.310
-443849.080,-1172375.360,374.700
-443835.430,-1172408.200,374.630
-443848.900,-1172371.050,374.710
-443834.220,-1172404.460,356.710
-443834.030,-1172397.170,365.200
-443833.880,-1172395.620,362.320
-443834.230,-1172392.640,362.280
-443833.560,-1172387.360,363.200
-443839.160,-1172364.670,371.040
-443839.120,-1172363.210,371.080
-443834.720,-1172372.240,373.900
-443838.930,-1172361.560,370.950
-443839.040,-1172361.280,371.080
-443838.810,-1172359.150,370.820
-443838.860,-1172357.950,371.030
-443838.920,-1172358.860,371.020
-443833.250,-1172372.420,356.770
-443838.910,-1172355.930,371.050
-443838.710,-1172354.380,370.820
-443838.850,-1172352.110,371.070
-443838.710,-1172350.660,371.050
-443838.750,-1172351.670,370.880
-443838.720,-1172349.940,370.920
-443838.640,-1172348.740,371.060
-443838.500,-1172347.200,370.810
-443838.600,-1172346.930,371.070
-443838.650,-1172347.970,371.020
-443838.600,-1172344.990,371.080
-443838.370,-1172343.460,370.850
-443838.500,-1172344.360,370.780
-443838.440,-1172339.320,371.080
-443838.270,-1172337.850,370.830
-443838.380,-1172337.570,371.100
-443838.280,-1172339.080,370.780
-443838.390,-1172338.800,370.980
-443838.280,-1172337.180,371.040
-443838.290,-1172336.280,370.990
-443838.280,-1172334.590,371.020
-443826.460,-1172355.030,359.710
-443736.730,-1172296.890,358.160
-443737.210,-1172295.670,358.530
-443737.330,-1172295.370,358.620
-443737.570,-1172294.790,358.850
-443737.690,-1172294.490,359.010
-443738.030,-1172293.630,359.220
-443738.040,-1172295.440,359.130
-443738.820,-1172322.830,359.950
-443739.830,-1172322.190,360.640
-443774.950,-1172292.240,359.120
-443802.130,-1172311.640,356.800
-443825.780,-1172333.820,362.610
-443838.150,-1172332.970,370.980
-443852.200,-1172412.260,349.970
-443800.980,-1172408.430,347.750
-443769.020,-1172402.340,349.810
-443765.660,-1172320.130,355.170
-443743.010,-1172337.720,352.920
-443742.990,-1172335.890,353.150
-443742.970,-1172335.460,353.120
-443826.190,-1172344.190,365.390
-443835.230,-1172338.380,370.930
-443838.240,-1172336.210,371.030
-443838.320,-1172336.630,371.030
-443838.230,-1172337.150,370.870
-443838.310,-1172338.490,371.000
-443838.410,-1172338.930,371.070
-443838.580,-1172342.470,371.100
-443838.560,-1172343.840,371.030
-443838.480,-1172344.400,370.920
-443826.240,-1172354.790,359.770
-443838.490,-1172345.340,370.900
-443838.550,-1172348.270,370.860
-443838.630,-1172350.230,370.890
-443826.680,-1172364.900,368.190
-443838.790,-1172354.620,370.990
-443838.740,-1172355.580,370.850
-443838.910,-1172358.350,371.030
-443839.050,-1172363.780,371.060
-443770.220,-1172427.950,361.700
-443849.830,-1172396.120,375.000
-443849.500,-1172390.760,374.730
-443848.960,-1172373.200,374.730
-443848.930,-1172371.840,374.860
-443737.930,-1172293.820,359.260
-443736.670,-1172296.910,358.240
-443738.650,-1172295.790,359.550
-443774.880,-1172292.170,359.080
-443802.130,-1172311.970,356.820
-443824.070,-1172308.820,355.490
-443838.160,-1172331.780,371.000
-443837.990,-1172330.900,370.860
-443838.170,-1172332.260,371.050
-443851.510,-1172412.250,349.500
-443849.660,-1172391.990,374.740
-443849.510,-1172389.210,374.270
-443849.140,-1172376.780,374.670
-443848.900,-1172372.150,374.710
-443839.010,-1172361.020,370.700
-443838.940,-1172358.420,370.730
-443838.710,-1172349.450,370.670
-443838.600,-1172345.190,370.690
-443737.140,-1172325.520,358.580
-443738.710,-1172296.110,359.460
-443738.360,-1172294.940,359.280
-443738.040,-1172295.730,359.030
-443737.020,-1172296.710,358.290
-443737.050,-1172294.490,358.430
-443851.150,-1172415.880,348.530
-443850.940,-1172414.800,348.490
-443850.800,-1172414.440,348.520
-443851.420,-1172381.580,347.330
-443850.930,-1172381.550,347.420
-443849.950,-1172408.470,374.280
-443849.700,-1172396.950,374.280
-443840.530,-1172393.000,374.650
-443849.360,-1172383.410,374.620
-443770.350,-1172429.110,361.560
-443839.000,-1172360.210,370.790
-443838.890,-1172353.900,370.930
-443838.670,-1172351.440,370.750
-443838.810,-1172350.860,370.910
-443838.760,-1172348.000,370.950
-443838.650,-1172345.980,370.930
-443838.400,-1172339.920,370.820
-443838.280,-1172339.170,370.790
-443838.300,-1172335.900,370.780
-443788.460,-1172316.180,359.980
-443737.360,-1172324.940,358.750
-443738.840,-1172322.850,359.890
-443740.210,-1172321.590,360.860
-443737.720,-1172296.100,358.830
-443736.980,-1172296.350,358.330
-443737.270,-1172295.540,358.630
-443738.060,-1172293.850,359.200
-443737.430,-1172293.860,358.750
-443852.540,-1172431.730,352.240
-443826.750,-1172437.190,351.470
-443834.050,-1172397.520,353.950
-443834.080,-1172398.370,353.920
-443833.820,-1172387.030,353.950
-443826.260,-1172354.300,351.350
-443768.980,-1172401.050,349.660
-443850.460,-1172419.680,374.220
-443850.110,-1172408.060,374.220
-443849.710,-1172399.380,374.650
-443835.500,-1172428.110,358.110
-443849.540,-1172390.000,374.720
-443841.280,-1172407.440,375.050
-443834.750,-1172414.800,369.230
-443834.620,-1172415.120,369.240
-443851.020,-1172371.530,374.430
-443834.900,-1172404.910,363.690
-443834.420,-1172404.360,356.790
-443834.300,-1172404.680,356.700
-443834.860,-1172402.760,366.470
-443834.840,-1172400.390,363.710
-443834.420,-1172397.550,362.480
-443834.180,-1172398.190,362.360
-443834.240,-1172392.890,362.520
-443834.080,-1172392.680,362.320
-443834.240,-1172390.200,365.270
-443833.820,-1172386.580,365.150
-443833.550,-1172387.280,363.210
-443839.210,-1172364.640,371.060
-443839.080,-1172364.960,371.010
-443839.120,-1172362.760,371.050
-443838.940,-1172360.570,371.040
-443839.030,-1172359.820,371.000
-443838.920,-1172358.630,370.970
-443838.970,-1172357.580,370.980
-443838.860,-1172353.650,371.070
-443838.800,-1172353.010,370.810
-443838.710,-1172349.400,370.970
-443838.600,-1172349.670,370.780
-443838.590,-1172348.720,370.800
-443838.600,-1172347.040,371.010
-443838.490,-1172347.330,370.880
-443838.480,-1172344.820,370.740
-443838.430,-1172343.450,370.910
-443838.480,-1172342.660,370.760
-443838.330,-1172341.700,370.820
-443838.350,-1172340.900,370.780
-443838.440,-1172338.840,370.850
-443838.330,-1172339.140,370.770
-443838.270,-1172337.930,370.890
-443838.410,-1172336.780,370.920
-443826.330,-1172361.640,356.960
-443826.420,-1172354.890,359.700
-443826.530,-1172354.560,356.930
-443826.500,-1172351.430,370.260
-443826.280,-1172350.660,369.890
-443770.570,-1172435.260,361.870
-443770.450,-1172429.630,361.760
-443838.030,-1172331.000,370.830
-443806.500,-1172309.870,358.390
-443738.050,-1172295.660,359.140
-443736.840,-1172296.440,358.270
-443737.330,-1172295.600,358.680
-443705.950,-1172322.210,358.570
-443835.250,-1172422.660,348.860
-443834.210,-1172398.370,353.920
-443834.350,-1172396.940,354.070
-443834.250,-1172397.540,353.950
-443833.970,-1172393.380,353.890
-443833.780,-1172387.190,353.940
-443833.740,-1172386.410,353.920
-443833.610,-1172386.060,353.930
-443826.450,-1172350.920,348.660
-443826.430,-1172354.530,348.640
-443826.750,-1172354.260,351.480
-443826.930,-1172361.330,348.650
-443826.590,-1172362.850,347.360
-443769.100,-1172402.190,349.780
-443823.540,-1172306.520,347.560
-443802.420,-1172315.320,351.040
-443765.500,-1172319.030,355.290
-443835.290,-1172424.150,358.050
-443835.470,-1172422.800,369.430
-443844.280,-1172414.650,375.260
-443850.070,-1172409.840,374.230
-443849.780,-1172392.060,374.870
-443834.850,-1172404.800,363.730
-443834.830,-1172404.820,371.860
-443849.580,-1172391.800,374.690
-443834.710,-1172403.510,366.760
-443834.630,-1172400.460,363.670
-443834.270,-1172398.730,370.790
-443834.250,-1172397.960,362.360
-443834.010,-1172396.010,362.330
-443834.430,-1172393.430,369.250
-443834.020,-1172392.950,362.300
-443834.230,-1172392.780,362.560
-443849.080,-1172375.150,374.680
-443833.850,-1172386.320,365.200
-443848.920,-1172371.080,374.710
-443833.390,-1172372.400,356.770
-443838.980,-1172364.330,370.860
-443839.060,-1172363.700,370.950
-443838.850,-1172361.480,370.710
-443839.040,-1172361.330,371.010
-443838.960,-1172358.760,371.030
-443838.960,-1172358.290,371.060
-443838.880,-1172357.900,370.960
-443838.780,-1172357.500,370.810
-443826.900,-1172365.840,362.590
-443826.690,-1172364.930,367.920
-443838.830,-1172350.970,371.070
-443838.710,-1172349.870,371.030
-443838.690,-1172349.250,371.040
-443838.740,-1172348.210,371.070
-443830.800,-1172354.700,370.870
-443838.620,-1172347.740,370.930
-443838.520,-1172347.280,370.820
-443826.510,-1172354.850,359.780
-443826.360,-1172354.570,359.530
-443838.410,-1172342.590,370.760
-443838.490,-1172342.000,370.990
-443826.160,-1172350.610,369.790
-443838.330,-1172337.750,370.980
-443838.300,-1172337.160,370.950
-443838.200,-1172336.180,370.790
-443838.220,-1172335.120,370.970
-443826.160,-1172344.190,365.370
-443838.120,-1172331.100,370.900
-443838.070,-1172331.640,370.880
-443838.100,-1172332.140,370.810
-443838.140,-1172332.970,370.790
-443802.160,-1172311.880,356.810
-443802.380,-1172311.700,357.030
-443738.490,-1172296.330,359.360
-443718.490,-1172318.110,358.840
