-443811.930,-1172317.020,350.580
-443734.340,-1172431.310,361.470
-443734.490,-1172436.750,361.290
-443843.410,-1172417.410,376.960
-443843.220,-1172416.810,376.960
-443836.320,-1172417.540,374.220
-443843.440,-1172374.140,374.240
-443835.260,-1172378.920,374.670
-443811.830,-1172317.030,350.630
-443759.860,-1172334.270,352.530
-443843.380,-1172417.350,376.980
-443770.710,-1172433.720,354.490
-443775.250,-1172312.680,351.000
-443841.390,-1172377.380,374.580
-443835.020,-1172374.590,374.670
-443839.740,-1172354.940,370.990
-443710.970,-1172398.880,350.730
-443746.750,-1172334.380,352.240
-443840.640,-1172413.870,375.020
-443844.580,-1172399.940,375.040
-443850.580,-1172392.880,374.190
-443844.600,-1172392.690,374.560
-443850.450,-1172383.830,374.470
-443835.560,-1172394.740,374.460
-443851.280,-1172372.810,373.050
-443850.060,-1172371.020,374.420
-443835.310,-1172429.410,354.290
-443844.440,-1172392.800,374.580
-443835.470,-1172389.160,374.790
-443826.470,-1172335.480,371.070
-443834.510,-1172400.560,360.180
-443834.110,-1172387.370,371.980
