-443802.590,-1172330.950,350.740
-443751.490,-1172397.130,347.110
-443699.380,-1172316.380,351.600
-443699.060,-1172316.310,351.620
-443708.340,-1172292.630,352.560
-443698.080,-1172316.170,352.720
-443707.790,-1172292.800,351.220
-443738.850,-1172292.290,360.120
-443698.020,-1172316.350,355.700
-443755.510,-1172328.950,354.190
-443755.230,-1172328.830,354.220
-443699.140,-1172316.330,351.590
-443698.570,-1172316.490,353.030
-443698.950,-1172316.140,351.590
-443697.770,-1172316.310,352.810
-443698.010,-1172316.100,352.750
-443703.320,-1172291.200,354.360
-443774.810,-1172309.620,356.360
-443759.020,-1172436.250,355.190
