-443830.390,-1172342.870,370.690
-443839.870,-1172421.140,380.970
-443844.270,-1172407.210,374.870
-443835.190,-1172418.150,373.810
-443736.760,-1172297.400,358.230
-443739.060,-1172297.460,359.920
-443780.810,-1172314.180,361.110
-443824.140,-1172308.230,355.420
-443825.020,-1172308.970,355.970
-443707.000,-1172320.100,360.610
-443710.110,-1172291.390,355.540
-443739.030,-1172297.350,359.940
-443779.830,-1172313.360,360.560
-443801.740,-1172310.360,356.630
-443802.280,-1172310.970,357.050
-443825.000,-1172309.010,356.080
-443830.600,-1172353.850,370.640
-443802.290,-1172310.780,356.820
-443845.790,-1172414.570,350.630
-443846.200,-1172414.210,351.010
-443815.010,-1172304.190,352.930
-443710.140,-1172291.460,355.390
-443849.710,-1172380.640,370.970
-443835.660,-1172355.860,370.630
-443830.530,-1172342.930,370.780
-443825.010,-1172309.030,356.020
-443807.300,-1172307.410,357.050
-443802.420,-1172311.020,357.040
-443740.950,-1172320.920,361.440
-443796.540,-1172331.040,349.710
-443739.960,-1172297.480,354.120
-443845.700,-1172427.590,374.790
-443840.230,-1172377.350,374.680
-443835.370,-1172337.990,370.820
-443739.150,-1172297.390,359.780
-443737.850,-1172297.390,358.740
-443834.340,-1172399.690,353.850
-443834.630,-1172394.610,354.190
-443711.440,-1172399.840,352.420
-443796.450,-1172330.980,349.600
-443844.290,-1172407.210,374.990
-443841.130,-1172400.110,374.780
-443802.300,-1172310.720,356.880
-443738.870,-1172297.130,359.700
-443737.270,-1172297.370,358.720
