-443795.110,-1172421.020,353.580
-443795.810,-1172419.230,353.880
-443796.640,-1172415.030,354.270
-443792.860,-1172422.160,352.800
-443834.400,-1172399.600,353.870
-443753.510,-1172396.470,347.050
-443796.650,-1172328.830,351.150
-443765.260,-1172317.740,355.140
-443850.690,-1172424.100,374.700
-443845.730,-1172407.420,374.160
-443834.890,-1172391.320,374.730
-443839.030,-1172356.990,371.080
-443735.890,-1172295.460,357.860
-443736.100,-1172297.170,357.840
-443761.080,-1172291.240,359.230
-443812.840,-1172306.570,357.600
-443701.010,-1172298.160,358.060
-443707.720,-1172329.240,360.920
-443796.650,-1172416.630,354.020
-443795.870,-1172419.240,353.890
-443796.330,-1172419.210,354.080
-443827.010,-1172436.440,351.580
-443801.120,-1172409.640,350.750
-443793.190,-1172413.060,353.100
-443825.960,-1172343.570,354.170
-443830.830,-1172360.920,370.810
-443839.270,-1172365.970,371.150
-443770.510,-1172430.570,361.840
-443849.600,-1172398.100,374.310
-443812.520,-1172307.050,357.390
-443717.980,-1172318.640,358.500
-443838.660,-1172415.680,374.210
-443850.370,-1172381.210,371.050
-443838.390,-1172342.890,370.670
-443740.880,-1172320.840,361.270
-443793.250,-1172417.430,352.980
-443796.700,-1172328.800,351.130
-443850.080,-1172382.760,371.700
-443850.050,-1172380.780,370.950
-443826.840,-1172436.680,351.590
-443795.130,-1172420.980,353.620
-443796.760,-1172418.450,354.160
-443796.700,-1172416.840,354.260
-443792.970,-1172411.330,353.050
-443793.390,-1172412.020,353.180
-443793.830,-1172419.030,353.180
-443793.460,-1172420.020,353.040
-443794.640,-1172420.220,353.420
-443826.070,-1172343.510,354.150
-443836.470,-1172431.090,373.930
-443835.280,-1172423.040,369.310
-443835.100,-1172422.940,369.260
-443834.920,-1172391.230,374.680
-443838.740,-1172358.180,370.770
-443826.790,-1172365.480,356.940
-443826.550,-1172354.560,359.700
-443825.580,-1172336.070,368.130
-443718.390,-1172317.800,358.770
-443795.510,-1172419.410,353.750
-443795.880,-1172417.320,353.930
-443794.130,-1172415.470,353.350
-443793.990,-1172420.650,353.230
-443793.830,-1172418.990,353.200
-443794.220,-1172418.220,353.370
-443835.230,-1172422.990,369.200
-443839.970,-1172413.930,374.850
-443835.680,-1172411.790,374.510
-443835.640,-1172409.940,374.600
-443835.250,-1172397.130,374.660
-443848.970,-1172378.790,374.300
-443834.110,-1172377.330,359.940
-443826.070,-1172342.890,356.910
-443826.040,-1172336.970,356.990
-443828.710,-1172307.030,357.360
-443807.490,-1172307.450,357.330
-443739.030,-1172295.300,359.820
-443701.300,-1172297.380,358.160
