-443793.650,-1172414.060,353.180
-443770.520,-1172429.390,361.820
-443825.840,-1172339.790,361.950
-443849.800,-1172401.160,374.710
-443850.040,-1172400.560,374.810
-443849.820,-1172397.010,374.720
-443851.330,-1172381.940,374.370
-443840.640,-1172400.240,374.700
-443848.940,-1172371.850,374.700
-443834.270,-1172398.570,365.160
-443838.720,-1172353.730,370.730
-443838.700,-1172342.600,371.120
-443838.560,-1172339.020,371.120
-443826.720,-1172365.350,365.340
-443736.610,-1172297.190,358.070
-443738.500,-1172296.080,359.430
-443738.910,-1172295.670,359.700
-443731.680,-1172319.610,361.720
-443741.050,-1172320.860,361.600
-443802.350,-1172311.070,357.010
-443807.950,-1172307.690,357.620
-443812.320,-1172306.820,357.230
-443838.260,-1172332.690,371.070
-443698.820,-1172299.090,356.860
-443699.170,-1172299.090,356.880
-443699.290,-1172298.790,356.990
-443699.420,-1172298.470,357.020
-443699.250,-1172299.420,357.050
-443699.370,-1172299.120,357.100
-443699.490,-1172298.830,357.110
-443700.180,-1172298.050,357.480
-443700.660,-1172296.860,357.530
-443700.390,-1172298.470,357.730
-443700.880,-1172297.270,357.750
-443700.990,-1172296.990,357.730
-443701.110,-1172296.700,357.770
-443706.780,-1172319.400,360.530
-443718.420,-1172318.330,358.770
-443718.980,-1172319.680,359.040
-443742.760,-1172333.110,353.270
-443835.180,-1172337.940,370.870
-443838.720,-1172356.540,370.820
-443839.150,-1172362.350,371.140
-443838.960,-1172363.370,370.800
-443839.120,-1172364.280,371.070
-443838.940,-1172365.280,370.830
-443839.040,-1172366.160,370.880
-443770.230,-1172426.460,361.780
-443770.340,-1172428.430,361.790
-443849.820,-1172396.980,374.790
-443849.790,-1172394.520,374.900
-443835.060,-1172395.190,374.710
-443848.960,-1172372.310,374.830
-443737.690,-1172294.010,359.130
-443736.860,-1172295.220,358.460
-443742.840,-1172291.280,359.860
-443736.420,-1172297.980,358.220
-443738.320,-1172297.430,359.500
-443738.550,-1172297.750,359.620
-443731.590,-1172319.430,361.690
-443774.790,-1172291.840,358.850
-443699.940,-1172297.160,357.060
-443700.990,-1172296.710,357.770
-443700.740,-1172296.920,357.620
-443700.490,-1172297.120,357.500
-443699.740,-1172297.750,357.100
-443699.500,-1172297.950,357.000
-443699.760,-1172298.590,357.300
-443699.520,-1172298.790,357.180
-443699.260,-1172299.010,357.050
-443699.020,-1172299.210,356.930
-443701.300,-1172296.830,358.020
-443701.050,-1172297.040,357.880
-443700.810,-1172297.240,357.740
-443700.560,-1172297.440,357.610
-443700.060,-1172297.860,357.320
-443699.810,-1172298.070,357.180
-443700.490,-1172298.360,357.830
-443700.240,-1172298.580,357.710
-443699.750,-1172298.980,357.410
-443699.510,-1172299.180,357.270
-443699.260,-1172299.380,357.160
-443701.240,-1172297.360,358.100
-443718.910,-1172319.530,359.010
-443849.770,-1172397.480,374.780
-443849.830,-1172394.480,374.720
-443849.430,-1172386.370,374.770
-443849.180,-1172378.260,374.690
-443839.120,-1172366.270,370.750
-443838.750,-1172353.860,370.720
-443774.930,-1172292.780,358.780
-443738.870,-1172295.740,359.550
-443738.690,-1172294.150,359.620
-443736.260,-1172296.410,357.890
-443718.360,-1172318.420,358.690
-443717.240,-1172317.370,358.060
-443846.370,-1172417.670,351.780
-443846.530,-1172417.530,351.410
-443846.500,-1172415.930,352.310
-443846.750,-1172415.710,352.210
-443794.760,-1172420.050,353.420
-443851.990,-1172396.540,373.940
-443851.850,-1172392.620,373.900
-443850.700,-1172377.270,369.410
-443838.680,-1172353.130,370.750
-443838.460,-1172343.010,370.680
-443838.490,-1172337.070,371.080
-443741.720,-1172319.950,361.840
-443699.100,-1172299.120,356.890
-443699.380,-1172298.850,356.980
-443700.050,-1172298.240,357.310
-443701.010,-1172297.350,357.770
-443701.310,-1172297.060,357.960
-443699.780,-1172299.000,357.340
-443700.100,-1172298.710,357.510
-443700.430,-1172298.410,357.680
-443700.740,-1172298.110,357.830
-443699.750,-1172298.000,356.990
-443700.740,-1172297.090,357.520
-443701.050,-1172296.800,357.650
-443699.920,-1172297.180,356.840
-443826.960,-1172438.220,351.540
-443826.970,-1172436.360,351.590
-443733.140,-1172408.360,349.170
-443825.840,-1172332.990,354.150
-443849.950,-1172404.780,374.210
-443836.210,-1172424.790,373.900
-443849.390,-1172383.340,374.760
-443849.170,-1172378.860,374.700
-443834.900,-1172409.680,365.430
-443834.630,-1172405.650,369.030
-443834.460,-1172399.010,365.270
-443834.190,-1172390.810,365.210
-443834.160,-1172386.310,370.860
-443838.360,-1172342.990,370.700
-443838.540,-1172338.970,371.130
-443826.990,-1172365.060,368.190
-443825.910,-1172339.770,361.950
-443770.470,-1172436.300,361.770
-443812.660,-1172307.120,357.440
-443807.880,-1172307.720,357.510
-443731.600,-1172319.490,361.610
-443738.350,-1172296.930,359.260
-443721.160,-1172291.480,356.720
-443718.070,-1172317.670,358.580
-443706.840,-1172319.810,360.560
-443701.290,-1172297.160,358.050
-443700.960,-1172296.910,357.780
-443700.120,-1172298.220,357.390
-443733.130,-1172408.330,349.200
-443776.780,-1172413.400,353.590
-443793.690,-1172414.070,353.200
-443826.410,-1172357.200,349.440
-443836.350,-1172429.430,374.130
-443838.880,-1172415.650,374.370
-443835.830,-1172415.210,373.940
-443851.930,-1172399.350,374.170
-443835.590,-1172408.430,374.530
-443834.890,-1172407.410,369.330
-443849.650,-1172388.580,374.810
-443849.400,-1172386.320,374.720
-443848.540,-1172384.430,375.360
-443849.490,-1172383.330,374.830
-443834.130,-1172390.930,365.340
-443849.160,-1172378.130,374.700
-443833.960,-1172386.630,370.900
-443770.320,-1172427.590,361.770
-443826.830,-1172365.900,356.960
-443838.640,-1172351.120,370.800
-443838.540,-1172348.370,370.770
-443838.740,-1172346.200,371.100
-443838.350,-1172344.740,370.720
-443826.550,-1172354.420,356.960
-443838.220,-1172338.470,370.760
-443802.050,-1172310.930,356.780
-443788.580,-1172315.920,360.190
-443731.600,-1172319.520,361.710
-443748.170,-1172290.840,359.110
-443738.380,-1172297.560,359.490
-443700.600,-1172298.570,357.960
-443699.140,-1172299.250,357.010
-443699.370,-1172299.060,357.130
-443699.600,-1172298.850,357.260
-443699.220,-1172298.740,356.910
-443700.910,-1172297.280,357.790
-443701.380,-1172296.870,358.050
-443700.100,-1172297.280,357.140
