-443747.890,-1172422.640,347.520
-443750.050,-1172422.600,347.530
-443750.700,-1172422.860,347.600
-443751.120,-1172422.840,347.530
-443752.240,-1172422.550,347.570
-443830.390,-1172418.240,371.020
-443843.100,-1172373.220,374.670
-443754.430,-1172328.630,354.490
-443735.020,-1172423.660,354.440
-443736.580,-1172423.340,354.260
-443735.980,-1172423.520,354.420
-443737.690,-1172423.090,350.740
-443737.620,-1172423.310,354.270
-443738.450,-1172423.360,350.800
-443739.400,-1172423.180,350.640
-443739.470,-1172423.040,354.230
-443740.730,-1172423.330,350.850
-443740.780,-1172423.240,354.350
-443741.720,-1172423.480,350.940
-443741.430,-1172423.150,354.230
-443741.320,-1172423.420,354.490
-443741.210,-1172423.700,354.650
-443742.680,-1172423.100,354.290
-443742.330,-1172423.270,354.430
-443745.100,-1172422.950,350.750
-443745.050,-1172423.120,354.410
-443746.820,-1172423.090,354.440
-443748.440,-1172422.840,354.240
-443749.990,-1172422.880,350.800
-443750.030,-1172422.820,354.300
-443749.920,-1172423.090,354.500
-443749.520,-1172422.800,350.770
-443750.930,-1172422.740,354.010
-443750.330,-1172422.840,350.820
-443753.790,-1172422.610,354.300
-443753.150,-1172422.960,354.520
-443754.140,-1172422.680,354.410
-443754.120,-1172422.760,355.100
-443755.190,-1172422.630,354.470
-443755.060,-1172422.940,354.570
-443755.730,-1172422.570,354.280
-443755.620,-1172422.840,354.500
-443755.490,-1172423.160,354.610
-443756.180,-1172422.720,350.870
-443756.250,-1172422.610,354.420
-443757.480,-1172422.400,354.180
-443756.920,-1172422.460,350.710
-443756.800,-1172422.750,350.890
-443756.910,-1172422.500,354.030
-443757.900,-1172422.460,354.080
-443765.700,-1172422.170,347.540
-443765.660,-1172422.330,354.460
-443765.510,-1172422.690,354.550
-443766.220,-1172422.030,354.080
-443766.060,-1172422.340,347.600
-443768.160,-1172422.250,347.610
-443768.170,-1172422.250,350.960
-443768.070,-1172422.550,354.500
-443769.830,-1172422.090,354.440
-443733.820,-1172398.020,347.750
-443739.900,-1172397.400,347.620
-443739.970,-1172397.970,347.910
-443740.590,-1172397.830,347.870
-443828.370,-1172303.130,352.040
-443801.120,-1172324.000,351.060
-443837.830,-1172417.950,374.630
-443845.010,-1172370.270,368.970
-443844.470,-1172370.450,373.600
-443840.350,-1172370.550,373.790
-443830.290,-1172330.490,370.210
-443746.630,-1172312.760,355.620
-443746.490,-1172313.090,355.650
-443713.330,-1172316.320,357.990
-443708.870,-1172316.900,358.080
-443706.470,-1172317.230,357.940
-443735.890,-1172423.330,353.900
-443737.500,-1172423.280,354.090
-443738.920,-1172423.560,354.500
-443739.320,-1172423.200,350.640
-443739.380,-1172423.620,354.550
-443740.910,-1172423.320,354.430
-443740.980,-1172423.550,350.930
-443741.460,-1172423.490,354.550
-443741.700,-1172423.280,354.430
-443741.850,-1172423.540,354.620
-443743.410,-1172423.050,354.000
-443745.190,-1172422.980,354.280
-443745.130,-1172423.030,350.810
-443744.780,-1172423.350,348.260
-443744.190,-1172423.350,350.900
-443746.590,-1172422.900,347.350
-443746.840,-1172423.140,354.450
-443748.150,-1172422.810,354.060
-443747.600,-1172422.860,347.480
-443749.720,-1172422.790,354.120
-443749.450,-1172423.040,347.600
-443749.910,-1172423.000,354.460
-443750.080,-1172422.840,350.830
-443750.080,-1172422.850,347.530
-443751.020,-1172422.950,354.460
-443750.850,-1172423.100,348.190
-443750.910,-1172423.050,347.580
-443751.170,-1172422.810,347.510
-443750.740,-1172422.720,354.070
-443750.740,-1172422.710,350.820
-443756.330,-1172422.840,350.940
-443756.560,-1172422.630,347.590
-443756.220,-1172422.480,354.370
-443757.060,-1172422.720,347.560
-443775.540,-1172411.000,353.250
-443764.950,-1172422.110,347.540
-443764.980,-1172422.490,351.080
-443767.530,-1172421.940,354.260
-443768.130,-1172421.870,353.920
-443767.940,-1172422.040,350.900
-443768.270,-1172422.200,350.940
-443768.530,-1172421.960,350.860
-443768.980,-1172421.900,354.100
-443768.520,-1172422.310,351.130
-443769.610,-1172422.160,354.480
-443769.910,-1172421.890,354.530
-443733.740,-1172397.940,347.640
-443733.570,-1172398.540,347.870
-443734.140,-1172398.020,347.820
-443745.140,-1172397.310,347.690
-443828.150,-1172303.170,352.040
-443749.000,-1172334.890,351.940
-443740.160,-1172313.130,351.470
-443742.310,-1172313.000,352.250
-443742.900,-1172313.330,352.400
-443843.430,-1172432.250,374.480
-443844.280,-1172399.730,374.680
-443841.640,-1172370.400,373.770
-443767.160,-1172436.720,361.770
-443766.010,-1172315.760,361.850
-443746.570,-1172312.850,355.660
-443790.370,-1172320.320,350.280
-443751.500,-1172295.990,353.720
-443838.140,-1172432.450,374.720
-443840.000,-1172377.080,374.510
-443755.820,-1172437.140,361.710
