-443755.750,-1172329.150,354.280
-443706.460,-1172292.640,354.700
-443850.800,-1172393.430,374.310
-443850.920,-1172393.110,374.030
-443740.400,-1172297.100,359.270
-443715.990,-1172316.290,357.790
-443714.820,-1172318.130,359.650
-443716.430,-1172336.250,360.710
-443754.290,-1172396.400,346.790
-443837.270,-1172302.890,352.700
-443757.750,-1172328.660,353.330
-443748.180,-1172324.150,354.860
-443706.450,-1172292.550,354.670
-443849.400,-1172370.210,374.670
-443741.600,-1172297.020,358.650
-443767.500,-1172320.420,358.130
-443714.970,-1172317.450,359.180
-443716.190,-1172319.240,358.790
-443800.070,-1172410.630,351.120
-443850.900,-1172392.950,374.140
-443741.600,-1172297.020,358.550
-443740.440,-1172296.910,359.210
-443716.490,-1172336.470,360.980
-443716.140,-1172315.670,357.520
-443715.920,-1172316.200,357.940
-443705.690,-1172294.840,356.980
-443754.420,-1172396.520,346.770
-443837.390,-1172305.620,354.640
-443837.200,-1172303.940,353.440
-443726.290,-1172314.980,352.520
-443706.440,-1172292.850,354.900
-443850.890,-1172393.470,374.340
-443851.080,-1172393.290,374.110
-443850.710,-1172393.260,374.260
-443850.910,-1172393.080,374.010
-443850.500,-1172382.810,373.750
-443815.530,-1172308.260,356.570
-443773.650,-1172318.910,357.370
-443722.300,-1172317.710,357.160
-443742.290,-1172296.900,358.210
-443742.490,-1172296.720,357.890
-443741.620,-1172296.950,358.600
-443740.630,-1172297.060,359.230
-443739.980,-1172297.210,359.690
-443740.360,-1172296.860,359.210
-443714.890,-1172319.030,360.450
-443715.990,-1172316.130,358.020
-443715.030,-1172317.470,359.230
-443705.560,-1172294.870,356.990
-443705.750,-1172294.700,356.740
-443792.790,-1172424.170,347.760
-443793.700,-1172424.030,347.620
-443844.350,-1172385.080,374.730
-443827.280,-1172366.850,370.780
-443739.810,-1172296.990,359.590
-443792.850,-1172424.190,347.730
-443784.990,-1172417.870,350.030
-443851.460,-1172386.640,374.320
-443741.690,-1172296.990,358.650
