-443825.710,-1172363.110,347.150
-443809.640,-1172315.700,353.350
-443719.140,-1172329.170,352.870
-443707.240,-1172292.370,354.390
-443707.370,-1172292.060,354.270
-443740.980,-1172438.230,361.820
-443842.710,-1172415.120,374.210
-443831.660,-1172420.630,377.780
-443830.460,-1172418.150,362.560
-443833.890,-1172387.130,363.230
-443723.520,-1172295.920,357.270
-443725.340,-1172295.060,356.530
-443720.810,-1172319.550,358.350
-443725.550,-1172319.390,358.530
-443731.430,-1172318.190,360.940
-443740.480,-1172313.890,358.870
-443741.500,-1172317.070,361.000
-443746.750,-1172315.560,360.440
-443765.010,-1172312.940,360.060
-443798.240,-1172309.800,359.370
-443798.050,-1172311.130,360.130
-443809.170,-1172307.520,357.380
-443813.630,-1172307.240,357.520
-443820.350,-1172308.740,356.730
-443841.310,-1172306.890,355.590
-443699.470,-1172292.910,357.030
-443702.080,-1172295.510,358.550
-443702.690,-1172294.020,357.080
-443704.310,-1172294.700,357.090
-443706.350,-1172291.820,356.890
-443697.030,-1172316.600,361.010
-443696.680,-1172316.680,361.050
-443697.950,-1172316.160,360.590
-443698.070,-1172315.860,360.460
-443697.350,-1172316.710,361.000
-443697.820,-1172315.550,360.450
-443698.240,-1172316.480,360.770
-443699.150,-1172316.100,360.440
-443699.790,-1172316.780,360.600
-443717.160,-1172291.270,356.020
-443711.020,-1172326.910,361.100
-443716.220,-1172315.730,357.460
-443798.340,-1172409.990,352.690
-443771.230,-1172411.130,349.680
-443770.930,-1172425.200,353.900
-443728.760,-1172293.310,355.210
-443729.240,-1172293.300,355.150
-443750.380,-1172334.880,352.290
-443749.800,-1172334.820,352.400
-443743.920,-1172335.910,353.340
-443720.670,-1172328.920,352.730
-443718.520,-1172328.910,352.770
-443830.770,-1172335.750,370.790
-443833.070,-1172366.990,371.120
-443838.320,-1172366.780,371.110
-443763.390,-1172436.600,361.430
-443831.690,-1172420.640,377.800
-443846.420,-1172406.340,374.270
-443842.100,-1172399.650,374.470
-443841.210,-1172399.530,374.420
-443722.320,-1172296.350,357.640
-443725.920,-1172294.720,356.300
-443727.240,-1172294.110,355.830
-443726.990,-1172294.320,355.970
-443720.900,-1172316.190,358.000
-443726.290,-1172318.700,358.180
-443726.040,-1172318.920,358.320
-443725.810,-1172319.100,358.470
-443730.560,-1172316.290,359.680
-443731.380,-1172318.140,360.960
-443731.130,-1172318.360,361.090
-443732.080,-1172318.480,361.220
-443769.950,-1172293.650,358.870
-443740.470,-1172318.870,362.150
-443748.950,-1172312.820,358.820
-443748.700,-1172313.030,358.950
-443747.360,-1172314.890,360.060
-443746.710,-1172315.850,360.550
-443764.820,-1172313.010,360.120
-443765.180,-1172314.530,361.070
-443775.490,-1172313.130,360.770
-443775.250,-1172313.330,360.940
-443789.480,-1172312.290,360.470
-443789.530,-1172312.630,360.750
-443797.670,-1172311.600,360.520
-443797.430,-1172311.810,360.680
-443813.450,-1172307.240,357.530
-443820.090,-1172308.750,356.800
-443836.920,-1172305.540,357.110
-443838.010,-1172307.860,356.260
-443841.250,-1172306.810,355.680
-443700.100,-1172293.120,357.130
-443700.400,-1172293.270,357.110
-443700.870,-1172293.360,357.090
-443699.420,-1172294.560,358.630
-443705.310,-1172291.420,356.840
-443702.360,-1172293.870,357.100
-443702.740,-1172293.970,357.070
-443706.360,-1172291.830,356.850
-443703.400,-1172294.290,357.150
-443718.280,-1172291.170,356.090
-443697.030,-1172315.800,360.750
-443698.750,-1172315.980,360.490
-443698.260,-1172316.390,360.790
-443698.200,-1172315.850,360.520
-443699.860,-1172316.430,360.490
-443700.730,-1172316.650,360.500
-443716.210,-1172315.900,357.510
-443716.320,-1172317.210,357.990
-443719.440,-1172317.680,358.860
-443716.730,-1172320.820,359.110
-443720.000,-1172320.450,358.950
-443706.180,-1172337.470,361.140
-443713.660,-1172336.590,361.110
-443715.020,-1172336.290,360.850
-443795.990,-1172413.480,353.790
-443750.250,-1172334.840,352.320
-443754.440,-1172329.180,355.060
-443757.280,-1172328.800,353.530
-443718.470,-1172329.210,352.950
-443707.380,-1172292.450,354.380
-443705.440,-1172291.820,354.010
-443702.630,-1172290.870,353.960
-443830.250,-1172418.270,362.530
-443830.330,-1172335.880,370.730
-443817.410,-1172309.870,357.420
-443813.500,-1172307.230,357.550
-443813.530,-1172305.980,357.230
-443798.270,-1172309.730,359.330
-443764.980,-1172313.080,360.060
-443747.970,-1172313.950,359.340
-443747.750,-1172314.500,359.700
-443740.440,-1172313.880,358.800
-443738.720,-1172318.060,361.310
-443734.910,-1172317.970,361.000
-443731.430,-1172318.030,360.780
-443731.320,-1172318.280,360.920
-443726.610,-1172318.330,357.830
-443721.590,-1172318.830,357.850
-443723.580,-1172295.890,357.220
-443716.370,-1172336.770,361.090
-443720.320,-1172316.870,358.350
-443719.070,-1172317.920,358.870
-443716.720,-1172320.030,358.880
-443718.360,-1172291.250,356.000
-443712.910,-1172292.950,356.700
-443699.570,-1172316.510,360.670
-443699.140,-1172316.230,360.570
-443697.840,-1172316.090,360.720
-443698.280,-1172315.790,360.490
-443698.160,-1172316.070,360.680
-443704.810,-1172296.310,358.480
-443697.120,-1172315.370,360.440
-443705.070,-1172296.380,358.490
-443703.500,-1172295.990,358.590
-443701.260,-1172295.170,358.490
-443699.190,-1172292.840,357.110
-443697.280,-1172292.050,359.080
-443800.940,-1172410.000,352.720
-443798.460,-1172409.990,352.530
-443785.220,-1172417.940,349.860
-443841.880,-1172305.940,355.030
-443826.510,-1172304.650,353.000
-443807.770,-1172305.560,352.550
-443786.710,-1172307.920,354.580
-443746.650,-1172338.550,352.990
-443729.060,-1172293.390,355.160
-443728.270,-1172293.730,355.450
-443839.270,-1172415.080,374.270
-443839.190,-1172414.930,374.140
-443830.300,-1172418.220,362.470
-443851.290,-1172393.110,373.840
-443841.110,-1172399.640,374.410
-443836.110,-1172381.450,374.300
-443763.390,-1172436.660,361.410
-443837.500,-1172305.070,356.770
-443815.000,-1172308.310,358.370
-443798.150,-1172309.760,359.380
-443774.290,-1172314.520,361.560
-443774.760,-1172314.090,361.320
-443772.030,-1172293.670,359.050
-443746.330,-1172316.370,360.860
-443746.870,-1172315.490,360.330
-443747.130,-1172315.250,360.210
-443747.860,-1172314.320,359.640
-443748.100,-1172314.100,359.500
-443749.210,-1172312.570,358.600
-443749.580,-1172311.760,358.150
-443739.000,-1172318.880,361.890
-443738.590,-1172318.130,361.390
-443736.360,-1172318.450,361.490
-443733.550,-1172314.810,358.850
-443720.920,-1172319.480,358.270
-443721.140,-1172319.280,358.130
-443721.460,-1172315.520,357.580
-443725.200,-1172294.970,356.510
-443724.200,-1172295.410,356.860
-443723.030,-1172295.900,357.320
-443721.120,-1172291.920,356.690
-443718.420,-1172291.340,356.030
-443714.940,-1172336.280,360.800
-443720.230,-1172320.110,358.640
-443720.450,-1172319.910,358.530
-443713.850,-1172315.600,360.020
-443697.960,-1172317.820,361.310
-443698.420,-1172317.390,361.070
-443699.420,-1172316.470,360.670
-443699.580,-1172316.930,360.800
-443699.810,-1172316.720,360.670
-443696.980,-1172318.720,361.740
-443697.630,-1172316.950,360.990
-443697.800,-1172317.190,361.080
-443696.930,-1172316.660,361.020
-443697.170,-1172316.450,360.900
-443697.900,-1172315.770,360.540
-443697.350,-1172316.690,360.980
-443698.060,-1172316.030,360.690
-443698.250,-1172315.860,360.460
-443697.550,-1172315.630,360.470
-443712.910,-1172292.940,356.720
-443705.150,-1172296.600,358.600
-443704.070,-1172294.510,357.110
-443703.170,-1172295.870,358.560
-443701.830,-1172295.410,358.560
-443702.390,-1172295.570,358.500
-443701.620,-1172293.610,357.070
-443698.620,-1172294.300,358.590
-443698.780,-1172292.680,357.050
-443798.560,-1172411.270,353.210
-443733.950,-1172422.740,353.810
-443728.120,-1172293.780,355.410
-443749.620,-1172334.670,352.560
-443831.040,-1172342.850,370.520
-443813.580,-1172307.190,357.600
-443797.490,-1172311.760,360.520
-443774.770,-1172313.920,361.240
-443774.290,-1172314.750,361.900
-443766.130,-1172294.380,359.130
-443721.690,-1172318.770,357.770
-443726.970,-1172294.350,355.900
-443724.330,-1172295.420,356.790
-443723.550,-1172295.930,357.210
-443713.400,-1172295.060,358.130
-443699.690,-1172316.650,360.670
-443706.380,-1172295.890,359.100
-443696.980,-1172318.980,361.850
-443697.100,-1172316.660,360.980
-443696.800,-1172315.650,360.730
-443795.170,-1172411.960,353.310
-443798.500,-1172410.150,352.780
-443800.980,-1172409.880,352.820
-443798.860,-1172324.060,351.000
-443728.170,-1172293.730,355.510
-443749.580,-1172335.170,352.620
-443749.910,-1172334.890,352.390
-443719.760,-1172329.060,352.890
-443718.560,-1172329.190,353.000
-443831.890,-1172419.250,377.830
-443841.280,-1172306.660,355.580
-443815.240,-1172308.150,358.310
-443813.330,-1172306.240,357.570
-443775.430,-1172313.030,360.830
-443768.390,-1172315.390,361.690
-443746.770,-1172315.500,360.390
-443747.120,-1172315.200,360.200
-443748.110,-1172313.780,359.410
-443749.700,-1172311.870,358.270
-443733.640,-1172314.650,358.860
-443720.970,-1172315.990,357.920
-443725.570,-1172294.890,356.450
-443723.650,-1172295.840,357.280
-443724.010,-1172295.530,357.020
-443720.170,-1172320.190,358.760
-443720.520,-1172319.890,358.580
-443715.010,-1172319.240,360.580
-443700.820,-1172316.650,360.610
-443698.080,-1172316.170,360.770
-443697.650,-1172317.060,361.090
-443696.880,-1172315.750,360.760
-443702.170,-1172295.480,358.590
-443699.890,-1172293.040,357.050
-443699.530,-1172292.890,357.050
-443698.380,-1172292.210,359.240
