-443800.540,-1172409.190,350.290
-443800.320,-1172409.060,350.550
-443800.430,-1172408.780,350.380
-443800.150,-1172406.110,350.490
-443770.260,-1172424.410,354.050
-443784.870,-1172418.380,350.250
-443795.330,-1172378.900,351.660
-443797.210,-1172382.690,350.810
-443797.930,-1172381.770,350.480
-443799.100,-1172400.990,350.740
-443799.560,-1172399.810,350.470
-443799.080,-1172395.210,350.520
-443799.190,-1172394.920,350.410
-443797.210,-1172394.780,351.450
-443798.400,-1172387.490,350.320
-443841.730,-1172307.060,355.270
-443833.820,-1172318.470,349.920
-443833.940,-1172318.170,349.920
-443795.360,-1172290.850,355.030
-443758.590,-1172330.840,353.110
-443734.180,-1172428.160,361.590
-443734.370,-1172430.180,361.490
-443826.400,-1172340.980,371.040
-443826.510,-1172344.450,370.740
-443826.810,-1172351.120,370.750
-443826.800,-1172353.240,370.970
-443826.910,-1172352.940,370.820
-443850.730,-1172398.790,374.580
-443850.700,-1172396.850,374.440
-443850.240,-1172390.380,374.870
-443850.600,-1172389.460,374.620
-443850.660,-1172381.890,373.810
-443851.610,-1172379.500,372.930
-443851.720,-1172379.200,372.910
-443851.370,-1172379.260,372.920
-443849.290,-1172382.270,373.750
-443850.430,-1172378.380,373.780
-443844.380,-1172392.840,374.720
-443849.600,-1172379.560,374.600
-443850.550,-1172377.160,373.760
-443836.020,-1172410.620,374.190
-443850.050,-1172373.860,374.670
-443850.630,-1172372.380,373.690
-443835.430,-1172397.410,374.360
-443835.550,-1172397.100,374.350
-443835.510,-1172391.340,374.320
-443835.350,-1172388.580,374.350
-443835.280,-1172386.180,374.340
-443834.870,-1172371.200,374.380
-443827.200,-1172365.400,370.810
-443827.080,-1172364.820,371.040
-443827.080,-1172363.120,370.880
-443827.200,-1172362.810,370.750
-443826.940,-1172359.690,370.870
-443827.050,-1172359.400,370.760
-443726.180,-1172319.630,358.170
-443739.250,-1172292.440,359.570
-443739.350,-1172293.960,359.570
-443739.600,-1172293.340,359.360
-443739.720,-1172293.050,359.300
-443739.590,-1172295.310,359.520
-443739.700,-1172295.030,359.440
-443739.950,-1172294.420,359.230
-443740.070,-1172294.130,359.190
-443740.180,-1172293.830,359.030
-443740.300,-1172293.550,358.980
-443740.430,-1172293.230,358.860
-443739.800,-1172296.690,359.500
-443739.930,-1172296.370,359.420
-443740.050,-1172296.060,359.290
-443740.540,-1172294.840,358.860
-443740.650,-1172294.570,358.790
-443740.780,-1172294.250,358.700
-443740.900,-1172293.950,358.550
-443741.350,-1172296.490,358.520
-443741.470,-1172296.190,358.400
-443742.460,-1172295.310,357.780
-443775.630,-1172315.310,360.860
-443775.750,-1172315.000,360.660
-443798.530,-1172312.880,360.060
-443815.460,-1172308.940,358.240
-443815.590,-1172308.620,358.110
-443820.230,-1172310.160,356.910
-443826.250,-1172331.460,370.840
-443826.330,-1172333.420,370.740
-443802.510,-1172437.930,351.290
-443800.310,-1172408.990,350.510
-443800.320,-1172409.430,350.480
-443797.830,-1172404.540,351.650
-443770.280,-1172423.030,354.110
-443797.860,-1172383.250,350.460
-443798.150,-1172384.570,350.340
-443798.380,-1172387.270,350.440
-443799.100,-1172394.920,350.440
-443799.150,-1172395.280,350.370
-443798.250,-1172398.920,351.130
-443799.700,-1172401.940,350.450
-443798.570,-1172402.430,351.100
-443841.720,-1172307.230,355.350
-443841.850,-1172307.600,355.280
-443759.870,-1172335.310,352.670
-443758.620,-1172330.900,353.050
-443826.390,-1172339.460,370.910
-443826.370,-1172340.760,370.960
-443826.550,-1172341.640,370.770
-443826.420,-1172342.670,370.960
-443826.670,-1172346.520,370.750
-443826.640,-1172347.830,370.840
-443826.810,-1172351.060,370.740
-443838.990,-1172341.090,370.480
-443734.440,-1172431.310,361.470
-443734.460,-1172432.200,361.430
-443826.830,-1172353.280,370.800
-443826.920,-1172353.720,370.740
-443826.850,-1172354.270,370.870
-443826.870,-1172356.360,370.900
-443827.140,-1172365.420,370.950
-443834.910,-1172378.550,374.670
-443850.410,-1172399.580,374.730
-443850.540,-1172399.870,374.570
-443850.600,-1172398.010,374.590
-443850.580,-1172396.770,374.430
-443850.840,-1172391.800,373.770
-443850.900,-1172391.330,373.840
-443850.230,-1172383.750,374.680
-443835.730,-1172396.030,374.330
-443850.540,-1172377.350,373.770
-443850.020,-1172374.160,374.600
-443850.610,-1172372.870,373.600
-443849.890,-1172373.480,374.720
-443849.700,-1172373.050,374.810
-443850.600,-1172371.300,373.860
-443849.720,-1172371.670,374.750
-443739.080,-1172292.370,359.770
-443739.160,-1172292.790,359.600
-443739.810,-1172293.200,359.170
-443740.340,-1172293.850,358.930
-443740.100,-1172294.040,359.110
-443740.830,-1172293.970,358.620
-443739.870,-1172294.770,359.320
-443741.580,-1172294.270,358.130
-443742.060,-1172296.150,358.010
-443726.100,-1172320.020,358.310
-443741.330,-1172323.010,357.760
-443748.780,-1172318.320,359.380
-443775.760,-1172314.350,360.620
-443775.270,-1172314.760,360.960
-443775.040,-1172314.960,361.130
-443775.840,-1172315.300,360.660
-443775.580,-1172315.520,360.800
-443793.920,-1172318.520,357.990
-443815.350,-1172308.670,358.260
-443826.140,-1172332.640,371.040
-443826.390,-1172334.270,370.740
-443826.270,-1172333.860,370.930
-443802.620,-1172437.920,351.500
-443827.540,-1172436.550,344.600
-443777.160,-1172411.730,353.110
-443785.110,-1172418.940,350.190
-443797.330,-1172382.720,350.810
-443796.410,-1172387.350,351.630
-443798.670,-1172397.970,350.900
-443798.430,-1172398.590,351.140
-443798.300,-1172398.930,351.180
-443798.180,-1172399.220,351.290
-443797.790,-1172400.230,351.530
-443798.620,-1172402.350,351.230
-443839.930,-1172340.210,351.530
-443840.190,-1172339.560,354.280
-443840.000,-1172341.280,348.750
-443840.280,-1172346.590,351.570
-443840.040,-1172347.260,354.400
-443840.460,-1172347.600,351.530
-443840.460,-1172347.610,354.300
-443840.530,-1172352.590,348.660
-443840.550,-1172352.580,351.540
-443840.760,-1172360.630,351.510
-443841.040,-1172359.930,354.270
-443840.520,-1172364.890,354.440
-443840.860,-1172365.650,354.340
-443840.810,-1172365.690,348.730
-443820.960,-1172314.110,350.480
-443802.120,-1172329.450,351.240
-443802.010,-1172329.730,351.410
-443760.130,-1172335.760,352.580
-443851.850,-1172423.720,360.900
-443850.870,-1172398.920,374.410
-443850.980,-1172391.330,373.810
-443850.090,-1172387.640,374.770
-443845.040,-1172400.150,374.670
-443851.280,-1172379.730,355.320
-443850.590,-1172377.130,373.660
-443850.130,-1172374.100,374.600
-443850.220,-1172371.300,374.400
-443849.670,-1172371.640,374.930
-443835.960,-1172405.620,374.700
-443840.960,-1172365.530,368.350
-443840.570,-1172363.430,362.710
-443841.050,-1172359.920,357.030
-443840.730,-1172357.810,365.490
-443840.780,-1172354.890,359.860
-443840.800,-1172353.480,368.330
-443840.400,-1172354.510,365.580
-443840.470,-1172352.930,365.530
-443840.220,-1172353.610,365.560
-443839.620,-1172352.960,371.020
-443840.220,-1172349.930,365.620
-443840.100,-1172350.250,365.610
-443840.360,-1172349.580,368.380
-443840.460,-1172350.580,357.110
-443840.490,-1172350.570,362.680
-443840.800,-1172349.820,368.340
-443840.530,-1172350.530,368.330
-443840.620,-1172347.300,362.670
-443840.310,-1172349.660,362.740
-443839.930,-1172347.640,362.760
-443839.970,-1172347.590,368.440
-443840.310,-1172346.590,357.160
-443840.050,-1172347.260,357.200
-443840.450,-1172340.320,368.290
-443840.200,-1172339.560,357.090
-443840.220,-1172339.570,362.660
-443840.170,-1172336.360,359.860
-443840.060,-1172336.740,368.320
-443839.940,-1172335.350,368.360
-443839.690,-1172336.020,368.390
-443827.130,-1172364.040,371.070
-443827.230,-1172362.640,371.030
-443827.110,-1172362.950,371.090
-443827.140,-1172361.730,371.050
-443827.020,-1172362.060,371.060
-443827.140,-1172360.330,371.040
-443826.960,-1172359.250,371.110
-443826.980,-1172357.830,371.090
-443826.830,-1172352.960,371.070
-443826.980,-1172353.650,370.930
-443826.870,-1172353.950,371.060
-443827.000,-1172351.450,370.860
-443826.700,-1172342.430,370.870
-443826.580,-1172340.020,371.000
-443826.490,-1172341.710,371.080
-443734.550,-1172432.930,361.740
-443734.520,-1172430.900,361.700
-443839.700,-1172332.580,359.940
-443839.570,-1172332.940,362.750
-443839.530,-1172331.540,357.130
-443826.320,-1172334.520,371.100
-443826.220,-1172332.100,371.100
-443798.050,-1172311.680,360.330
-443775.520,-1172314.310,360.930
-443775.270,-1172314.900,361.140
-443741.520,-1172296.320,358.500
-443740.970,-1172293.660,358.610
-443740.450,-1172293.260,358.870
-443740.330,-1172293.570,358.990
-443740.210,-1172293.840,359.130
-443740.080,-1172294.160,359.220
-443739.820,-1172294.790,359.420
-443739.710,-1172295.080,359.550
-443739.950,-1172293.100,359.240
-443739.370,-1172292.490,359.550
-443722.250,-1172317.220,357.440
-443716.430,-1172333.480,360.680
-443852.290,-1172431.180,351.010
-443852.010,-1172423.010,350.940
-443852.050,-1172422.730,350.940
-443851.080,-1172405.360,355.170
-443802.590,-1172437.950,351.270
-443801.230,-1172410.700,352.490
-443800.410,-1172409.200,350.450
-443800.190,-1172406.210,350.340
-443800.220,-1172405.820,350.300
-443777.130,-1172412.510,352.920
-443770.420,-1172422.300,354.100
-443770.530,-1172423.070,353.940
-443777.620,-1172420.930,352.850
-443785.040,-1172419.460,350.060
-443770.550,-1172432.820,350.920
-443770.910,-1172434.700,350.840
-443850.970,-1172379.510,355.340
-443851.310,-1172379.660,355.400
-443850.830,-1172379.190,355.340
-443850.470,-1172372.510,347.380
-443850.380,-1172370.730,347.350
-443839.660,-1172336.000,348.900
-443839.820,-1172336.880,354.320
-443839.850,-1172338.600,348.730
-443839.870,-1172339.060,348.720
-443839.890,-1172339.920,351.530
-443840.090,-1172341.150,351.470
-443839.640,-1172341.940,354.430
-443839.870,-1172342.690,354.370
-443839.880,-1172343.040,348.750
-443797.730,-1172382.030,350.560
-443797.920,-1172381.850,350.300
-443797.160,-1172383.060,350.930
-443797.880,-1172383.160,350.490
-443798.090,-1172382.970,350.300
-443839.900,-1172346.180,354.410
-443839.880,-1172346.190,348.810
-443796.070,-1172386.110,351.690
-443840.190,-1172346.300,354.320
-443839.940,-1172346.520,348.770
-443840.190,-1172346.300,348.680
-443798.120,-1172384.660,350.420
-443839.780,-1172347.550,348.850
-443839.970,-1172347.920,354.370
-443840.210,-1172347.690,354.300
-443839.990,-1172349.230,348.790
-443796.490,-1172389.010,351.640
-443798.380,-1172387.310,350.480
-443797.770,-1172388.850,350.890
-443798.740,-1172389.580,350.340
-443840.270,-1172352.650,351.700
-443840.430,-1172352.500,348.610
-443840.230,-1172354.680,348.730
-443797.240,-1172394.810,351.460
-443799.000,-1172395.210,350.590
-443799.220,-1172395.010,350.320
-443798.350,-1172398.520,351.090
-443798.240,-1172398.960,351.160
-443799.390,-1172397.930,350.370
-443840.440,-1172360.630,348.740
-443840.390,-1172361.040,354.410
-443840.480,-1172361.910,351.540
-443840.460,-1172361.930,348.750
-443799.670,-1172400.100,350.150
-443797.690,-1172402.400,351.610
-443799.100,-1172401.130,350.780
-443840.460,-1172364.770,348.800
-443840.680,-1172364.930,354.320
-443799.690,-1172401.790,350.500
-443840.460,-1172365.660,354.460
-443840.850,-1172365.730,348.550
-443710.900,-1172397.400,354.060
-443839.610,-1172332.940,348.710
-443841.800,-1172307.700,355.370
-443841.730,-1172307.260,355.420
-443821.050,-1172314.090,350.450
-443760.220,-1172335.500,352.390
-443759.880,-1172334.960,352.630
-443758.860,-1172331.740,352.900
-443758.770,-1172330.940,352.820
-443758.670,-1172330.630,352.940
-443726.510,-1172319.370,354.870
-443727.080,-1172324.390,353.030
-443851.860,-1172427.010,355.720
-443851.790,-1172424.890,361.410
-443851.800,-1172424.880,358.090
-443851.360,-1172413.630,372.110
-443851.180,-1172406.810,355.450
-443851.080,-1172404.630,355.440
-443850.950,-1172399.050,374.510
-443850.620,-1172398.870,374.690
-443851.190,-1172398.010,374.090
-443851.020,-1172396.560,374.270
-443850.440,-1172395.500,374.650
-443850.110,-1172392.470,374.790
-443850.910,-1172391.760,373.760
-443850.160,-1172390.770,374.710
-443850.760,-1172384.150,374.050
-443850.310,-1172383.520,374.670
-443850.870,-1172380.050,367.330
-443849.600,-1172381.640,374.090
-443851.190,-1172378.870,367.390
-443850.820,-1172378.690,367.360
-443850.630,-1172379.370,373.650
-443849.600,-1172379.470,374.710
-443849.800,-1172379.300,374.460
-443850.420,-1172378.740,373.850
-443849.630,-1172379.120,374.690
-443850.460,-1172378.380,373.810
-443835.510,-1172391.330,374.360
-443850.190,-1172378.220,373.990
-443851.390,-1172377.150,373.410
-443850.660,-1172377.310,373.740
-443850.530,-1172377.100,373.960
-443849.690,-1172375.260,374.780
-443841.930,-1172382.720,377.180
-443770.950,-1172432.470,360.890
-443840.750,-1172364.500,362.620
-443840.230,-1172361.600,368.420
-443840.480,-1172361.380,368.370
-443840.490,-1172360.100,357.260
-443840.430,-1172359.690,357.140
-443840.480,-1172357.510,359.910
-443840.190,-1172356.480,368.420
-443840.170,-1172354.320,368.400
-443827.080,-1172366.110,371.080
-443840.270,-1172353.810,365.560
-443840.050,-1172353.420,368.440
-443827.230,-1172364.980,370.900
-443840.300,-1172352.630,368.370
-443840.270,-1172350.530,359.900
-443840.250,-1172350.550,357.100
-443840.120,-1172350.140,365.580
-443840.330,-1172349.940,362.680
-443840.190,-1172349.600,362.710
-443840.220,-1172349.580,368.350
-443839.940,-1172349.830,362.790
-443840.040,-1172349.190,359.980
-443840.040,-1172349.180,357.210
-443840.260,-1172347.650,368.340
-443840.240,-1172347.670,357.100
-443840.000,-1172347.350,357.150
-443839.980,-1172346.500,368.390
-443839.920,-1172346.170,365.610
-443826.900,-1172357.420,371.060
-443826.900,-1172356.980,371.060
-443839.910,-1172343.950,362.790
-443839.910,-1172343.950,357.160
-443826.860,-1172355.250,371.040
-443839.900,-1172343.030,359.950
-443826.900,-1172354.410,370.970
-443839.880,-1172341.730,362.760
-443826.880,-1172351.680,370.800
-443840.160,-1172339.220,370.030
-443826.730,-1172351.350,371.030
-443826.790,-1172349.930,370.870
-443839.520,-1172336.650,362.770
-443839.780,-1172336.410,362.710
-443839.790,-1172336.410,359.910
-443839.860,-1172335.830,362.700
-443826.590,-1172348.340,371.040
-443826.670,-1172347.760,370.970
-443839.810,-1172335.480,368.340
-443839.580,-1172335.690,362.760
-443734.280,-1172430.380,361.790
-443734.190,-1172428.320,361.740
-443826.470,-1172343.490,371.050
-443826.610,-1172342.260,370.860
-443826.210,-1172335.120,371.080
-443826.390,-1172334.960,370.850
-443839.590,-1172332.960,362.740
-443839.750,-1172333.330,357.100
-443839.670,-1172331.540,357.110
-443839.650,-1172331.170,368.330
-443826.190,-1172331.440,371.050
-443820.490,-1172309.770,356.700
-443798.750,-1172313.260,359.890
-443775.670,-1172315.530,360.790
-443775.790,-1172315.020,360.660
-443775.330,-1172314.720,361.000
-443775.780,-1172314.310,360.610
-443775.100,-1172314.600,361.130
-443775.300,-1172314.410,360.950
-443775.520,-1172314.210,360.790
-443749.170,-1172318.670,359.200
-443749.680,-1172314.140,358.500
-443726.670,-1172320.150,358.020
-443726.180,-1172319.670,358.300
-443742.110,-1172296.120,358.020
-443742.560,-1172295.700,357.710
-443741.510,-1172296.250,358.430
-443740.160,-1172296.540,359.260
-443740.530,-1172294.910,358.930
-443740.970,-1172293.940,358.560
-443741.190,-1172293.740,358.400
-443740.090,-1172294.380,359.170
-443740.420,-1172293.190,358.860
-443739.640,-1172293.350,359.380
-443739.860,-1172293.150,359.210
-443739.250,-1172292.740,359.640
-443739.100,-1172292.320,359.780
-443723.050,-1172291.570,357.160
-443716.460,-1172333.730,360.410
-443799.940,-1172406.200,350.620
-443798.390,-1172387.200,350.500
-443799.130,-1172394.980,350.410
-443799.740,-1172401.960,350.330
-443755.530,-1172329.410,354.540
-443851.070,-1172398.360,374.140
-443850.910,-1172398.790,374.410
-443850.760,-1172399.190,374.510
-443850.450,-1172399.980,374.830
-443850.340,-1172371.180,374.260
-443835.000,-1172405.580,369.020
-443834.330,-1172394.960,359.780
-443835.350,-1172387.880,374.350
-443834.500,-1172389.560,369.280
-443835.330,-1172385.950,374.330
-443840.090,-1172339.060,370.390
-443827.240,-1172366.180,371.030
-443827.090,-1172361.630,371.070
-443827.040,-1172359.250,371.150
-443826.660,-1172349.660,371.050
-443734.320,-1172430.600,361.820
-443826.210,-1172332.210,370.730
-443819.670,-1172309.970,357.320
-443793.940,-1172318.690,358.080
-443775.320,-1172314.630,360.830
-443775.160,-1172315.050,361.050
-443741.480,-1172296.080,358.420
-443740.960,-1172293.830,358.680
-443740.670,-1172294.630,358.850
-443739.750,-1172293.110,359.240
-443836.010,-1172426.260,351.480
-443835.270,-1172411.650,354.230
-443798.820,-1172406.590,351.250
-443800.360,-1172409.040,350.540
-443795.260,-1172378.890,351.740
-443798.060,-1172384.930,350.500
-443798.040,-1172387.820,350.680
-443797.500,-1172395.920,351.440
-443798.370,-1172398.990,351.100
-443799.360,-1172398.190,350.510
-443799.130,-1172401.070,350.820
-443799.730,-1172401.820,350.490
-443750.430,-1172337.460,352.580
-443851.060,-1172398.600,374.540
-443851.810,-1172392.630,374.520
-443835.020,-1172401.570,359.810
-443834.910,-1172401.140,359.770
-443835.200,-1172400.910,359.830
-443851.480,-1172387.070,374.420
-443851.380,-1172380.890,371.440
-443834.160,-1172394.990,359.820
-443850.090,-1172379.500,374.350
-443851.300,-1172375.400,373.440
-443834.450,-1172387.600,362.680
-443850.670,-1172371.250,373.790
-443827.250,-1172365.530,370.820
-443827.190,-1172364.860,370.890
-443827.090,-1172359.370,370.830
-443826.850,-1172354.560,370.830
-443826.930,-1172353.540,370.780
-443826.810,-1172351.040,370.770
-443826.590,-1172346.750,370.930
-443826.580,-1172344.670,370.840
-443826.560,-1172344.260,370.810
-443826.300,-1172331.720,370.840
-443798.040,-1172311.720,360.270
-443775.720,-1172315.140,360.750
-443740.080,-1172296.090,359.310
-443740.400,-1172295.280,358.990
-443721.750,-1172294.870,357.900
